# Prediction results for GO term: GO:0002293
# Model used: Logistic Regression with L1 Penalty
# ROC AUC Score: 0.28125
# Tissues used:
Brain - Cerebellar Hemisphere
# Number of folds used for cross-validation: 5
# Range of cost parameters:
0.0001	0.000263665089873	0.000695192796178	0.00183298071083	0.00483293023857	0.012742749857	0.0335981828628	0.088586679041	0.233572146909	0.615848211066	1.62377673919	4.28133239872	11.2883789168	29.7635144163	78.4759970351	206.913808111	545.559478117	1438.44988829	3792.69019073	10000.0
# Best cost parameter (determined by CV): [ 29.76351442]
# Coefficients:
0.0	0.0	0.0	0.0	0.0	0.0	0.0	0.0	0.0	0.0	-8.98897551343	0.0	0.0	0.0	0.0	0.0	0.0	0.651391163528	0.0	0.0	0.0	0.0	5.7905910737	0.0	0.0	0.0	0.0	0.0	0.0	0.0	0.0	0.0	0.0	0.0	0.0	0.0	0.0	0.0	0.0	0.0	0.0	0.0	0.0	0.0	0.0	0.0	0.0	0.0	0.0	0.0	0.0	0.0	0.0	0.0	0.0	0.0	0.0	0.0	0.0	0.0	0.0	0.0	0.0	0.0	0.0	-3.67993295595	0.0	0.0	0.0	0.0	0.0	0.0	-2.7380827332	0.0	0.0	0.0	0.0	0.0	0.0	0.0	0.0	0.0	8.69470850178	0.0	0.0	0.0	0.0	0.0	0.0	0.0	0.0	0.0	0.0	0.0	0.0	0.0	0.0	0.0	0.0	0.0	0.0	0.0	0.0	0.0	0.0
# Gene_ID	Label	Prediction	Decision_Func_Score	Prob_of_Pos
ENSG00000163508	1	0	-4.50519594722	0.0109306254966
ENSG00000117335	0	1	3.29883392505	0.964388785829
ENSG00000188404	0	1	4.89805773285	0.99259419478
ENSG00000132507	0	0	-0.165676263182	0.458675416237
ENSG00000165240	1	0	-1.09256385435	0.251135795418
ENSG00000189403	1	1	0.370566274395	0.591595803201
ENSG00000171522	1	1	3.78126163142	0.977714067902
ENSG00000161551	0	1	0.370566274395	0.591595803201
