# Prediction results for GO term: GO:0002293
# Model used: Logistic Regression with L1 Penalty
# ROC AUC Score: 0.625
# Tissues used:
Esophagus - Gastroesophageal Junction
# Number of folds used for cross-validation: 5
# Range of cost parameters:
0.0001	0.000263665089873	0.000695192796178	0.00183298071083	0.00483293023857	0.012742749857	0.0335981828628	0.088586679041	0.233572146909	0.615848211066	1.62377673919	4.28133239872	11.2883789168	29.7635144163	78.4759970351	206.913808111	545.559478117	1438.44988829	3792.69019073	10000.0
# Best cost parameter (determined by CV): [ 78.47599704]
# Coefficients:
0.0	0.0	0.0	0.0	0.0	0.0	0.0	0.0	0.0	0.0	0.0	0.0	0.0	0.0	1.72753542148	0.0	0.0	0.0	0.0	0.0	0.0	0.0	1.37654025488	-2.06147752473	0.0	0.0	0.0	0.0	-3.01895258209	0.0	-2.04257202561	0.0	0.0	0.0	0.0	0.0	0.0	-0.673597975238	-8.12110854034	0.0	0.0	0.0	0.0	0.0	0.0	0.0	0.0	0.0	0.0	0.0	0.0	0.0	2.64892516199	0.0	0.0	0.0	0.0	0.0	0.0	0.0	0.0	0.960752411873	0.0	0.0	0.0	0.0	0.0	0.0	-0.945626071902	0.0	0.0	0.0	0.0	0.0	0.0	0.0	0.0	0.0	0.0	-1.20544530521	0.0	0.0	0.0	0.0	0.0	0.0	0.0	0.0	0.0	0.0	0.0	-3.42189164268	0.0	0.0	0.0	0.0	0.0	0.0	0.0	0.0	0.0	0.0	0.0	0.0	0.0	0.0	0.0	0.0	0.0	0.0	0.0	0.0	0.0	0.0	0.0	0.0	9.85634008095	0.0	0.0	0.0	0.0	0.0	0.0	0.0	0.0	0.0	0.0	0.0	0.0	4.59661876039	0.0	0.0	0.0	0.0	0.0	0.0	0.0	0.0	0.0	0.0	0.0	0.0	0.0	0.0	0.0	0.0	-0.829650844404	0.0	0.0	0.0	0.0	0.0	0.0
# Gene_ID	Label	Prediction	Decision_Func_Score	Prob_of_Pos
ENSG00000138795	1	1	0.836041142829	0.697630780403
ENSG00000069667	1	1	0.756448305171	0.680582126209
ENSG00000117335	0	0	-9.40303555399	8.24665316481e-05
ENSG00000189403	1	1	0.756448305171	0.680582126209
ENSG00000161551	0	1	0.756448305171	0.680582126209
ENSG00000165240	1	1	1.65948345912	0.840168651402
ENSG00000014138	0	1	4.01219854231	0.9822279872
ENSG00000118514	0	1	0.756448305171	0.680582126209
