# Prediction results for GO term: GO:0002293
# Model used: Logistic Regression with L1 Penalty
# ROC AUC Score: 0.5
# Tissues used:
Spleen
# Number of folds used for cross-validation: 5
# Range of cost parameters:
0.0001	0.000263665089873	0.000695192796178	0.00183298071083	0.00483293023857	0.012742749857	0.0335981828628	0.088586679041	0.233572146909	0.615848211066	1.62377673919	4.28133239872	11.2883789168	29.7635144163	78.4759970351	206.913808111	545.559478117	1438.44988829	3792.69019073	10000.0
# Best cost parameter (determined by CV): [ 78.47599704]
# Coefficients:
0.0	0.0	0.0	0.0	0.0	0.0	0.0	10.5426065444	0.0	0.0	0.0	0.0	0.0	0.0	0.0	0.0	0.0	0.0	0.0	0.0	0.0	3.33999550998	0.0	0.0	0.0	0.0	0.0	0.0	0.0	0.0	0.0	0.0	0.0	0.0	0.0	-0.878356430749	0.0	0.0	0.0	0.0	0.0	0.0	0.0	0.0	0.0	0.0	0.0	0.0	0.0	0.0	0.0	0.0	-12.9861350726	0.0	0.0	0.0	-6.94662979207	0.0	0.0	0.0	0.0	0.0	0.0	0.0	8.66275897001	0.0	0.0	0.0	0.0	0.0	0.0	0.0	0.0	0.0	0.0	0.0	0.0	0.0	0.0	0.0	0.0	0.0	0.0	0.0	0.0	0.0	0.0	0.0	0.0	0.0	0.0	0.0	0.0	0.0	0.0	0.0	0.0	0.0	0.0	0.0	0.0	0.0	0.0	0.0
# Gene_ID	Label	Prediction	Decision_Func_Score	Prob_of_Pos
ENSG00000014138	0	1	0.247424335968	0.56154244099
ENSG00000161551	0	1	0.157069794192	0.53918691688
ENSG00000171522	1	1	0.827919877438	0.695914919286
ENSG00000165240	1	1	1.49547700029	0.816898917621
ENSG00000138795	1	1	1.76392307836	0.853700317533
ENSG00000132507	0	1	3.54759276752	0.972012012632
ENSG00000113302	1	1	0.365101191924	0.590274725469
ENSG00000188404	0	1	8.32088641326	0.999756679186
