# Prediction results for GO term: GO:0002003
# Model used: Logistic Regression with L1 Penalty
# ROC AUC Score: 0.71875
# Tissues used:
Brain - Hippocampus
# Number of folds used for cross-validation: 5
# Range of cost parameters:
0.0001	0.000263665089873	0.000695192796178	0.00183298071083	0.00483293023857	0.012742749857	0.0335981828628	0.088586679041	0.233572146909	0.615848211066	1.62377673919	4.28133239872	11.2883789168	29.7635144163	78.4759970351	206.913808111	545.559478117	1438.44988829	3792.69019073	10000.0
# Best cost parameter (determined by CV): [ 206.91380811]
# Coefficients:
0.0	0.0	0.0	0.0	5.27454804647	0.0	0.0	0.0	0.0	0.0	0.0	2.49296126475	9.33090147106	0.0	0.0	0.0	0.0	0.0	0.0	0.0	0.00971780784922	-0.427043072865	0.0	0.0	0.0	0.0	0.0	0.0	0.0	0.0	0.0	0.0	0.0	0.0	0.0	1.51117093857	0.0	0.0	0.0	0.0	0.0	0.0	0.0	0.0	-1.64066527218	0.0	0.0	0.0	0.0	-5.79659315588	0.0	0.0	0.0	0.0	0.0	0.0	0.0	0.0	0.0	-2.13109222222	-0.468235206462	0.0	0.0	0.0	0.0	0.0	0.0	0.0	0.0	0.0	0.0	0.0	0.0	0.0	0.0	2.26802089054	0.0	0.0	0.0	0.0	0.0	0.0	-4.30952539945	0.0	2.20769396431	-2.79308764654	0.0	0.0	0.0	0.0	0.0	-0.713223955563	-2.35135333817	-0.74861179244
# Gene_ID	Label	Prediction	Decision_Func_Score	Prob_of_Pos
ENSG00000163751	1	1	1.76797723956	0.85420594066
ENSG00000095059	0	0	-2.7348084278	0.060950368721
ENSG00000101160	1	1	1.48057801056	0.814659869914
ENSG00000143839	1	0	-0.0155239978219	0.496119078484
ENSG00000196557	0	0	-0.0155239978219	0.496119078484
ENSG00000096384	0	0	-1.98001177001	0.121317583207
ENSG00000198513	0	1	7.21254882459	0.999263267602
ENSG00000100448	1	1	1.40073688312	0.802300794744
