# Prediction results for GO term: GO:0014819
# Model used: Logistic Regression with L1 Penalty
# ROC AUC Score: 0.4375
# Tissues used:
Esophagus - Muscularis
# Number of folds used for cross-validation: 5
# Range of cost parameters:
0.0001	0.000263665089873	0.000695192796178	0.00183298071083	0.00483293023857	0.012742749857	0.0335981828628	0.088586679041	0.233572146909	0.615848211066	1.62377673919	4.28133239872	11.2883789168	29.7635144163	78.4759970351	206.913808111	545.559478117	1438.44988829	3792.69019073	10000.0
# Best cost parameter (determined by CV): [ 206.91380811]
# Coefficients:
0.0	0.0	0.0	2.07181480426	0.0	0.0	0.0	0.0	0.0	0.0	0.0	0.0	0.0	0.0	0.0	0.0	0.0	0.0	0.0	0.0	0.0	0.0	0.0	0.0	0.0	0.0	0.0	0.303110327864	0.0	0.0	0.0	0.0	0.0	0.0	0.0	0.0	0.0	0.0	0.0	0.0	0.0	0.0	0.0	0.0	-2.157054437	0.0	1.37121490007	0.0	0.820482050372	0.0	0.0	1.22016899548	0.0	0.0	0.0	0.0	0.0	0.751346350432	2.66941063153	0.0	0.0	0.0	0.0	0.0	0.0	0.0	0.0	1.36543287737	0.0	0.0	0.0	0.0	0.0	0.0	0.0	0.0	0.0	0.0	0.0	0.0	0.629120123624	-1.52161175396	-0.436236637638	0.0	0.0	0.0	0.0	0.0	-4.52501200331	2.17571575076	0.0	0.0	0.0	0.0	1.35503345929	0.0	0.0	0.0	0.0	0.0	0.0	0.0	0.0	0.0	0.0	0.0	0.0	0.0	0.0	0.0	0.0	0.0	0.0	0.0	0.0	0.0	0.0	0.0	0.0	0.0	0.0	0.0	0.0	0.0	-0.344297952079	-1.04191656025	0.0	0.0	0.0	0.0	0.0	0.0	0.0	0.0	-0.241785183304	0.0	0.0	0.785997570258	0.0	0.0	0.0	0.0	0.509336443978	0.0	0.0	0.0	0.0	0.0	0.0	0.288419812563	0.0	0.0	0.0	0.0	0.0	0.264978557396	0.0	0.0	0.0	0.0	0.0	0.0	0.0	0.0	0.0	0.0	0.0	0.0	1.341561183	0.0	0.0	0.0	0.0	0.0	0.0	0.0	0.0	0.0	0.0	0.0	0.0	0.0	0.0	-7.71090553846	0.0	0.0	0.0	0.0	-2.58031815482	1.74898423004	0.0	0.0	0.0	0.0	0.0	0.0	0.0	1.48815499559	0.0	0.0	0.0	0.0	0.0	0.0	0.0	0.0	0.0	0.0	0.0	0.0	0.0	0.0	0.0	0.0	0.0	0.0	0.0	0.0	0.0	-4.09706108511	0.0	0.0	0.373844877363	0.0	0.0	0.0	0.0	0.0	0.0	0.0	0.0	0.803808398211	0.0	0.0	0.0	0.0	0.0	0.0	0.0	0.0	0.0	0.0	0.0	0.0	0.0	0.0	-0.89825864315
# Gene_ID	Label	Prediction	Decision_Func_Score	Prob_of_Pos
ENSG00000196296	1	1	5.14640625059	0.99421339585
ENSG00000092054	1	1	14.1033102471	0.999999250089
ENSG00000143318	1	1	2.23063707589	0.902967192305
ENSG00000086289	0	1	6.97534044529	0.999066224635
ENSG00000205250	0	1	6.71331550048	0.998786843203
ENSG00000160710	0	0	-0.592677896542	0.356020656659
ENSG00000273291	0	1	5.4551056348	0.995743767717
ENSG00000100678	1	1	5.3757340519	0.995393794664
