# Prediction results for GO term: GO:0001916
# Model used: Logistic Regression with L1 Penalty
# ROC AUC Score: 0.875
# Tissues used:
Spleen
# Number of folds used for cross-validation: 5
# Range of cost parameters:
0.0001	0.000263665089873	0.000695192796178	0.00183298071083	0.00483293023857	0.012742749857	0.0335981828628	0.088586679041	0.233572146909	0.615848211066	1.62377673919	4.28133239872	11.2883789168	29.7635144163	78.4759970351	206.913808111	545.559478117	1438.44988829	3792.69019073	10000.0
# Best cost parameter (determined by CV): [ 11.28837892]
# Coefficients:
0.0	0.0	-6.67696952863	0.0	0.0	0.0	-1.85436129441	0.0	0.0	0.0	0.0	0.0	0.0	0.0	0.0	0.0	0.0	0.0	0.0	0.0	0.0	0.0	0.0	0.0	0.0	0.0	0.0	0.0	0.0	0.0	0.0	-1.54428912029	0.0	0.0	0.0	0.0	0.0	0.0	0.0	0.0	2.19578983197	0.0	0.0	0.0	0.0	0.0	0.0	0.0	0.0	0.0	0.0	0.0	0.0	0.0	2.52622667162	0.974285615379	0.0	0.0	0.296245209987	0.0	0.0	0.0	0.0	0.0	5.74382509099	0.0	0.0	0.0	0.0	0.0	0.0	0.0	0.0	0.0	0.0	0.0	1.89520377769	0.0	0.0	0.0	0.0	0.0	-3.63209234617	0.0	0.0	0.0	0.0	0.0	0.0	0.0	0.0	0.0	0.0	0.0	0.0	0.0	0.0	0.0	0.0	0.0	0.0	0.0	0.0	0.0
# Gene_ID	Label	Prediction	Decision_Func_Score	Prob_of_Pos
ENSG00000106258	0	0	-1.17155182485	0.23657459919
ENSG00000206503	1	1	3.91439444936	0.980437692124
ENSG00000096996	1	1	0.238499824211	0.559343921475
ENSG00000162594	1	1	0.259131123816	0.564422690809
ENSG00000180357	0	0	-3.19934318179	0.039190447511
ENSG00000196313	0	1	1.26093328192	0.779186725227
ENSG00000168811	1	1	1.32050977624	0.789266507501
ENSG00000243147	0	0	-0.200660651356	0.450002485918
