# Prediction results for GO term: GO:0051251
# Model used: Logistic Regression with L1 Penalty
# ROC AUC Score: 0.618036318867
# Tissues used:
Brain - Substantia nigra
# Number of folds used for cross-validation: 5
# Range of cost parameters:
0.0001	0.000263665089873	0.000695192796178	0.00183298071083	0.00483293023857	0.012742749857	0.0335981828628	0.088586679041	0.233572146909	0.615848211066	1.62377673919	4.28133239872	11.2883789168	29.7635144163	78.4759970351	206.913808111	545.559478117	1438.44988829	3792.69019073	10000.0
# Best cost parameter (determined by CV): [ 0.61584821]
# Coefficients:
0.0	0.0	0.0	-0.0420997603431	-0.414578730837	0.491835325115	0.0	0.0	0.0	0.0	0.0	0.0	-0.117647397251	0.0	0.0	0.0	0.0	0.380825242059	0.0	-0.0304543465552	0.0	0.183514255307	0.0	0.0	0.0	0.0	-0.835618716905	0.0	0.0	0.0	0.149263143726	0.0	-3.99362928812e-05	0.0	0.0	0.0	0.0	0.0161436829504	0.0	0.5498446272	0.0	0.0	0.0	0.0	0.0	0.0	0.0	0.0	0.0	0.0	0.0	0.0	-0.164161879018	0.0653725721307	0.0	0.0	0.0	0.0	0.0	0.554173504834	0.0	-0.714288006936	0.0
# Gene_ID	Label	Prediction	Decision_Func_Score	Prob_of_Pos
ENSG00000100926	0	1	0.365022696753	0.59025574124
ENSG00000243709	0	0	-0.366988157157	0.409268988957
ENSG00000165240	0	0	-0.256805728943	0.436149092262
ENSG00000108679	0	0	-0.200092512018	0.450143104536
ENSG00000101811	0	1	0.01450036682	0.503625028188
ENSG00000161642	0	0	-0.200092512018	0.450143104536
ENSG00000157212	1	1	0.24374649622	0.560636706783
ENSG00000066651	0	1	0.115317250388	0.528797407177
ENSG00000157388	0	0	-0.200092512018	0.450143104536
ENSG00000010610	1	1	1.58112179021	0.82936333216
ENSG00000175467	1	1	0.133007274394	0.533202883853
ENSG00000101096	1	0	-0.643264031363	0.344509073807
ENSG00000127585	0	1	0.0883016961697	0.522061091362
ENSG00000197122	1	0	-0.0605454245009	0.48486826602
ENSG00000178982	0	0	-0.17630588073	0.456037347923
ENSG00000070831	1	1	0.807599343339	0.691597703128
ENSG00000117586	1	0	-0.207765980896	0.448244546992
ENSG00000091073	0	0	-0.200092512018	0.450143104536
ENSG00000013725	1	0	-0.0453469551373	0.488665203505
ENSG00000115365	0	0	-0.582028916468	0.358465873755
ENSG00000160216	0	0	-0.687734019083	0.334537341414
ENSG00000175104	1	1	0.543138488126	0.632542207556
ENSG00000163600	1	0	-0.200092512018	0.450143104536
ENSG00000018869	0	0	-0.59513626905	0.355457225433
ENSG00000100711	0	0	-2.00620329163	0.118553153158
ENSG00000175505	1	1	0.258947035819	0.56437743229
ENSG00000196591	0	0	-0.200092512018	0.450143104536
ENSG00000121067	0	0	-0.200092512018	0.450143104536
ENSG00000128322	1	0	-0.200092512018	0.450143104536
ENSG00000142583	0	0	-0.200092512018	0.450143104536
ENSG00000105639	1	1	2.32609645383	0.911015397832
ENSG00000178226	0	0	-0.200092512018	0.450143104536
ENSG00000115085	1	1	0.18596354568	0.54635736745
ENSG00000163501	1	0	-0.214866095804	0.446489189238
ENSG00000151148	0	0	-0.36295532458	0.410244353921
ENSG00000177565	0	0	-0.200092512018	0.450143104536
ENSG00000166930	0	0	-0.200092512018	0.450143104536
ENSG00000081189	1	0	-0.198593693075	0.450514111296
ENSG00000105122	1	0	-0.366883870513	0.409294202357
ENSG00000168389	0	1	0.182080788647	0.54539485022
ENSG00000103855	1	0	-0.205307022595	0.448852777035
ENSG00000168397	0	0	-0.15492793991	0.461345302095
ENSG00000104432	1	1	0.0936230756974	0.523388687386
ENSG00000004468	1	0	-0.748268589735	0.321198683435
ENSG00000167965	1	1	0.130169189493	0.532496425325
ENSG00000161955	1	0	-0.942685537295	0.28035819589
ENSG00000100628	0	1	0.492228896874	0.620631362743
ENSG00000010810	1	0	-0.329338370171	0.418401616591
ENSG00000135341	0	1	0.34722371815	0.585944176297
ENSG00000113525	1	0	-0.282682474071	0.429796254863
ENSG00000182866	1	0	-0.200092512018	0.450143104536
ENSG00000168040	1	0	-0.114095241405	0.471507092346
ENSG00000067225	0	0	-0.200092512018	0.450143104536
ENSG00000198814	0	0	-0.200092512018	0.450143104536
ENSG00000138495	0	0	-0.356406189077	0.411829803759
ENSG00000242110	0	0	-0.200092512018	0.450143104536
ENSG00000130713	0	1	0.525495830896	0.628431974773
ENSG00000108387	0	0	-2.6320030719	0.0671069422863
ENSG00000109743	1	1	0.0828336046894	0.520696568562
ENSG00000070526	0	0	-0.0885433862666	0.477878604064
ENSG00000100351	1	1	0.0411052833861	0.510274874147
ENSG00000198821	1	0	-0.320516070499	0.420549982667
ENSG00000153815	0	0	-0.200092512018	0.450143104536
ENSG00000075711	0	0	-0.200092512018	0.450143104536
ENSG00000114013	1	1	0.413658510961	0.601964795857
ENSG00000104972	1	1	0.101598480284	0.525377794162
ENSG00000171124	0	0	-0.200092512018	0.450143104536
ENSG00000114757	0	0	-0.200092512018	0.450143104536
ENSG00000166349	0	0	-0.180357744627	0.455032393434
ENSG00000056736	0	0	-0.149248250277	0.462757044141
ENSG00000134215	1	1	0.607128860936	0.647285578583
ENSG00000125538	1	1	3.43355928166	0.968737042706
ENSG00000112299	1	1	0.039299324259	0.509823566774
ENSG00000180370	1	0	-0.435426594754	0.392831258089
ENSG00000197620	0	1	0.950741719406	0.72126431932
ENSG00000179295	1	0	-0.905171541051	0.287988904593
ENSG00000019582	1	1	1.88289051194	0.867942783968
ENSG00000096996	1	1	0.575648726525	0.640065564993
ENSG00000228075	0	0	-0.209752705949	0.447753238104
ENSG00000071051	1	1	0.166172670617	0.541447835365
ENSG00000162594	1	0	-0.200092512018	0.450143104536
ENSG00000126353	1	1	0.108127143496	0.527005479832
ENSG00000138395	0	0	-0.200092512018	0.450143104536
ENSG00000153391	0	0	-0.150757039979	0.462381960611
ENSG00000185950	1	0	-0.293969431163	0.427032363514
ENSG00000176900	0	0	-0.200092512018	0.450143104536
ENSG00000183087	1	1	0.608308204345	0.647554784097
ENSG00000197646	1	1	0.135056311054	0.533712849222
ENSG00000091592	0	0	-0.562319996389	0.363010827442
ENSG00000167286	1	0	-0.0844180251733	0.478908018049
ENSG00000119487	1	0	-0.211944909585	0.447211233602
ENSG00000174243	0	0	-0.200092512018	0.450143104536
ENSG00000204576	0	1	0.152410375157	0.538029007867
ENSG00000162692	1	1	0.747392382369	0.678610247073
ENSG00000198420	0	0	-0.445859448513	0.39034566905
ENSG00000158473	1	1	0.148459664525	0.537046897472
ENSG00000121879	1	0	-0.104103670603	0.473997561721
ENSG00000179915	0	0	-0.200092512018	0.450143104536
ENSG00000092068	0	0	-0.380797368847	0.4059345958
ENSG00000136238	1	0	-0.31801465385	0.421159667974
ENSG00000131446	0	0	-0.200092512018	0.450143104536
ENSG00000013810	0	1	0.60019892004	0.645701814677
ENSG00000185896	1	0	-0.21164935328	0.447284300204
ENSG00000172915	0	0	-0.456153080614	0.387898815871
ENSG00000118894	0	1	0.178713426493	0.544559821925
ENSG00000111679	1	1	0.873997403144	0.705576793125
ENSG00000204287	1	1	3.0712746545	0.955692178557
ENSG00000176105	1	0	-0.420937982107	0.396292321056
ENSG00000178562	1	0	-0.142229447786	0.464502458507
ENSG00000105974	1	1	0.345996980657	0.585646521755
ENSG00000153563	0	0	-0.200092512018	0.450143104536
ENSG00000197757	0	0	-0.200092512018	0.450143104536
ENSG00000174697	1	0	-0.201987389457	0.449674139736
ENSG00000008294	0	1	1.29010348589	0.784164704722
