# Prediction results for GO term: GO:0048643
# Model used: Logistic Regression with L1 Penalty
# ROC AUC Score: 0.46875
# Tissues used:
Pituitary
# Number of folds used for cross-validation: 5
# Range of cost parameters:
0.0001	0.000263665089873	0.000695192796178	0.00183298071083	0.00483293023857	0.012742749857	0.0335981828628	0.088586679041	0.233572146909	0.615848211066	1.62377673919	4.28133239872	11.2883789168	29.7635144163	78.4759970351	206.913808111	545.559478117	1438.44988829	3792.69019073	10000.0
# Best cost parameter (determined by CV): [ 1.62377674]
# Coefficients:
0.0	0.0	0.0	0.0	0.0	0.0	0.0	0.0	0.0	0.0	0.0	0.0	0.0	0.0	0.0	0.0	0.0	0.0	0.0	0.0	0.0	0.0	0.0	0.0	0.0	0.0	0.0	0.0	0.0	0.0	0.0	0.0	1.27985080597	0.0	0.0	0.0	0.0	0.0	0.0	0.0	0.0	0.0	0.0	0.0	0.0	0.0	0.0	0.0	0.0	0.0	0.0	0.0	0.0	0.0	0.0	0.0	0.0	0.0	0.0	0.0	0.0	0.0	0.0	0.0	0.0	0.0	0.0	0.0	0.0	0.0	0.0	0.0	0.0	0.0	0.0	0.0	0.0	0.0	0.0	0.0	0.0	0.0	0.0	0.0	-1.43631968207	0.0	0.0	0.0	0.0	0.0	0.0	0.0	0.0	0.0	0.0	0.0	0.0	0.0	-0.397902642829	0.0	0.0	0.0	0.0
# Gene_ID	Label	Prediction	Decision_Func_Score	Prob_of_Pos
ENSG00000118733	0	1	0.651784053499	0.657412382362
ENSG00000122180	1	1	0.651784053499	0.657412382362
ENSG00000117020	0	1	0.651784053499	0.657412382362
ENSG00000129152	1	1	0.651784053499	0.657412382362
ENSG00000198393	0	1	0.651784053499	0.657412382362
ENSG00000196531	1	0	-0.691573145593	0.333683210596
ENSG00000248746	1	1	0.651784053499	0.657412382362
ENSG00000167657	0	1	0.0841169179624	0.521016838625
