# Prediction results for GO term: GO:0019724
# Model used: Logistic Regression with L1 Penalty
# ROC AUC Score: 0.3125
# Tissues used:
Adipose - Subcutaneous
# Number of folds used for cross-validation: 5
# Range of cost parameters:
0.0001	0.000263665089873	0.000695192796178	0.00183298071083	0.00483293023857	0.012742749857	0.0335981828628	0.088586679041	0.233572146909	0.615848211066	1.62377673919	4.28133239872	11.2883789168	29.7635144163	78.4759970351	206.913808111	545.559478117	1438.44988829	3792.69019073	10000.0
# Best cost parameter (determined by CV): [ 545.55947812]
# Coefficients:
0.0	0.0	0.674396041776	0.0	0.0	0.0	0.0	0.0	0.0	0.0	0.407795017727	0.0	-0.821253878738	0.629924434248	0.0	0.0	0.0	0.293927195621	0.0	0.0	0.0	0.0	0.0	0.0	0.0	0.0	-0.171640902132	0.0	0.0	0.0	0.0	0.0	-0.382427051368	-0.0582289738042	0.0	0.0	0.0	0.0	0.0	0.0	0.0	0.0	0.0	0.0	-0.43494109289	0.0	1.82238639447	0.0	0.153586133762	0.0	0.0	0.0	0.0	0.0	0.0	0.0	0.0	-0.164190084579	0.0	0.0	0.0	-0.146938767749	0.0	0.0	0.00558564624226	0.0	0.0	0.0	-1.0776553531	0.0	0.0	0.0977119510439	0.0	0.0	0.0	-0.0263859480643	0.0	0.264046749466	0.0	0.0	0.0	0.0	0.0	0.0	0.0	0.0	0.0	0.0	-0.392220577234	0.0	0.0	0.0	-0.187255826608	0.805974729199	0.0	0.0	0.0	0.0	0.0	0.0	0.0	0.0	0.0	0.0	0.0	0.0	0.0	0.0	0.0	0.0	0.0	0.0	0.0	0.0	0.0	0.0	0.0	0.0	0.0	0.0	0.0	0.835767792815	0.0	0.0	-0.38250989957	0.0	0.0	0.0	0.0	0.0	0.0	-0.63959754629	0.0	1.12349195121	0.0	0.0	-0.0524371853768	0.0	0.0	0.0	0.756502614864	0.0	0.0	0.0	-0.0437787290261	0.0	0.0	0.0	-0.90274259038	0.0	0.0	-0.685303779701	0.0	0.0	0.0	0.0	0.0	0.0	-0.231220403553	0.392702698026	0.0	0.0	0.0	0.0	2.00005188003	0.0	0.0	0.0	0.0	0.0	0.165666384132	-0.19430479849	2.9480861288	0.0748472584806	0.0	0.0	0.0	0.0	-0.0732803380767	0.820238113277	0.793742334203	0.0	-0.107700443193	0.0	0.0	0.698686750065	1.921197718	0.0	0.0	0.0	0.0	-0.989121414705	0.0	1.53979956224	0.0	0.0	-0.575837793865	0.0	0.0	0.0	0.0	0.0	0.0	0.0	0.0	0.0	0.0	0.0	-0.729751837472	0.0	0.0	-0.76803617076	0.0	0.900295880465	0.0	0.0	0.0	0.0	0.0	-0.772503891204	-0.792136267562	-0.25654983564	0.0	0.264664311171	0.0	0.0	0.0	0.0	0.0	-0.110913672104	0.0	0.0	-0.350310189307	0.0	0.0	0.0	-0.133380660211	0.0	1.40489420185	0.0	0.0	0.0	0.0	0.0	0.0	0.0	0.00906158436126	0.0	0.0	-0.785194756916	0.0	0.0	0.0	0.0	0.0	0.0	-0.0728151240206	0.0	0.0	0.0	0.0	0.0	0.0709691523439	0.0	0.0	0.0	0.0	0.0	-0.771881854582	0.0	0.0	0.267037903568	0.0	0.0	0.0	-0.0301091532993	0.0	0.0	1.66440622504	0.0	0.0	0.0	-0.460292239753	0.0	-0.0709846886377	0.0	0.856963133846	0.0	0.0	0.0	0.0	0.0	0.0	0.0	0.0	0.0	0.0	-0.610965695043	0.153999880144	0.0	0.0	-0.0617048316277	0.0	0.0693321893735	0.0	0.0	0.0	0.0	0.0	0.0	0.0	0.0791406779814	0.0	0.0	0.0	-0.416774638912	0.0	0.0	0.0	0.12523030525	0.0	0.0	-0.391151259162	0.0	0.0	0.0	0.0	0.0	0.0	0.0	0.0	0.0	0.0	0.0	0.0	0.0	0.119180289901	0.0	0.0	0.0	0.0	0.0	-1.08743050388	-0.339024918825	0.0	0.0	0.0	0.0	0.0	0.0
# Gene_ID	Label	Prediction	Decision_Func_Score	Prob_of_Pos
ENSG00000183020	0	0	-6.83350496704	0.00107591753148
ENSG00000095002	1	0	-2.77369428837	0.0587623514442
ENSG00000198502	1	0	-4.09091065251	0.0164489054293
ENSG00000019582	1	1	1.4164259325	0.804777503853
ENSG00000011304	0	1	3.0196281183	0.953453024026
ENSG00000139193	1	0	-3.05112271676	0.0451690273382
ENSG00000074527	0	0	-2.02845127184	0.116247935116
ENSG00000100997	0	1	11.290440207	0.999987508382
