# Prediction results for GO term: GO:0035710
# Model used: Logistic Regression with L1 Penalty
# ROC AUC Score: 0.575
# Tissues used:
Brain - Nucleus accumbens (basal ganglia)
# Number of folds used for cross-validation: 5
# Range of cost parameters:
0.0001	0.000263665089873	0.000695192796178	0.00183298071083	0.00483293023857	0.012742749857	0.0335981828628	0.088586679041	0.233572146909	0.615848211066	1.62377673919	4.28133239872	11.2883789168	29.7635144163	78.4759970351	206.913808111	545.559478117	1438.44988829	3792.69019073	10000.0
# Best cost parameter (determined by CV): [ 4.2813324]
# Coefficients:
0.0	0.0	0.0	0.0	0.0	0.0	0.0	0.0	0.0	0.0	0.0	0.0	0.0	0.0	0.0	0.0	0.0	0.0	0.0	0.0	0.0	0.0	0.0	0.0	0.0	0.0	0.0	0.0	0.0	0.0	0.0	0.0	0.0	0.0	0.0	2.84081532373	0.0	0.0	0.0	0.0	0.0	0.0	0.0	0.0	0.0	0.0	0.0	0.0	0.0	0.0	0.0	0.0	0.0	0.0	0.0	0.0	0.0	0.0	0.0	1.97876029465	0.0	0.0	0.0	0.0	0.0	0.0	0.0	0.0	0.0	0.0	0.0	0.0	0.0	0.0	0.0	0.0	0.0	0.0	0.0	0.0	-0.962476716712	0.0	0.0	0.0	-2.95333317079	0.0	0.0	0.0	0.0	0.0	0.0	0.0	0.0	0.0	0.0	0.0	-1.06817009598	-1.08764239162	0.0	0.0	0.0	0.0	0.0	0.0	0.0	0.0	0.0	0.662158714166	0.0	0.0	0.0	0.0	0.0
# Gene_ID	Label	Prediction	Decision_Func_Score	Prob_of_Pos
ENSG00000206075	0	1	0.954011992674	0.721921305951
ENSG00000156127	1	1	1.32930408635	0.79072549921
ENSG00000115085	0	1	0.908035902219	0.712598079512
ENSG00000069667	1	1	0.954011992674	0.721921305951
ENSG00000171522	1	0	-0.62683114945	0.348229411819
ENSG00000134321	1	0	-0.646555793193	0.343766100639
ENSG00000205517	0	1	0.752617023416	0.679748667884
ENSG00000113302	1	1	0.960887033434	0.723299368842
ENSG00000171124	0	1	0.872075257232	0.705177332305
