# Prediction results for GO term: GO:0035710
# Model used: Logistic Regression with L1 Penalty
# ROC AUC Score: 0.25
# Tissues used:
Colon - Transverse
# Number of folds used for cross-validation: 5
# Range of cost parameters:
0.0001	0.000263665089873	0.000695192796178	0.00183298071083	0.00483293023857	0.012742749857	0.0335981828628	0.088586679041	0.233572146909	0.615848211066	1.62377673919	4.28133239872	11.2883789168	29.7635144163	78.4759970351	206.913808111	545.559478117	1438.44988829	3792.69019073	10000.0
# Best cost parameter (determined by CV): [ 78.47599704]
# Coefficients:
0.0	0.0	0.0	0.0	0.0	5.13401267029	0.0	0.0	0.0	0.0	5.20728505787	0.0	0.0	0.0	-0.218949624549	0.0	0.0	0.0	0.0	0.0	0.0	0.0	0.0	0.0	0.0	0.722911992232	0.0	0.0	0.0	0.0	0.0	0.0	0.0	0.0	0.0	0.0	0.0	0.0	0.0	0.0	0.0	0.0	0.0	0.0	-3.98208982813	0.0	0.0	0.0	0.0	0.0	0.0	0.0	0.0	0.0	0.0	0.0	1.23982592875	0.0	0.0	0.0	0.0	0.0	0.0	2.7650489053	0.0	0.0	0.0	0.0	0.0	0.0	0.0	0.0	0.0	0.0	-4.49702401265	0.0	0.0	0.0	-1.28174532714	0.0	0.0	0.0	0.0	0.0	0.0	0.0	0.0	0.0	0.0	0.0	0.0	0.0	0.0	0.0	0.0	0.0	3.69582755569	4.11263367595	0.0	0.0	-16.4971817408	0.0	0.0	0.0	0.0	0.0	0.0	0.0	0.0	0.0	0.0	0.0	0.0	0.0	0.0	0.0	0.0	0.0	0.0	0.0	0.0	0.0	0.0	0.0	0.0	0.0	0.0	0.0	1.37752533066	0.0	1.21754071496	0.0	0.0	0.0	0.0	-0.503407146661	0.0	0.0	0.0	0.0	0.0	0.0	0.0	0.0	0.0	0.0	0.0	0.0	0.0	0.0	0.0	0.0	0.0	0.0	0.0	0.0	0.0	0.0	0.0	0.0	0.0	0.574992986664	0.0	0.0	0.0	0.0	0.0	0.0	0.0	0.0	0.0	0.0	0.0	0.0	0.0	0.0	0.0	0.0	0.0	-1.30669432929	0.0	0.0	0.0	0.0	0.0	0.0	0.0	0.0	0.0	0.0	0.0	0.0	0.0	0.0	0.0	0.0
# Gene_ID	Label	Prediction	Decision_Func_Score	Prob_of_Pos
ENSG00000114861	1	1	2.42424196191	0.918657293153
ENSG00000101146	0	0	-2.90689598705	0.0518137207236
ENSG00000143365	1	1	3.19880067382	0.960789119485
ENSG00000165283	1	0	-1.52836607256	0.178232874661
ENSG00000206075	0	1	6.83600610587	0.998926767241
ENSG00000115085	0	1	6.91899071545	0.999012149368
ENSG00000177575	0	1	6.51429604031	0.998520094496
ENSG00000113302	1	1	2.33019029399	0.911346712539
ENSG00000189403	1	1	2.42424196191	0.918657293153
