# Prediction results for GO term: GO:0035710
# Model used: Logistic Regression with L1 Penalty
# ROC AUC Score: 0.6
# Tissues used:
Whole Blood
# Number of folds used for cross-validation: 5
# Range of cost parameters:
0.0001	0.000263665089873	0.000695192796178	0.00183298071083	0.00483293023857	0.012742749857	0.0335981828628	0.088586679041	0.233572146909	0.615848211066	1.62377673919	4.28133239872	11.2883789168	29.7635144163	78.4759970351	206.913808111	545.559478117	1438.44988829	3792.69019073	10000.0
# Best cost parameter (determined by CV): [ 545.55947812]
# Coefficients:
0.0	0.0	0.0	0.0	0.0	0.0	0.0	0.0	0.0	0.0	0.0	0.0	0.0	0.0	0.0	0.0	0.0	0.0186127957202	0.0	0.0	0.0	0.0	0.0	0.0	0.0	0.0	-0.00684361377766	0.0	0.0	-0.0205111452505	0.0	0.0	0.0	0.0	0.0	-0.000267222702626	0.0	0.0	0.0	0.0	0.0	0.0	0.0	0.0	0.0	0.0	0.0	0.0	0.0	0.0	0.0	0.0	0.0	0.0	0.0	0.0	0.0	0.0	0.0	0.0	0.0	0.00439099857659	0.0	0.0	0.0	0.0	0.0	0.0	0.0	0.0	0.0	0.0	0.0	0.0	0.0	0.0	0.0	0.0	0.0	0.00974028537869	2.6413946436	0.0	0.0	0.0	9.68479045693	0.0	0.0	0.0	-36.2682536589	0.0	6.50552181593	0.0	0.0	0.0	0.0	0.0	0.0	0.0	0.0	0.0	0.0	0.0	0.0	0.0	0.0	0.0	0.0	0.0	0.0	0.0	0.0	0.0	0.0	0.0	0.0	0.0	0.0	0.0	0.0	11.0451719459	0.0	0.0	3.33623733536	0.0	0.0	0.0	0.0	0.0	-2.54180039506	0.0	0.0	0.0	0.0	0.0	6.38883249282	0.0	0.0	0.0	0.0	0.0	0.0	0.0	0.0	0.0	0.0	0.0	0.0	0.0	0.0	-0.000314287834417	0.0	0.0	0.0	0.0	0.0	0.0	0.0	0.0	0.0	-0.697184387721	0.0	-0.0676095683361	0.0	0.0	0.0	0.0	-0.139607515423	0.0	0.0	0.0	0.0	0.0	-3.14345327686	-0.543658795763	0.0	0.0	2.80847677007	0.0	0.0	0.0	0.0	0.0	0.0	0.0	0.0	0.0	0.0	-1.42371979218	-1.52245734415	0.0	0.0	0.0	0.0	0.0	0.0	0.0	-0.651501515233	0.0	0.0	1.37046387174	0.0	4.45306448167	-0.395922296979	0.0	0.0	0.0	0.0	0.0	0.0	0.0	0.0	0.0	0.0	0.0	0.403337855214	0.0	4.34577953755	-0.0823876741944	0.0	0.0	0.0	-0.00435952902523	2.42101072981	0.0	-0.580317609193	0.0	0.0	0.0	0.0	0.0	0.0	0.0	-3.48040962245	0.0	0.0	0.0	-2.27853297417	0.0	0.0	0.0	0.0	-1.98681359709	-1.01121498266	0.0	0.0	0.0	0.0	1.00802577895	-0.243611415501	0.0	-0.347661963151	0.0	0.0	0.0	0.0	0.0	0.0	0.0	0.0	0.0	0.0	2.07646970434	0.0	0.0	0.0	0.0	0.0	0.0	-0.827642925613	0.0	0.0	0.0	0.0	0.0	0.0	0.0	0.0	0.0	0.0	0.0	0.0	0.0	0.0	0.0	0.0	0.0	0.0	0.0	0.0	0.0	0.0	0.0	0.0	0.0	0.0	0.0	-1.64064184787	0.0	0.0	0.0	0.0	0.0	0.0	0.0	0.0	0.0	0.0	0.0	0.0	0.0	0.0	0.0	-0.00108069124867	0.0	0.0	0.0	0.0	0.0	0.0	0.0	-0.894331891999	-0.000733569501486	0.0	-0.609234224917	0.0	0.0	0.0	-1.46285685062	0.0	0.0	0.0	0.0	0.0	0.0	0.0263445799401	0.0	3.03804274735e-05	0.0	0.0	0.0	0.0	0.0	0.0	0.0	3.23465447414	0.0	-0.610051363998	0.0	0.0	0.0	0.0	0.0	0.0	0.0	0.0	0.0	-1.08369859876	0.0	0.0	0.0	0.0	0.0	0.0	0.0	0.0	0.0	0.0	0.0	0.0	0.0	0.0	0.0	0.0	0.0	0.0	0.0	0.0	0.0	0.0	0.0	0.0	-1.86167291965	0.0	0.0	0.0	0.0	-0.00509570072536	0.0	0.0	0.0	0.0	0.0	1.56612061088
# Gene_ID	Label	Prediction	Decision_Func_Score	Prob_of_Pos
ENSG00000165240	1	1	10.1248189962	0.999959929056
ENSG00000134321	1	1	38.1698708077	1.0
ENSG00000117586	1	1	5.77952414661	0.996919334295
ENSG00000114861	1	1	0.336975872421	0.583455739673
ENSG00000171124	0	1	0.619683511279	0.650146564734
ENSG00000206075	0	1	0.619683511279	0.650146564734
ENSG00000120868	0	1	5.32404458103	0.995150626467
ENSG00000108946	0	1	6.08831069517	0.997735898672
ENSG00000135469	0	1	12.5912437704	0.999996598341
