# Prediction results for GO term: GO:0046641
# Model used: Logistic Regression with L1 Penalty
# ROC AUC Score: 0.7
# Tissues used:
Spleen
# Number of folds used for cross-validation: 5
# Range of cost parameters:
0.0001	0.000263665089873	0.000695192796178	0.00183298071083	0.00483293023857	0.012742749857	0.0335981828628	0.088586679041	0.233572146909	0.615848211066	1.62377673919	4.28133239872	11.2883789168	29.7635144163	78.4759970351	206.913808111	545.559478117	1438.44988829	3792.69019073	10000.0
# Best cost parameter (determined by CV): [ 1.62377674]
# Coefficients:
0.0	0.0	0.0	0.0	0.0	0.0	0.0	0.0	0.0	0.0	0.0	0.0	0.0	0.0	0.0	0.0	0.0	0.0	0.0	0.0	0.0	0.0	0.0	0.0	0.0	0.0	0.0	0.0	0.0	0.0	0.0	0.0	0.0	0.0	0.0	0.0	0.0	0.0	0.0	0.0	0.0	0.0	0.0	0.0	0.0	0.0	0.0	0.0	1.12557325389	0.0	0.0	0.0	0.0	0.0	0.0	0.0	0.0	0.0	0.0	0.0	0.0	0.0	0.0	0.0	0.0	0.0	0.0	0.0	0.0	0.0	0.0	0.0	0.0	0.0	0.0	0.0	0.0	0.0	0.0	0.0	0.0	0.0	-0.0837172082187	0.0	0.0	0.0	0.0	0.0	0.0	0.0	0.0	0.0	0.0	0.0	0.0	0.0	0.0	0.0	0.0	0.0	0.0	0.0	0.0	0.0
# Gene_ID	Label	Prediction	Decision_Func_Score	Prob_of_Pos
ENSG00000125826	0	0	-0.779070954923	0.314520151079
ENSG00000113302	1	0	-0.710064505209	0.329584587055
ENSG00000067829	0	0	-0.305922305845	0.424110368521
ENSG00000117586	1	0	-0.808964468399	0.308111205092
ENSG00000177212	0	0	-0.761442567271	0.318333151213
ENSG00000154310	0	0	-0.779070954923	0.314520151079
ENSG00000105122	1	1	0.96436648301	0.723995195474
ENSG00000188488	0	0	-0.779070954923	0.314520151079
ENSG00000143184	1	0	-0.0261636431084	0.493459462322
