# Prediction results for GO term: GO:0046641
# Model used: Logistic Regression with L1 Penalty
# ROC AUC Score: 0.7
# Tissues used:
Vagina
# Number of folds used for cross-validation: 5
# Range of cost parameters:
0.0001	0.000263665089873	0.000695192796178	0.00183298071083	0.00483293023857	0.012742749857	0.0335981828628	0.088586679041	0.233572146909	0.615848211066	1.62377673919	4.28133239872	11.2883789168	29.7635144163	78.4759970351	206.913808111	545.559478117	1438.44988829	3792.69019073	10000.0
# Best cost parameter (determined by CV): [ 0.61584821]
# Coefficients:
0.0	0.0	0.0	0.0	0.0	0.0	0.0	0.0	0.0	0.0	0.0	0.0	0.0	0.0	0.0	0.0	0.0	0.0	0.0	0.0	0.0	0.0	0.0	0.0	0.0	0.0	0.0	0.0	-0.0178423445962	0.0	0.0	0.0	0.0	0.0	0.0	0.0	0.0	0.0	0.0	0.0	0.0	0.0	0.0	0.0	0.0	0.0	0.0	0.0	0.0	0.730473051648	0.0	0.0	0.0	0.0	0.0	0.0	0.0	0.0	0.0	0.0	0.0	0.0	0.0	0.0	0.0	0.0	0.0	0.0	0.0	0.0	0.0	0.0	0.0	0.0	0.0	0.0	0.0	0.0	0.0	0.0	0.0	0.0	0.0	0.0	0.0	0.0	0.0	0.0	0.0	0.0	0.0	0.0	0.0	0.0	0.0	0.0
# Gene_ID	Label	Prediction	Decision_Func_Score	Prob_of_Pos
ENSG00000067829	0	0	-0.497368879244	0.378159190877
ENSG00000168961	1	0	-0.473936800647	0.383684879961
ENSG00000125826	0	0	-0.490185596134	0.379849846925
ENSG00000165025	1	0	-0.137998715308	0.465554967081
ENSG00000105122	1	1	0.14721153045	0.536736562673
ENSG00000184719	0	0	-0.473936800647	0.383684879961
ENSG00000206503	1	0	-0.473936800647	0.383684879961
ENSG00000102804	0	0	-0.473936800647	0.383684879961
ENSG00000155926	0	1	1.31603364097	0.788521050836
