# Prediction results for GO term: GO:0010984
# Model used: Logistic Regression with L1 Penalty
# ROC AUC Score: 0.8125
# Tissues used:
Spleen
# Number of folds used for cross-validation: 5
# Range of cost parameters:
0.0001	0.000263665089873	0.000695192796178	0.00183298071083	0.00483293023857	0.012742749857	0.0335981828628	0.088586679041	0.233572146909	0.615848211066	1.62377673919	4.28133239872	11.2883789168	29.7635144163	78.4759970351	206.913808111	545.559478117	1438.44988829	3792.69019073	10000.0
# Best cost parameter (determined by CV): [ 1.62377674]
# Coefficients:
0.0	0.0	0.0	0.0	0.0	0.0	0.0	0.0	0.64668068532	0.0	0.0	0.0	0.0	0.0	0.0	0.0	0.0	0.0	0.0	0.0	0.0	0.0	0.0	0.0	0.0	0.618835175957	0.0	0.0	0.0	0.0	0.0	0.0	0.0	0.0	0.0	0.0	0.0	0.0	0.0	0.0	0.0	0.0	0.0	0.0	0.0	0.0	0.0	0.0	0.0	0.0	0.0	0.0	0.0	0.0	0.0	0.0	0.0	0.0	0.0	0.0	0.0	0.0	0.0	0.0	0.0	0.0	0.0	0.0	0.0	0.0	0.0	0.0	0.0	0.0	0.0	0.0	0.0	0.0	0.0	0.0	0.0	0.0	0.0	0.0	0.0	0.0	0.0	0.0	0.0	0.0	0.0	0.0	0.0	0.0	0.0	0.0	0.0	0.0	0.0	0.0	0.0	0.0	0.0	0.0
# Gene_ID	Label	Prediction	Decision_Func_Score	Prob_of_Pos
ENSG00000174586	0	0	-0.700373784881	0.331729360122
ENSG00000169174	1	0	-0.0715866111675	0.482110986123
ENSG00000257727	1	1	0.577323754992	0.640451370189
ENSG00000131828	0	0	-0.16546687839	0.458727405314
ENSG00000002822	0	0	-0.315851001001	0.421687222143
ENSG00000130208	1	1	0.448179246754	0.610206246447
ENSG00000101670	1	0	-0.572050531872	0.36076381008
ENSG00000147174	0	0	-0.412122363099	0.398403327645
