# Prediction results for GO term: GO:0051145
# Model used: Logistic Regression with L1 Penalty
# ROC AUC Score: 0.625
# Tissues used:
Colon - Sigmoid
# Number of folds used for cross-validation: 5
# Range of cost parameters:
0.0001	0.000263665089873	0.000695192796178	0.00183298071083	0.00483293023857	0.012742749857	0.0335981828628	0.088586679041	0.233572146909	0.615848211066	1.62377673919	4.28133239872	11.2883789168	29.7635144163	78.4759970351	206.913808111	545.559478117	1438.44988829	3792.69019073	10000.0
# Best cost parameter (determined by CV): [ 78.47599704]
# Coefficients:
0.0	0.0	0.0	4.39701124015	0.0	0.0	0.0	0.0	0.0	0.0	0.0	0.0	0.0	0.0	0.0	-0.101307834495	0.0	0.0	0.0	0.0	0.0	0.0	0.0	0.0	0.0	0.0	0.0	0.0	0.0	0.0	0.0	0.0	0.0	0.0	0.0	0.0	0.0	0.0	0.0	0.0	0.0	0.0	0.0	0.0	0.0	0.0	0.0	0.0	0.0	0.0	0.0	0.0	0.0	0.0	0.0	0.0	0.0	0.0	0.0	0.0	0.0	0.0	0.0	0.0	0.0	0.0	0.0	0.0	0.0	0.0	0.0	0.0	0.0	0.0	0.0	0.0	0.0	0.0	0.0	0.0	0.0	0.0	0.0	0.0	0.0	1.66704798564	0.0	0.0	1.00762854684	0.0	0.0	0.0	0.0	0.0	0.0	0.0	0.0	-9.62636389627	0.0	0.0	0.0	0.0	0.0	0.0	0.0	0.0	0.0	0.0	0.0	0.0	0.0	0.0	0.0	0.0	0.0	1.04021851583	0.0	0.0	0.0	0.0	0.0	0.0	0.0	-0.822984876849	0.0	0.0	0.0	0.0	0.0	0.0	0.0	-0.357153860735	0.0	0.0	0.0	0.0	0.0	4.37143639895	0.0	0.0	0.0	0.0	0.0	0.341721356999	0.0	0.0	0.0	0.0	0.0
# Gene_ID	Label	Prediction	Decision_Func_Score	Prob_of_Pos
ENSG00000166823	1	1	0.13074962044	0.532640917387
ENSG00000147789	0	0	-0.739714312276	0.323066618959
ENSG00000196588	1	1	2.72161172909	0.938289921934
ENSG00000171453	0	0	-2.03450088551	0.115627873368
ENSG00000105447	0	0	-3.33373336053	0.0344318937496
ENSG00000141448	1	1	3.05305907009	0.954914411719
ENSG00000135547	1	0	-3.16773445498	0.0403981504662
ENSG00000166426	0	1	4.74879061759	0.99141222399
