# Prediction results for GO term: GO:0045909
# Model used: Logistic Regression with L1 Penalty
# ROC AUC Score: 1.0
# Tissues used:
Pancreas
# Number of folds used for cross-validation: 5
# Range of cost parameters:
0.0001	0.000263665089873	0.000695192796178	0.00183298071083	0.00483293023857	0.012742749857	0.0335981828628	0.088586679041	0.233572146909	0.615848211066	1.62377673919	4.28133239872	11.2883789168	29.7635144163	78.4759970351	206.913808111	545.559478117	1438.44988829	3792.69019073	10000.0
# Best cost parameter (determined by CV): [ 11.28837892]
# Coefficients:
0.0	0.0	0.0	0.0	0.0	0.0	0.0	0.0	0.0	0.0	-1.9190443919	0.0	0.0	0.0	0.0	0.0	0.0	0.0	0.0	0.0	0.0	0.0	0.61841457245	0.0	0.0	0.0	0.0	0.0	-2.23055060191	0.0	0.0	0.0	0.0	0.0	0.0	0.0	0.0	0.0	0.0	0.0	0.0	0.0	0.0	0.0	0.0	0.0	-4.38547455423	0.0	0.0	0.0	0.0	0.0	0.0	0.0	0.0	0.0	0.0	0.0	0.0	0.0	0.0	0.0	0.0	0.0	0.0	0.0	0.0	0.0	0.0	0.0	0.0	0.0	0.0	0.0	0.0	3.74989203976	0.0	0.0	0.0	-0.0535660293205	0.0	0.0	0.0	0.0	0.0	1.28593592892	0.0	0.0	0.0	0.0	4.48361011696	0.0	0.0	0.0	0.0	0.0	0.0	0.0	0.0	0.0	0.0	0.0	0.0	0.0	0.0	0.0	0.0	0.0	0.0	0.0	0.0	0.0	0.0	0.0	0.0	0.0	0.0	0.0	-0.65325454919	0.0	0.0	0.0	0.0	0.0	0.0	0.0	0.0	0.0	0.0	4.43718022922	0.0	0.0	0.0	0.0	0.0	0.0	0.0	0.0	0.0	0.0	0.0	0.0	0.0	0.0	0.0	0.0	0.0	0.0	0.0	0.0	0.0	0.0	0.0	0.0	0.0	0.0	0.0	0.0	0.0	0.0	0.0	0.0	0.0	0.0	0.0	0.0	0.0	0.0	0.0	0.0	0.0
# Gene_ID	Label	Prediction	Decision_Func_Score	Prob_of_Pos
ENSG00000254647	1	1	40.6825153299	1.0
ENSG00000152332	0	0	-0.832528518996	0.303110693726
ENSG00000113600	0	0	-1.02135531338	0.264763486004
ENSG00000120915	1	1	9.82506624772	0.999945924013
ENSG00000121064	1	1	6.16069701741	0.997893664507
ENSG00000019991	0	0	-1.5300310701	0.177989139905
ENSG00000089250	1	1	3.60209152877	0.973457101672
ENSG00000115738	0	1	0.922296047538	0.715509710129
