# Prediction results for GO term: GO:0060047
# Model used: Logistic Regression with L1 Penalty
# ROC AUC Score: 0.625
# Tissues used:
Brain - Putamen (basal ganglia)
# Number of folds used for cross-validation: 5
# Range of cost parameters:
0.0001	0.000263665089873	0.000695192796178	0.00183298071083	0.00483293023857	0.012742749857	0.0335981828628	0.088586679041	0.233572146909	0.615848211066	1.62377673919	4.28133239872	11.2883789168	29.7635144163	78.4759970351	206.913808111	545.559478117	1438.44988829	3792.69019073	10000.0
# Best cost parameter (determined by CV): [ 0.61584821]
# Coefficients:
0.0	0.0	0.0	0.0	0.0	0.0	0.0	0.0	0.0	0.0	0.0	0.0	0.0	0.0	0.0	0.0	0.0	0.0	0.0	0.0	0.0	0.0	0.0	0.0	0.0	0.0	0.0	0.0	0.0	0.0	0.0	0.0	0.0	0.0	0.0	0.0	0.0	0.0	0.0	0.0	0.0	0.0	0.0	0.0	0.0	0.0	0.0	0.0	0.0	0.0	0.0	0.0	0.0	0.0	0.0	0.0	0.0	0.0	0.0	0.0	0.0	0.0	0.0	0.0	0.0	0.0	0.0	0.0	0.786613827165	0.0	0.0	0.0	0.0	0.0	0.0	0.0	0.0	0.0	0.0	0.0	0.0	0.0	0.0	0.0	0.0	0.0	0.0	0.0	0.0	0.0	0.0	0.0	0.0	0.0	0.0	0.0	0.0
# Gene_ID	Label	Prediction	Decision_Func_Score	Prob_of_Pos
ENSG00000186439	1	0	-0.421956965336	0.396048560482
ENSG00000159251	1	0	-0.116353170625	0.470944479566
ENSG00000213760	0	0	-0.421956965336	0.396048560482
ENSG00000163328	0	0	-0.421956965336	0.396048560482
ENSG00000105877	0	0	-0.421956965336	0.396048560482
ENSG00000188167	0	0	-0.421956965336	0.396048560482
ENSG00000102683	1	0	-0.421956965336	0.396048560482
ENSG00000185053	1	0	-0.421956965336	0.396048560482
