# Prediction results for GO term: GO:0060047
# Model used: Logistic Regression with L1 Penalty
# ROC AUC Score: 0.25
# Tissues used:
Brain - Hippocampus
# Number of folds used for cross-validation: 5
# Range of cost parameters:
0.0001	0.000263665089873	0.000695192796178	0.00183298071083	0.00483293023857	0.012742749857	0.0335981828628	0.088586679041	0.233572146909	0.615848211066	1.62377673919	4.28133239872	11.2883789168	29.7635144163	78.4759970351	206.913808111	545.559478117	1438.44988829	3792.69019073	10000.0
# Best cost parameter (determined by CV): [ 206.91380811]
# Coefficients:
0.0	0.0	0.0	0.0	0.0	0.0	0.0	-24.7262516024	0.0	-14.7493765957	0.0	0.0	0.0	0.0	0.0	0.0	86.0509986062	0.0	0.0	0.0	0.0	0.0	0.0	0.0	0.0	0.0	0.0	0.0	0.0	0.0	-11.5253610469	0.0	0.0	0.0	0.0	-4.47655346395	0.0	-1.02792116243	0.0	0.0	0.0	0.0	0.0	0.0	0.0	0.0	0.0	0.0	0.0	0.0	-5.45440565059	0.0	0.0	0.0	0.0	0.0	0.0	0.0	0.0	0.0	0.0	0.0	0.0	0.0	0.0	0.0	0.0	0.0	0.0	9.5082486023	0.0	0.0	0.0	0.0	0.0	0.0	-4.82282898658	0.0	0.0	0.0	0.0	0.0	0.0	0.0	0.0	0.0	0.0	-23.5578753165	0.0	0.0	0.0	0.0	0.0	0.0
# Gene_ID	Label	Prediction	Decision_Func_Score	Prob_of_Pos
ENSG00000213760	0	1	8.6237838978	0.999820253613
ENSG00000105877	0	0	-2.26268353725	0.0942610100251
ENSG00000142168	1	1	15.6639467794	0.999999842517
ENSG00000129991	1	0	-2.67099989111	0.064706429345
ENSG00000109685	0	0	-2.45343343508	0.0791878309926
ENSG00000101384	0	1	14.8015447403	0.999999626947
ENSG00000159640	1	0	-28.0145888835	6.8142589788e-13
ENSG00000111245	1	0	-39.8538063418	4.9171315003e-18
