# Prediction results for GO term: GO:0045989
# Model used: Logistic Regression with L1 Penalty
# ROC AUC Score: 0.53125
# Tissues used:
Prostate
# Number of folds used for cross-validation: 5
# Range of cost parameters:
0.0001	0.000263665089873	0.000695192796178	0.00183298071083	0.00483293023857	0.012742749857	0.0335981828628	0.088586679041	0.233572146909	0.615848211066	1.62377673919	4.28133239872	11.2883789168	29.7635144163	78.4759970351	206.913808111	545.559478117	1438.44988829	3792.69019073	10000.0
# Best cost parameter (determined by CV): [ 0.61584821]
# Coefficients:
0.0	0.0	0.0	0.0	0.0	0.0	0.0	0.0	0.0	0.0	0.0	0.0	0.0	0.0	0.0	0.0	0.0	0.0	0.0	0.0	0.0	0.0	0.0	0.0	0.0	0.0	0.0	0.0	0.0	0.0	0.0	0.0	0.0	0.0	0.0	0.0	0.0	0.0	0.0	0.0	0.0	0.0	0.0	0.0	0.0	0.0	0.0	0.0	0.0	0.0	0.0	0.0	0.0	0.0	0.0	0.0	0.0	0.0	0.0	0.0	0.0	0.0	0.0	0.0	0.0	0.0	0.0	0.0	0.0	0.0	0.0	0.0	0.0	0.0	0.0	0.0	0.0	0.0	0.0	0.0	0.0	0.0	0.0	0.0	0.0	0.0	0.0	1.19608111418	0.0	0.0	0.0	0.0	0.0	0.0	0.0	0.0	0.0	0.0	0.0	0.0	0.0	0.0	0.0	0.0	0.0	0.0
# Gene_ID	Label	Prediction	Decision_Func_Score	Prob_of_Pos
ENSG00000198929	1	0	-0.753881396433	0.319976152804
ENSG00000177830	0	0	-0.740978975166	0.322790105951
ENSG00000175206	1	0	-0.381684242497	0.405720742566
ENSG00000196296	1	0	-0.873948957452	0.294433270995
ENSG00000053918	1	1	0.991709687727	0.729425485392
ENSG00000162891	0	0	-0.873948957452	0.294433270995
ENSG00000137075	0	0	-0.253194175006	0.437037460557
ENSG00000112232	0	0	-0.668442826367	0.338845605664
