# Prediction results for GO term: GO:0045989
# Model used: Logistic Regression with L1 Penalty
# ROC AUC Score: 0.625
# Tissues used:
Brain - Frontal Cortex (BA9)
# Number of folds used for cross-validation: 5
# Range of cost parameters:
0.0001	0.000263665089873	0.000695192796178	0.00183298071083	0.00483293023857	0.012742749857	0.0335981828628	0.088586679041	0.233572146909	0.615848211066	1.62377673919	4.28133239872	11.2883789168	29.7635144163	78.4759970351	206.913808111	545.559478117	1438.44988829	3792.69019073	10000.0
# Best cost parameter (determined by CV): [ 29.76351442]
# Coefficients:
0.0	0.0	0.0	-1.17451108114	0.0	0.0	0.0	0.0	0.0	0.0	0.0	0.0	0.0	0.0	0.0	0.0	0.0	0.0	0.0	-0.785455227244	0.0	0.0	0.0	6.27606895411	0.0	0.0	0.0	0.0	0.0	0.0	-1.34813815273	0.0	0.0	3.76627475883	0.0	0.0	0.0	0.0	0.0	0.0	0.0	0.0	0.0	0.0	0.0	0.0	0.0	0.0	0.0	0.0	0.0	-0.812325711368	0.0	-1.976974928	0.0	0.0	0.0	-0.868454584134	0.0	3.06877042036	-2.17311825812	3.58495870672	0.0	0.0	0.0	0.0	0.0	0.0	0.0	0.0	0.0	0.0	0.0	0.0	0.0	0.0	0.0	0.0	0.0	0.0	0.0	0.0	0.0	0.0	0.0	0.0	0.0	0.0	0.0	0.0	0.0	0.0	0.0	0.0	0.0	0.0	0.0	0.0	0.0	0.0	0.0	0.0	0.0	0.0	-2.36299128536	0.0	0.0	0.0
# Gene_ID	Label	Prediction	Decision_Func_Score	Prob_of_Pos
ENSG00000148834	1	0	-1.76311210506	0.146400998914
ENSG00000212901	0	0	-3.18902411308	0.0395808604629
ENSG00000053918	1	0	-4.19734563341	0.0148127178193
ENSG00000137075	0	0	-3.13791266596	0.0415702035855
ENSG00000212722	0	0	-3.06251198403	0.044680358743
ENSG00000198929	1	1	10.1961799495	0.999962688809
ENSG00000120907	1	0	-2.59211936753	0.0696473297942
ENSG00000112232	0	1	3.94359237719	0.980989911752
