# Prediction results for GO term: GO:0003015
# Model used: Logistic Regression with L1 Penalty
# ROC AUC Score: 0.75
# Tissues used:
Ovary
# Number of folds used for cross-validation: 5
# Range of cost parameters:
0.0001	0.000263665089873	0.000695192796178	0.00183298071083	0.00483293023857	0.012742749857	0.0335981828628	0.088586679041	0.233572146909	0.615848211066	1.62377673919	4.28133239872	11.2883789168	29.7635144163	78.4759970351	206.913808111	545.559478117	1438.44988829	3792.69019073	10000.0
# Best cost parameter (determined by CV): [ 11.28837892]
# Coefficients:
0.0	0.0	0.0	0.0	0.0	0.0	0.0	0.0	0.0	0.728307217622	0.0	0.0	0.0	0.0	3.01913865099	0.0	0.0	0.0	0.0	0.0	0.0	0.0	0.0	0.0	0.0	0.0	0.0	0.0	0.0	0.0	0.0	0.0	0.0	0.0	0.0	0.0	0.0	0.0	0.0	0.0	0.0	0.0	0.0	0.0	0.0	0.0	0.0	0.0	2.80084670703	0.0	0.0	0.0	0.0	0.0	0.0	0.0	0.0	0.0	0.0	0.0	1.13464816722	0.0	0.0	-11.0838268576	0.0	0.0	0.0	0.0	0.0	0.0	0.0	0.0	0.0	0.0	1.94450404114	0.0	0.0	0.0	0.0	0.0	0.0	0.0	0.0	0.0	0.0	0.0	0.0	0.0	0.0	0.0	0.0	0.0	0.0	0.0	0.0	0.702350158677	0.0
# Gene_ID	Label	Prediction	Decision_Func_Score	Prob_of_Pos
ENSG00000138741	0	0	-0.536419124843	0.369020977565
ENSG00000159251	1	1	3.33529641263	0.965620034211
ENSG00000102683	1	1	0.208486194362	0.551933570545
ENSG00000121753	0	0	-0.903526300577	0.288326380922
ENSG00000082126	0	0	-0.903526300577	0.288326380922
ENSG00000181718	0	0	-0.903526300577	0.288326380922
ENSG00000233276	1	1	2.89388314944	0.947543229504
ENSG00000142168	1	0	-3.45898279947	0.0305020992738
