77.706123
20.189669
23.544636
12.116720
0.529543
6.318803
3.849771
0.831167
10.368464
7.890563
1.849622
0.000000
0.082876
0.000000
11.615521
30.544300
17.257320
11.237654
0.000000
5.618636
0.000000
191.055313
20.388062
119.470398
383.953674
0.000000
0.000000
17.152021
73.765808
0.921942
10.451004
0.190193
0.289272
19.678179
0.000000
5.046078
0.010701
0.000000
24.970995
0.000000
0.000000
65.318016
7.448285
56.062511
0.144512
5.751256
0.000000
1.482392
0.000000
88.513039
45.459602
2.450315
0.000000
0.000000
5.497387
1353.351074
0.000000
0.734102
0.000000
7.670029
159.940170
4.091080
9.861516
5.890221
8.820031
8.439587
0.000000
0.000000
0.118975
117.341675
75.677879
0.000000
0.000000
17.032354
25.573608
18.422361
0.293172
46.324722
14.841314
5.414356
6.136310
0.000000
0.000000
0.000000
25.720388
0.000000
0.000000
0.014501
93.451988
1.911551
0.402736
4.596621
70.683983
42.313717
0.012047
0.000000
1.183313
0.000000
6.882997
6.914569
1.807851
0.000000
30.938332
0.272696
49.251431
14.766242
9.723875
36.280521
20.408476
4.240552
848.198303
68.586151
0.000000
0.000000
5.251910
31.906261
0.000000
396.064056
1.495010
0.000000
9.662471
8.128093
0.000000
0.000000
0.000000
0.000000
335.846283
53.942509
2.652730
4.166835
87.734428
29.627262
0.838811
1.342597
60.820911
9.836784
32.951260
0.177703
2.437097
0.000000
0.457775
0.000000
54.691265
0.000000
1.064932
8.834089
0.062610
0.000000
20.391808
0.915583
0.000000
8.502265
1.290231
0.661559
0.038204
24.727068
2.295357
61.378147
0.009583
38.249493
328.341675
0.000000
0.373846
62.732346
9.833451
109.154091
28.896746
17.999983
5.233571
3.883579
299.386688
58.259220
0.216757
2.051884
23.154564
21.482693
52.257103
105.212631
3.636332
0.000000
197.587448
19.801279
0.008067
7.078792
16.395775
0.000000
86.506981
136.201706
7.618150
32.303024
166.093445
28.807465
4.294897
29.112839
31.051281
507.726105
0.000000
6.283804
171.230087
179.180786
0.329117
40.559544
25.152775
3.996085
23.778643
0.000000
0.255949
5.811427
33.825245
12.703266
0.000000
4.335712
52.020580
33.693474
11.989630
17.830112
1.286311
6.431433
160.891525
0.333673
0.063963
16.141245
3.215970
0.869641
0.000000
50.096493
0.028070
25.129164
21.065090
16.465542
2.646916
1.542829
8.280546
8.204988
8.330009
0.000000
0.138605
1.572741
11.791785
9.977698
157.835754
0.566309
0.000000
63.700912
0.000000
17.096073
0.000000
0.022606
13.706322
0.000000
0.046984
27.894285
0.090664
31.017200
29.982565
2.794624
0.000000
0.000000
0.000000
0.000000
2.938726
5.682860
3.776363
0.000000
9.097627
19.924982
99.366661
0.000000
0.000000
6.699081
0.000000
0.000000
0.000000
0.078339
2.285632
43.744789
1.600271
0.187295
0.000000
1.302127
51.803417
6.051489
0.000000
9.096466
7.755617
7.467976
8.815891
25.169662
70.927322
40.781525
7.403364
34.063683
0.321280
2.024472
0.448473
0.000000
40.471531
0.000000
110.877342
8.497468
21.124846
0.000000
0.000000
0.000000
98.432556
0.584051
0.000000
28.093033
174.007172
19.828455
24.490267
391.413727
922.160095
0.000000
0.096961
95.022621
16.974802
1.578756
0.000000
12.276447
7.530367
0.000000
63.699768
20.288750
339.098450
0.000000
61.497448
0.000000
1.972118
24.095428
0.000000
0.000000
23.812742
0.000000
0.690541
115.311646
18.202833
0.000000
0.961028
0.000000
0.000000
0.000000
434.669891
0.000000
0.037741
24.382124
10.222199
0.166755
0.333804
0.000000
0.000000
0.945807
9.582021
0.000000
4.131761
2.508644
0.000000
18.877827
5.893423
81.162025
0.000000
0.595091
61.265331
2.865229
1.046528
2.633285
0.000000
12.743158
0.000000
2.108526
25.789307
57.999760
0.584523
0.000000
149.577194
0.697441
961.118713
0.294069
1.571034
9.215205
5.768953
33.931931
98.268356
8.568666
15.496975
1713.124390
0.890790
0.000000
51.389812
20.314293
26.718687
14.624662
1025.116455
18.809675
1.840016
18.636766
23.293694
7.450476
0.445716
0.000000
0.461298
7.532172
12.695434
0.000000
5.002552
0.000000
0.056866
0.031982
0.000000
4.112890
2.676740
0.000000
0.480611
2.807782
0.000000
0.000000
1.015016
16.724583
0.158894
19.178802
59.846245
6.061607
0.119442
79.974030
360.121307
1.307366
31.162788
0.000000
0.194966
4.275412
22.533484
17.898149
0.000000
11.497626
76.184273
0.134817
3.517105
0.000000
10.653703
50.830860
34.817810
0.000000
119.110657
8.144312
6.559330
0.000000
104.756180
9.464499
0.000000
138.652557
0.000000
0.000000
13.431563
89.229546
0.000000
23.617590
7.517848
0.000000
183.603317
0.000000
3.066104
0.520085
27.197010
0.888094
7.712728
62.766163
12.629457
73.991013
0.000000
13.058064
0.007327
8.384483
0.000000
39.803085
49.612160
11.226662
9.609128
0.000000
1240.209106
16.786757
9.132433
19.536392
0.009517
4.418530
0.000000
47.570126
24.857864
0.053945
0.878152
10.891512
17.286770
2.181766
0.000000
0.101125
0.188013
6.501705
11.155850
0.000000
0.000000
20.559311
2.127885
7.996440
72.013817
0.134095
50.581985
0.532276
0.000000
26.624743
7.255928
1.492402
592.303345
0.239147
119.707924
0.077963
27.975258
30.779377
2.802339
405.952209
70.021553
0.000000
0.192485
0.642065
0.522560
4.355715
3.082239
13.680779
252.079010
9.941702
27.395041
3.353761
55.484837
39.433910
243.893372
230.396194
0.000000
0.855444
456.813110
34.171131
22.205841
130.056305
0.000000
26.292547
27.040297
291.598358
2.304926
10.473932
4.714361
3.314962
0.470156
293.245636
20.128157
53.276180
191.282455
0.000000
0.000000
7.695301
1.832051
0.135248
9.271894
0.000000
70.955322
5.567086
156.603973
39.673454
0.321749
2.231887
0.380551
156.802078
0.000000
9.581639
21.735943
3.091084
2.363608
0.000000
50.576694
2.684666
0.100309
12.919474
20.830149
3.056728
1.338668
2.368997
22.503508
10.908326
1.391969
0.760082
0.087236
17.687063
611.380798
0.208501
0.051397
10.269717
14.324789
20.725164
3.733953
77.090080
0.000000
3.762701
0.000000
58.204548
1.403908
0.726805
27.835514
1.265818
3.806429
3.697426
0.000000
159.002502
60.869087
0.161332
0.360957
104.597137
0.579916
9.600930
0.000000
14.200733
1466.206665
1.208276
11.432332
0.000000
8.229063
0.161900
6.889357
4.031328
0.000000
1.190449
0.249641
0.000000
0.000000
0.057761
2503.776123
6.471654
12.109028
11.166123
28.986320
0.143461
26.108030
8.457153
0.000000
30.508282
0.000000
78.312637
4.857157
0.051119
12.255088
8.519552
23.781776
1.187266
17.145779
20.422710
14.249137
1.255717
1.794628
0.074994
12.545134
0.000000
16.389137
22.391220
18.349840
0.078933
9.521666
20.808542
0.249850
0.578950
0.000000
1.332281
83.702675
0.374292
0.364457
19.493601
11.033660
2.442750
0.597806
98.672539
10.943479
88.681190
2.901314
0.305058
30.405491
0.000000
17.557352
10.322813
12.347322
0.000000
5.457444
880.917603
0.000000
5.116935
7.199327
33.680016
288.998932
2.893982
1.156182
9.159358
147.924423
17.840988
16.141695
11.245651
0.728907
69.135498
21.576719
113.964287
10.991892
0.000000
20.731592
26.812935
95.318253
126.684486
1.784275
0.000000
26.063835
3.792849
7.224878
20.973888
0.000000
422.481628
17.004028
0.000000
0.000000
4.428730
0.000000
4.599542
0.398181
0.310902
62.275864
22.772329
0.000000
4.503801
21.686028
31.096048
16.601906
157.146454
0.269445
2.270340
0.430008
14.855248
12.688553
71.925171
1.660397
8.986947
149.474564
1.234254
3.922240
52.939888
44.491489
0.000000
16.313917
75.346191
83.243050
12.316696
21.127462
20.269096
0.302866
5.553223
452.196777
11.689581
121.536880
104.962563
0.000000
0.408944
14.922216
0.528978
1.969280
1.523230
0.000000
12.377356
0.000000
0.432095
364.825134
1.336120
6.977169
0.000000
0.000000
11.298846
17.544111
0.000000
4.422768
0.000000
16.303402
0.324048
67.295395
55.635223
0.000000
40.515450
12.848177
48.838745
9.663537
14.661190
0.000000
36.510460
7.366468
2.643540
0.314964
0.000000
37.640106
26.804815
58.526451
3.234923
8.078510
190.954575
0.000000
29.075047
0.000000
10.745223
18.943041
2.239219
0.000000
0.104194
254092.937500
0.000000
0.000000
0.000000
54.846420
0.489159
0.000000
3.548454
0.000000
0.060305
7.006588
6.504569
32.306755
0.000000
0.000000
0.726355
7.833354
3.053045
0.000000
30.130901
8.459583
17.718027
0.000000
1.673631
62.490242
6.053258
36.174755
6.866880
66.688927
10.547385
26.068745
175.971649
0.139296
0.963304
44.501644
279.268738
0.000000
0.361875
0.000000
10.389791
20.753172
0.000000
2.595766
7.889211
0.000000
47.716827
31.709869
10.376533
58.673908
0.461400
7.614787
11.827002
10.557018
12.270401
4.902809
0.000000
0.000000
0.000000
20.558937
0.000000
271.415894
1.826291
10.717802
0.000000
41.042912
0.000000
0.000000
839.237793
16.423550
0.000000
0.000000
17.161482
0.000000
0.000000
21.069288
0.000000
0.000000
0.872181
3.759830
0.000000
16.703924
94.056442
1093.435181
34.156357
0.209899
0.000000
32.416676
2.797299
1.095662
0.000000
18.536758
20.295944
439.075165
21.604406
38.660748
8.439803
0.000000
0.236024
33.960552
0.652791
0.000000
0.000000
0.000000
0.000000
0.148612
0.152705
0.000000
2.405167
76.353081
0.945387
33.319790
10.790173
25.596823
101.127693
0.000000
75.881020
10.077581
46.993195
56.700649
1.322916
0.000000
486.399719
1.260385
0.000000
0.000000
0.324075
0.172246
0.000000
0.000000
0.000000
0.000000
0.579683
23.375597
10.875694
19.832962
94.324013
23.700922
15.458722
0.000000
25.342318
0.000000
0.000000
0.000000
0.968773
6.837939
21.236477
29.581776
3.845902
14.177214
8.942808
0.387940
0.000000
1.332990
16.354660
0.135746
40.506451
2.276937
0.000000
0.000000
11.624495
24.089668
0.004982
0.000000
0.000000
0.000000
9.037050
0.000000
13.821333
14.943881
54.820274
0.000000
3.035321
221.401230
1.936395
0.000000
13.570259
253.471771
10.175959
0.669318
0.000000
50.825443
0.000000
0.000000
19.515642
0.000000
0.000000
10.979790
0.358395
8.806387
15.384466
2.192158
7.442898
6.626446
25.900997
6.431168
0.162892
19.834103
9.334044
0.000000
15.553924
9.664134
0.286080
3.389510
0.000000
70.857841
9.725609
41.263458
65.246552
8.043977
21.697304
2.366737
0.000000
11.622631
0.418122
10.818887
79.490555
1.924841
21.122829
0.577542
0.166393
21.468784
15.047396
13.046129
9.687413
8.836042
32.848392
36.714668
1.039302
0.061989
0.000000
3.793859
3.442766
29.081085
88.566574
0.407506
0.000000
62.897640
0.000000
33.739250
0.000000
0.829400
0.000000
0.000000
12.626410
39.745579
21.099020
0.025170
0.000000
0.000000
67.774536
0.261625
14.974771
262.080933
52.241226
13.825403
0.437061
3.531560
0.000000
0.000000
52.511124
0.000000
2.326490
0.547397
29.860470
118.073486
13.772856
0.000000
30.245991
6.165870
0.000000
0.477491
109.607162
5.546588
0.298029
0.000000
0.000000
0.000000
0.000000
17.029789
0.000000
1.951021
14.585097
0.048244
24.729628
19.037983
0.000000
0.000000
15.621142
16.192072
16.139185
4900.179199
0.000000
11.729240
29.888653
15.046050
0.000000
2.626261
20.988176
0.435983
9.943188
45.233891
16.477009
74.814247
0.000000
37.005020
29.085718
12.763200
3.970356
4.670252
0.141603
0.000000
0.000000
10.030750
178.656677
3.435697
4.618065
1.792400
7.770468
4.110314
0.221633
35.876720
5.952248
8.435590
16.378550
72.708206
15.411002
1.620566
0.491841
8.589695
3.391584
2.902511
6.956614
0.000000
54.296902
14.689336
0.000000
7.637333
2.642029
0.012038
3.686798
0.222458
4.476337
0.000000
0.531613
0.000000
22.669842
0.580204
16.148151
0.591132
14.415927
0.000000
8.225330
85.901665
15.622298
0.011009
109.853409
68.696396
8.878042
2.235502
0.000000
1.421581
0.048857
0.000000
1.496187
6.175618
63.865845
43.856327
29.529137
29.007616
26.171274
2.249923
0.407277
47.665539
7.674294
0.000000
27.324654
47.496365
8.817163
90.041283
10.122249
0.021435
147.963013
3.559135
0.000000
0.593389
0.000000
0.263445
4.188551
2.649183
9.708095
15.205522
34.802361
76.625984
0.000000
0.000000
209.520706
1.298412
22.143024
7.594773
9.788386
0.000000
0.013968
24.276291
0.038572
56.762543
45.588428
58.483044
0.000000
179.643875
0.000000
37.239883
14.171278
34.020679
4.554423
17.870850
43.991314
17.932142
1.049113
46.308945
4.628810
2.539129
17.752089
3.522640
22.864761
0.000000
0.000000
37.710171
0.000000
4.871323
14.237750
0.000000
95.015198
0.107226
8.931365
20.541243
48.872696
0.410159
8.808150
21.842096
26.896955
0.000000
0.000000
20.284269
5.237970
0.499711
13.589895
1.111898
16.627924
43.215912
50.887093
177.336670
0.000000
4.829733
3.365525
6.041955
34.556171
0.000000
6.711193
118.292709
0.000000
0.021824
0.000000
18.300650
11.884690
11.801741
16.012375
96.313850
246.858200
3.731998
26.740183
0.000000
0.504943
46.943668
0.065164
0.550273
0.000000
21.594398
15.486196
16.995975
0.000000
6.231225
0.068042
19.868633
106.028229
34.677658
0.000000
0.000000
62.981110
0.310845
19.707808
14.278260
0.835194
1.083499
16.056711
0.395334
0.237740
0.000000
0.000000
0.001552
3.778841
10.446856
11.523184
0.574239
82.481606
11.676142
0.000000
0.000000
7.699357
12.905890
2.071622
1.319360
15.513616
28.683956
0.000000
0.775295
0.396488
448.343445
51.616302
3.009660
34.522530
89.274139
0.000000
0.381705
0.000000
0.018861
1.646221
0.652711
20.594423
1.691757
29.669001
0.000000
68.152336
0.000000
0.000000
0.000000
28.271509
1.258075
108.864532
0.000000
9.408359
4.908243
0.507546
15.145281
46.724667
0.000000
18.532038
0.000000
0.052275
4.776695
25.203583
0.614642
8.179581
4.305184
3.438592
29.304384
13.843953
16.663824
125.470856
29.881220
43.483295
0.135910
21.021980
15.108789
7.108595
136.726685
10.964260
20.735794
7.099713
0.000000
168.563019
4.726937
0.344259
1.650611
0.000000
44.044643
0.000000
13.141691
60.960854
0.000000
12.009397
14.137472
0.000000
10.186899
1.340508
21.252184
0.067396
26.057920
0.417924
0.000000
0.000000
0.517461
102.277199
12.602384
4.118959
0.122622
33.583633
3.778205
0.325171
15.418582
0.000000
0.040775
20.654947
0.000000
0.958577
153.213135
8.285254
0.000000
6.114583
4.311873
1.650397
1.954912
0.000000
71.059967
0.000000
7.327069
0.000000
13.127999
10.102656
17.968451
2.181978
0.000000
0.000000
14.902729
9.220325
0.000000
13.128378
432.201630
1.361900
0.014991
24.767399
30.457588
21.201859
0.346803
0.021753
15.374155
1.756245
85.637337
13.672270
21.574236
25.390459
1.793624
2.568609
7.878044
0.000000
23.544956
0.069482
0.000000
14.523618
5.390597
0.000000
22.708326
59.659275
0.000000
49.429089
41.054459
66.429474
24.487085
26.829365
1.525144
0.990162
4.582474
1.624233
24.473198
1.321728
17.148121
2.514533
0.030206
0.123832
23.423012
36.369648
0.000000
5.515409
0.000000
15.673964
0.000000
7.631274
1.067885
58.437637
22.961952
4.078806
4.065818
73.117432
4.079560
24.833227
31.618042
0.000000
0.000000
0.725356
63.626225
18.455637
0.151364
24.875725
21.514799
1.745759
15.110652
0.332719
0.314130
29.931810
0.000000
0.000000
10.809867
8.293221
7.841076
5.091428
18.987242
0.000000
0.505356
2.176884
0.000000
187.812973
4.091406
0.000000
27.621355
11.160193
55.451302
6.217133
0.028007
0.000000
6.666440
2.993318
0.439313
3.202673
20.835749
5.728255
0.000000
2.233915
15.719851
34.011261
47.771873
29.040741
7.579694
103.017433
0.854121
17.925617
1.376248
0.000000
0.570253
1.397188
0.000000
23.911768
24.399303
14.632766
5.120318
0.000000
0.000000
36.395538
175.819183
2.629845
13.487476
185.869980
91.107475
0.009837
2.292156
2.833469
0.000000
0.284344
245.868439
0.000000
23.014097
167.134308
0.000000
24.542587
619.313232
3.350906
18.033199
0.072353
13.324506
25.761736
4.720207
315.136536
20.584694
0.190966
50.020016
5.073512
0.000000
0.513472
50.538311
0.000000
27.427361
198.721451
6.762416
137.106400
2.891837
0.000000
0.000000
0.000000
0.334845
11.113395
0.125881
30.085714
22.405046
0.000000
6.433295
1.681387
9.064606
19.279202
93.381721
9.931705
156.041138
24.243034
1.938540
48.896633
773.636902
83.839615
0.000000
0.000000
0.000000
13.248916
153.316589
18.750507
7.438812
0.274556
0.000000
33.893097
0.063417
1.658513
0.230261
323.658630
1.487113
17.394279
3.551709
0.000000
8.488572
0.032076
1.171711
97.808151
0.000000
0.305811
0.000000
0.000000
29.450220
1.018045
0.121972
54.532333
116.868736
38.336216
31.975580
3.830288
0.029933
10.986138
0.000000
0.028025
0.188620
0.000000
11.091995
37.442432
21.899376
36.029766
1.563346
0.013578
6.863684
59.581017
56.337345
0.000000
91.113045
12.247215
0.342432
0.000000
0.000000
30.412722
828.801514
0.511399
11.197779
773.598022
0.344290
21.249880
11.478784
9.725260
49.927471
8.103593
0.537104
0.210464
7.893361
0.000000
16.278521
0.000000
0.000000
29.293148
11.509830
0.514785
4.463985
4.754560
24.566206
4.946203
17.015776
32.105709
3.028027
0.000000
5.653308
7.752822
2.593417
2.186872
18.246815
5.022686
8.677686
25.621613
62.911850
12.760578
9.078197
18.025507
7.235911
5.008424
23.878860
39.397369
0.039457
1.854903
27.376139
29.405436
3.299306
14.124063
0.014227
0.000000
0.000000
4.834279
0.000000
7.319372
1.707960
3.868845
34.523590
0.000000
5.763392
0.076021
0.070331
15.890903
0.855329
11.930105
0.000000
84.811577
9.297865
13.728592
0.088126
0.170988
0.000000
9.776978
0.000000
37.819942
3.158060
129.500763
0.095466
0.118277
10.206119
0.000000
0.027203
0.000000
0.819945
2.472087
0.090626
12.244514
0.000000
0.000000
0.010503
0.000000
49.316715
28.527174
44.382488
0.000000
0.000000
8.011560
0.000000
0.000000
0.000000
10.988589
2.014042
0.000000
0.284887
1.549241
4.825229
0.000000
0.000000
4.375832
36.749790
1.604377
6.221139
0.000000
0.113089
0.000000
0.336138
0.000000
0.000000
0.097795
0.000000
0.000000
12.810889
13.784159
14.384168
1.273518
9.968329
23.637026
5.989853
0.580064
5.473020
28.629908
1.256040
16.814009
0.000000
23.512299
1.986753
3.162126
3.558865
8.930548
41.044987
22.969133
0.204886
27.505697
0.985642
0.858390
45.194576
18.384846
16.491995
0.000000
14.103655
0.000000
0.000000
10.064853
139.363617
0.000000
2.601871
29.751957
171.328293
0.217049
65.367088
13.056827
11.366867
5.110985
0.000000
1.040716
0.000000
8.530291
0.000000
0.000000
0.016681
6.666877
5.760710
0.000000
0.000000
0.382116
3.774938
0.000000
0.107848
246.493484
19.163282
1.807370
0.069737
13.392238
32.800293
1.193065
51.209278
8.625675
93.435356
0.411513
0.000000
680.307861
2.679751
7.121707
5.886988
0.930878
31.576559
37.200069
0.021065
48.356342
27.931795
0.052375
9.481026
0.134062
0.855394
61.874634
76.555885
0.000000
0.139005
0.000000
0.000000
0.000000
0.000000
241.852249
3.083674
64.007637
7.626667
0.141143
0.382484
4.518045
114.473351
49.133972
0.984599
0.000000
0.000000
0.000000
0.000000
0.000000
6.100595
32.978657
2.453534
14.698204
0.000000
3.231185
0.425784
0.078280
36.439396
63.584606
17.388245
0.000000
17.417912
0.000000
0.777494
0.000000
0.000000
0.000000
0.000000
103.730721
168.692093
68.499298
19.779936
4.402771
13.258947
0.950890
19.070932
117.562523
0.000000
140.084091
0.216716
0.057088
0.000000
37.082905
0.107041
0.000000
62.280548
0.000000
22.367722
0.000000
29.870684
7.443483
0.000000
17.161936
0.000000
0.000000
1.434152
48.616528
0.051996
10.811579
38.669025
32.271599
0.185624
0.093616
98.602112
0.650263
0.277417
28.441790
11.023400
26.657471
1029.119873
0.307870
0.000000
0.047209
0.101039
0.249989
2.027073
31.121031
17.151062
65.337570
0.000000
0.026113
4.071573
0.000000
0.051541
0.342143
0.000000
110.337753
23.015785
1.979850
0.689642
0.017376
0.000000
8.173454
0.322692
0.063253
32.273369
9.002955
1.343036
19.371046
48.826973
44.009315
87.812447
132.735184
5.189514
0.000000
1.152298
39.893276
0.000000
1.208640
25.051682
2.117152
0.000000
2.591798
8.870746
12.548328
14.823939
17.435946
0.000000
0.671158
0.393209
0.487996
23.981556
18.181568
1.098435
64.017044
4.033939
17.277212
46.963409
0.000000
0.923294
2.517365
1.930661
1.237817
0.064156
0.020208
62.609058
0.222034
15.020166
2.299991
8.990135
13.025105
2.837005
4.052500
0.306531
0.000000
0.000000
31.851210
26.877129
26.059704
0.989789
0.000000
0.000000
7.019651
6.598483
3.872392
0.518634
80.561211
1.926797
6.469157
0.000000
0.000000
0.050316
0.000000
19.274141
0.000000
22.970016
0.000000
1.688748
0.000000
3.372126
0.008805
45.958542
0.000000
0.202748
117.496780
0.058684
0.287897
10.705003
1.262257
3.707644
26.128569
0.510934
2.177834
0.000000
0.086036
22.546150
0.619268
103.016449
8.360087
0.000000
0.000000
0.000000
11.883427
0.278009
7.827456
0.048839
0.025021
5.316688
23.895893
13.777220
0.015282
74.858063
2.293544
73.041069
1.089613
19.619240
15.727414
6.760457
5.796634
0.853190
0.000000
0.087653
0.000000
0.000000
12.108073
0.372319
0.000000
44.440342
0.000000
0.066322
5.932245
14.501251
0.032822
0.158281
0.608264
10.611040
2.078038
90.394432
0.689817
0.611223
36.568996
0.110987
0.000000
1.618726
1.468086
1.363649
4.496191
19.384449
0.000000
20.744740
2.485310
0.000000
89.540146
10.319764
0.000000
0.215163
137.401245
0.000000
103.487923
1.325644
51.419697
2.298887
0.000000
0.000000
70.248291
13.483386
0.000000
0.000000
0.167100
61.202396
0.000000
0.160984
0.000000
0.000000
8.670229
30.442562
0.000000
4.753754
13.814196
10.950027
2.712291
29.149902
0.000000
4.971135
8.649122
23.771215
8.462928
31.212664
5.925562
2.792184
4.395107
137.605927
32.745197
0.350456
90.646843
23.501062
14.587649
0.000000
30.262205
19.106747
8.676864
21.297401
15.135283
0.000000
0.000000
0.390858
0.371854
0.254842
0.000000
0.342996
11.984863
0.251764
0.000000
7.577130
104.990639
2.738842
0.000000
0.275769
4.413621
9.838044
0.000000
0.000000
0.171423
2.269837
11.238339
10.861535
0.456789
167.783340
6.098330
50.327564
0.123480
5.428498
0.000000
0.000000
0.000000
11.994942
0.000000
35.796230
0.397241
123.284134
10.626577
2.827106
18.864256
20.916647
21.268003
2.344880
2.103703
1.085256
0.109778
24.231911
0.000000
15.380453
0.082987
1.433233
0.000000
4.488518
312.649750
2.437371
0.402514
0.000000
0.000000
24.350840
1.736503
46.707546
6.510681
154.542816
0.197531
0.945308
4.118225
17.945896
26.363985
33.113258
0.000000
0.308444
6.385657
0.000000
0.330805
6.683085
2.831718
0.000000
10.824373
0.000000
0.000000
0.000000
0.340993
12.048784
464.038849
7.150644
0.000000
40.727459
0.000000
1.381710
2.459264
166.785919
0.000000
83.889740
53.064724
0.408023
7.565930
0.359191
22.422861
73.407455
35.028797
34.456776
33.518135
0.100725
0.121250
18.562469
38.711216
0.000000
28.237028
1.046556
13.380528
490.232910
34.616081
234.764038
0.013328
0.061712
0.356051
6.689599
0.075161
41.425339
0.000000
0.211701
13.127536
0.801909
32.430264
8.358019
27.151140
0.000000
0.174769
4.585742
0.000000
6.235009
14.465995
0.000000
4.671844
37.719898
4.923269
0.000000
103.712410
58.630325
0.000000
0.086248
3.335158
7.285337
0.023975
0.000000
0.000000
90.443047
0.615537
63.952686
19.170101
0.156938
329.810059
34.212917
11.843466
0.000000
9.007486
5.443027
15.902163
0.053703
0.405578
0.000000
0.339187
63.436966
0.000000
19.116085
2.440045
24.836853
0.000000
16.365629
0.000000
0.000000
0.000000
0.000000
0.000000
0.000000
19.959360
0.000000
0.042871
14.570430
0.000000
0.000000
0.126534
0.085475
0.105980
9.070476
16.204115
0.561238
27.325632
10.509568
5.551980
1.386337
5.216196
0.000000
3.710989
46.019802
0.000000
14.459723
0.000000
0.000000
24.997974
0.000000
362.089905
0.887171
0.000000
0.000000
0.000000
0.000000
0.521152
17.360199
60.364918
29.856657
22.363401
0.366472
0.130441
26.380535
0.319107
6.626654
1.200054
16.321871
1.712853
3.257361
0.000000
0.282767
0.223708
32.068928
3.708723
0.000000
0.000000
0.000000
0.000000
5.958836
0.000000
23.015881
18.512924
1.562071
37.070377
5.220074
872.954163
807.839783
8.513233
0.296596
0.000000
11.435447
39.518139
0.135348
7.305580
6.519592
2.474237
6.969925
0.799366
7.608241
1.630876
135.640823
59.412334
1.204531
300.890991
2.819874
1.029771
3.834400
0.093768
33.162197
598.901917
0.152898
0.000000
0.841314
0.000000
0.000000
0.000000
0.471397
25.558847
20.335176
0.769788
0.000000
0.019920
17.098724
214.511627
18.636232
0.000000
26.030758
4.712922
12.017730
28.861116
8.801303
34.840172
1.626040
0.000000
6.401029
0.000000
0.611622
135.026184
1.691463
2.422140
23.700026
51.207363
0.489759
6.951422
2.477386
12.547938
0.945206
0.000000
19.065613
11.671304
0.476807
12.405915
0.000000
0.000000
18.939415
131.484344
56.827076
743.068176
13.932916
2.221750
14.414120
7.091014
1.551571
19.262867
26.052525
7.691291
21.749350
42.608696
45.665783
0.043993
27.248247
0.000000
0.589427
371.797913
50.181293
0.000000
16.481091
0.000000
0.000000
10.130068
0.621092
19.530113
0.000000
0.296051
10.267655
0.000000
0.215369
17.182955
0.000000
0.074020
9.046425
21.419224
2.993994
12.352881
0.752501
1.300088
0.000000
0.000000
0.000000
19.188692
39.694229
0.000000
27.739868
5.044010
0.428471
3.228003
0.138233
0.000000
1.471352
46.678783
1.080212
0.026190
0.000000
0.052139
0.000000
4.886024
0.000000
0.000000
0.000000
0.866096
0.000000
2.428731
26.051003
3.651539
3.825704
1.562280
0.345365
2.449041
0.000000
0.000000
1.459877
0.484181
0.000000
0.000000
118.508286
31.356075
21.007061
0.000000
0.325374
526.654724
0.902999
0.000000
0.202737
7.289290
2.612035
0.000000
7.767691
0.648988
44.508614
0.000000
37.857307
0.000000
0.588457
0.000000
20.087507
0.000000
0.181311
0.000000
3.283481
7.764876
31.273918
8.232836
1.672667
0.867789
0.839029
4.445826
4.791147
37.017216
0.259651
0.000000
87.487572
1.058710
20.211834
18.141180
45.612179
172.004135
0.000000
0.000000
26.606483
1.775200
22.044622
0.017872
98.646271
207.635147
21.376125
7.895445
26.908852
0.000000
0.000000
0.000000
0.000000
21.247606
5.991903
2.913230
52.576870
0.000000
2.736388
8.281384
30.214970
25.956270
18.472824
25.733423
6.514667
27.507502
26.545116
1.687128
108.237610
0.285624
0.000000
0.000000
37.076950
0.088720
33.905895
224.836594
0.000000
0.000000
0.212647
74.178497
37.445614
11.041606
14.292871
9.339521
63.363857
0.000000
163.837982
8.758490
26.826164
40.177593
6.920716
19.410994
46.258751
2.936302
0.000000
28.074144
22.055510
0.000000
24.016773
13.592265
6.478995
44.748104
0.000000
0.000000
0.013971
1590.001221
8.469085
10.099098
0.000000
5.417848
10.555053
0.000000
0.000000
299.222290
0.000000
45.705544
2.062799
0.000000
19.714130
0.000000
0.120122
30.762630
1.759187
0.000000
39.687313
24.885052
2.927172
7.530942
14.587801
229.970795
0.000000
0.013936
0.000000
2.212866
3.501422
12.510696
9.282637
8.970577
167.479980
115.771744
1.150959
52.674374
0.000000
68.319832
13.455264
2.030144
0.000000
0.000000
5.469317
0.000000
57.883648
3.582687
13.981612
56.403500
12.224201
23.585617
12.339072
3.732294
0.000000
12.349069
2.313985
0.000000
0.000000
69.856880
1.571186
0.039917
0.895114
47.388115
1.099025
0.192990
0.000000
0.000000
25.881800
0.000000
0.009947
35.205029
0.000000
0.000000
0.841650
41.887741
0.026503
0.000000
20.284340
0.000000
145.699432
3.763264
0.000000
0.000000
0.000000
56.813236
64.064873
8.600981
16.090332
0.068980
0.674477
62.584038
22.504787
0.874804
9.385190
4.680107
5.463051
60.800819
0.048033
101.451775
8.197118
0.000000
0.000000
8.922597
0.000000
0.984930
0.045826
0.495440
0.000000
39.137409
4.779342
73.578018
0.086550
2.539014
14.523503
13.977148
0.000000
0.000000
0.000000
10.203725
40.700832
24.690393
0.000000
0.000000
0.000000
0.900332
0.000000
0.000000
0.000000
0.000000
0.131218
5.956325
30.411692
0.901603
5.839919
12.861860
0.000000
0.563436
9.750181
62.562328
6.309558
2.953285
3.523621
6.835239
0.340976
5.588225
0.000000
0.000000
0.000000
0.000000
0.000000
3.297774
47.084324
0.000000
14.731838
0.059138
20.240074
3.793488
0.024132
4.065408
4.669655
14.129451
7.134048
152246.421875
5.242928
24.107670
0.762469
3.876739
6.304788
5.426341
2.178830
70.553177
0.000000
31.552938
0.669510
6.504749
13.444935
7.380912
0.000000
455.835175
9.887983
44.912060
0.000000
22.063337
0.000000
0.053374
0.000000
35.241146
11.550443
22.614027
0.967350
33.844593
0.000000
0.000000
27.159546
6.807959
3.053241
7.944090
40.193836
17.820217
2.523488
0.000000
4.815272
13.154965
0.318868
742.622864
29.573568
36.260078
0.000000
6.878733
49.651615
0.313733
0.000000
235.249619
0.132801
30.288742
5.030645
2.220699
0.000000
0.000000
0.000000
0.088955
1.339981
665.272278
0.000000
0.000000
25.733980
7.120162
3.471113
8.789311
2.967552
6.073364
1018.472961
0.355138
56.886089
3.574412
0.713429
17.508957
27.630735
0.000000
11.823634
59.470013
0.696113
0.000000
19.345930
12.840454
0.053881
31.196812
4.086905
19.102835
169.410141
0.000000
23.554338
0.582469
0.421498
0.000000
0.000000
0.000000
9.994155
1.375663
0.099725
0.000000
0.000000
2.899095
128.684692
2.930069
1.406107
1.370346
11.038705
0.000000
0.990569
1.634205
8.463723
14.189802
13.258456
39.721661
1.581821
0.000000
5.403256
27.990019
0.465574
1.128496
1.888467
8.792614
6.663114
0.000000
39.704731
0.000000
0.000000
26.356749
0.749003
10.791186
0.000000
0.057943
21.689516
592.124268
2.559195
225.305359
14.118036
3.765670
1.511830
45.857323
166.680695
0.000000
1.496120
1.438874
0.000000
2.694669
0.950495
0.000000
23.235048
0.000000
0.108632
0.637827
7.242270
0.000000
22.017303
0.075347
18.198034
9.703248
0.000000
0.000000
0.000000
43.434536
0.081722
0.000000
7.807433
0.887188
7.459288
0.000000
27.452101
122.571877
6.227518
0.267686
1.523065
0.094959
6.875389
0.422782
82.145805
0.642060
15.119169
2.495230
0.000000
4739.531738
0.646258
99.556274
1.446499
68.400955
0.616447
0.000000
1.177938
0.525628
34.824703
6.701330
22.159904
244.057465
0.005023
8.244199
5.743408
0.000000
0.000000
0.000000
15.635619
0.000000
5.150666
2.877670
0.000000
22.393175
35.270020
0.000000
1.995500
0.000000
64.860023
0.000000
65.486847
26.075233
159.726837
0.000000
0.000000
24.342663
0.000000
0.602672
0.000000
3.378217
24.087818
0.000000
0.761087
0.000000
40.451885
0.000000
0.000000
53.824135
768.680786
7.510536
0.000000
0.000000
7.463760
12.434165
0.000000
0.071862
14.692959
4.503759
33.572708
0.333475
2.732685
0.000000
0.000000
0.080948
0.000000
41.578159
26.703259
0.142766
6.898702
10.787173
0.000000
5.570437
0.000000
8.155396
0.066763
22.842752
0.764814
1.853525
54.913673
6.458476
46.220722
0.000000
0.000000
0.281565
5.221795
1.596753
0.000000
3.639033
0.000000
243.958054
0.051832
0.000000
61.830482
16.192738
22.015188
6.890636
0.000000
0.061989
16.690912
1.075586
43.795589
44.521599
0.000000
35.528992
147.079330
37.713444
2.921103
147.105209
0.371906
1.696134
0.000000
20.594059
1.573194
1.399621
172.487640
30.935942
1.627108
6.763998
0.000000
59.773602
16.967829
0.503709
0.236913
8.844554
19.612278
0.000000
1.148332
8.597055
0.446592
0.000000
0.017130
3.470181
0.000000
0.000000
0.560168
0.029642
37.669857
16.033485
3065.323242
0.000000
9.407225
3720.115479
0.000000
0.058373
0.076123
0.000000
1.680638
91.606895
46.015114
0.000000
10.922820
26.082571
0.375040
0.491905
56.210258
0.277310
1.381344
0.000000
0.000000
6.875839
0.268931
14.142670
71.057381
74.960068
10.690159
0.000000
5.943250
2.951144
0.329316
0.000000
31.802692
0.000000
34.260548
41.508041
0.737562
1.413592
4.208569
26.286333
0.142080
54.744205
1.573836
0.386340
27.470728
0.021299
83.817169
0.000000
53.831036
112.603630
6.312311
36.588234
1.495940
2.691902
0.255012
2.826163
21.321280
16.798008
0.831008
0.000000
5.791461
110.822914
0.137768
0.000000
0.000000
2.243380
1.026909
0.000000
0.000000
11.969363
0.000000
5.755813
37.774315
0.000000
0.000000
20.971846
0.000000
0.000000
31.412298
0.000000
0.067211
0.476198
0.000000
48.327168
0.000000
0.000000
165.534775
0.000000
9.773080
49.838490
0.000000
1.620587
0.000000
43.932835
0.819303
103.867920
23.568632
0.000000
0.055941
0.303774
126.723351
1.462403
0.000000
0.148172
27.941326
8.591718
23.320316
0.042343
0.274855
0.000000
9.307047
117.230591
0.000000
0.018497
264371.718750
10.218175
0.091935
2.100652
0.000000
0.695214
43.480659
36.225700
0.013452
0.000000
214.977356
4.595751
12.996685
45.906750
150.265915
1.031577
132.466736
25.714155
117.414688
5.561176
23.440077
0.043680
162.170502
164.905502
41.292515
26.039324
0.000000
31.022524
0.000000
14.365977
0.000000
14.620642
13.578196
12.643300
0.242049
13.580594
0.000000
0.000000
1.645843
11.495760
0.795125
0.000000
8.338296
20.988346
62.793297
1.462156
10.383840
105.667664
0.000000
77.692917
1.484878
0.000000
0.487715
7.716271
0.000000
2.976843
38.266720
1.016180
12.984126
0.000000
14.162510
0.000000
82.751610
33.678070
3.266620
0.000000
10.592648
11.021545
0.000000
0.000000
4.120644
32.549393
71.467918
56.816883
18.654390
11.192693
29.789602
12.577289
23.443348
19.276518
0.000000
30.776049
5.229239
63.945671
56.019768
1.202752
0.052361
34.668022
233.426682
0.000000
4.475329
3.772963
10.235172
6.437053
0.000000
0.000000
14.916131
3.316760
0.000000
141.931488
97.394783
23.732584
0.000000
133.168304
5.334932
7.728946
160.925598
4.008934
24.288467
0.000000
0.000000
9.979675
25.952871
14.660187
33.377151
19.413946
0.000000
0.000000
0.000000
17.089649
0.000000
0.519349
0.000000
32.017994
0.128193
78.443954
0.261540
0.098112
41.112522
0.463127
4.023716
1.871230
18.607597
0.977649
0.000000
0.000000
0.000000
0.000000
66.601440
1.102911
54.452702
2.756511
1.911871
0.000000
0.000000
15.955577
1.008082
0.313950
40.808578
0.000000
108.796417
9.085942
33.622578
237.934113
0.587187
0.305087
29.386044
0.000000
180.602127
1354.916138
0.000000
42.894428
90.850212
0.000000
4.090302
0.000000
0.013915
0.000000
0.000000
0.000000
15.979891
23.153320
0.000000
22.670971
239.710938
0.248290
0.000000
0.000000
0.400686
1.610228
0.000000
0.000000
0.000000
37.188873
0.147450
65.732704
0.000000
33.540451
47.115730
245.914093
16.495050
13.492408
4.424244
3.045410
30.902725
1.634293
3.717330
11.855149
1.808777
1.438220
0.634864
26.935648
0.000000
73.291260
33.151943
31.009138
2.944887
0.503519
1.455526
4.767807
22.806255
0.000000
4.912042
3.774178
0.077077
241.572357
0.000000
0.000000
0.000000
0.421420
1.785391
0.000000
0.967817
0.413008
0.236426
36.738941
0.000000
1.416936
6.948853
14.313946
10.079995
121.784126
4.537856
41.609959
27.934610
1.887325
16.565168
0.133704
14.072247
0.000000
0.000000
0.588583
0.000000
0.000000
3.820259
0.221947
0.000000
0.000000
0.000000
115.535049
82.938217
0.000000
73.250015
0.000000
8.033548
0.000000
10.203572
0.532551
0.072844
108.844688
27.062916
3.040367
0.000000
0.067874
37.771667
5.202135
2.844073
37.485733
21.764227
1.359781
0.000000
67.761490
27.416664
1.342116
40.032475
0.000000
0.260883
0.258427
0.000000
0.000000
18.322248
0.000000
8.403935
0.000000
0.000000
73.470459
0.095782
0.000000
0.972992
20.841150
53.440632
0.000000
12.071132
0.945930
0.000000
16.080416
11.745529
2.266485
17.600788
0.467550
5.520430
0.000000
8.123229
11.625226
105.128738
0.000000
0.000000
10.026214
2.244283
18.107914
24.843908
0.000000
16.251932
0.000000
6.046254
0.000000
0.044590
1.600275
0.000000
15.430140
12.729441
0.000000
6.801050
2.897436
17.684807
8.951561
0.000000
9.044571
13.904562
7.596924
0.000000
0.000000
0.752248
2.837291
9.920138
0.000000
2.571485
4.378973
2.083115
0.000000
147.419220
31.382536
0.000000
16.225107
0.000000
5.663450
0.000000
0.000000
5.174083
37.903957
66.982628
14.490122
0.000000
0.000000
2.938754
4.057044
10.188630
21.512007
20.922447
20.656950
0.000000
0.000000
14.619552
0.431733
47.651726
0.000000
107.324135
28.084370
0.000000
0.000000
42.098843
0.000000
13.087031
0.000000
0.500832
4.708534
84.744987
47.283592
24.357376
0.544514
25.197035
0.000000
2.185743
1.974982
0.000000
10.616456
1.145968
0.201042
0.106403
6.181077
0.000000
0.000000
0.000000
0.197925
0.000000
0.000000
9.914114
0.000000
16.148561
122.446861
0.000000
22.537169
4.788089
1.090795
0.541867
34.093014
37.550064
10.437267
0.000000
43.211575
0.000000
0.000000
2.973393
0.000000
22.056763
0.000000
8.553108
0.000000
88.048874
0.000000
666.790649
7.103932
22.236582
57.818008
288.704773
0.000000
20.789398
0.562210
11.498466
0.000000
16.965677
1.219055
0.000000
0.358964
0.000000
8.344837
0.000000
42.012012
43.864128
0.000000
0.000000
14.760426
0.000000
19.685770
0.000000
4.593494
20.337076
65.295433
0.000000
37.203861
4.609726
0.000000
10.860210
10.246108
28.884659
0.000000
19.265453
0.000000
20.342962
0.000000
0.000000
29.429041
76.508415
38.079102
117.227516
1.545224
0.000000
20.590078
3.802752
0.000000
0.000000
4.267812
0.296034
309.461182
0.000000
2.621693
0.115279
0.000000
26.040161
2.215681
0.000000
15.310625
73.607071
24.350937
6.502877
23.239346
33.888832
12.313720
17.279964
0.000000
0.000000
24.912348
11.379243
14.904702
0.000000
4.486051
11.261975
0.000000
26.626097
0.000000
0.000000
1.737135
85.205032
0.000000
28.630129
2.057574
0.132712
0.000000
3.081732
12.932867
58.523132
14.984654
0.000000
1.744955
61.018703
198.495438
17.294680
1900.752319
42.010895
5.170702
0.000000
5.140284
7.140626
348.175201
0.000000
3.237366
6.957568
76.400253
0.832558
91.246887
0.793016
37.071579
19.423006
7.607940
25.542442
8.481730
12.542748
0.000000
9.439774
45.206585
12.891949
0.565746
0.000000
3.089615
156.700134
53.889763
0.000000
8.639177
6.758745
19.386953
0.000000
130.562027
0.000000
8.965373
13.920229
67.780739
0.000000
28.006508
0.708505
0.623112
0.000000
0.377591
0.000000
28.541439
3.234515
0.000000
73.163002
0.000000
19.098980
0.552140
41.332615
2.623797
11.543514
0.968745
3.264272
7.827650
3.995204
20.787121
5.697881
15.347328
54.058289
0.264366
0.000000
0.000000
0.496904
28.431540
1.626321
362.574402
21.249130
0.000000
1.704176
2.387164
17.587891
6.843565
34.069489
18.268791
0.260128
7.046703
0.000000
6.652478
0.000000
0.000000
0.000000
0.695636
0.143081
0.000000
127.022858
17.129875
0.000000
0.115297
9.971963
22.315945
15.851663
0.234793
0.000000
28.771273
36.375893
47.907116
40.928543
6.762764
0.000000
69.195679
3.895602
11.017945
0.772242
29.504707
2.236173
0.000000
8.004797
14.110601
0.000000
0.000000
0.839668
52.398190
30.860825
0.000000
10.863951
16.228579
10.570724
18.543259
0.588246
0.317865
311.340576
0.000000
31.546804
12.419721
0.291334
0.979478
0.000000
3.705799
0.000000
19.800047
3.018299
17.512072
33.942787
27.367842
3.973827
0.000000
0.000000
0.000000
37.984047
0.244954
0.000000
3.040925
61.440201
13.638971
46.992977
72.743286
14.630521
0.000000
3.114676
22.249640
3.380826
21.370987
0.000000
0.000000
17.663195
3.796722
0.000000
0.000000
5.078200
1.350997
0.000000
0.278855
45.409260
14.084501
3.575810
63.872890
0.000000
180.846451
0.000000
32.663494
16.589661
2.071135
4.566026
2.713426
90.851318
0.657273
1.455752
212.107147
1.626609
42.024483
5.612686
10.746281
22.418158
0.000000
7.963633
395.421997
130.018509
34.620953
43.527359
43.754364
54.278431
30.146315
0.000000
11.034925
0.000000
0.000000
0.553623
0.544347
73.113228
9.926456
18.555021
0.000000
59.162823
34.197971
51.993542
20.077957
224.917709
94.841415
1.881305
34.661747
143.179398
0.000000
61.209171
35.045452
11.338625
26.137613
22.203260
0.110037
0.000000
17.831112
2.192188
6.092331
0.000000
0.115400
2.910649
4.554647
0.000000
2667.233398
0.000000
4.436907
9.448847
12.315503
0.000000
12.460495
45.022976
0.000000
10.174296
25.907112
0.586869
0.000000
5.482790
15.757424
8.816832
1.994625
16.272083
1.216933
0.000000
14.365541
0.000000
31.537224
26.132299
0.417305
0.000000
56.495056
0.000000
0.241813
11.932359
0.041233
34.586781
13.778059
0.551666
0.286716
0.000000
0.000000
14.567078
27.568327
16.571087
0.000000
36.835827
52.374695
63.095463
18.860132
2.369214
6.589505
0.431242
2.138013
0.000000
0.000000
35.111115
1.424252
0.000000
0.000000
0.000000
0.512366
22.622639
77.447426
0.000000
13.573874
9.487224
20.926891
13.643289
27.126719
0.000000
0.008988
0.025791
0.000000
0.000000
20.128952
0.000000
0.031180
5.884542
1.729613
4.167395
0.000000
0.730095
0.017860
8.690256
0.000000
32.496399
53.308361
35.260498
0.140296
0.657843
0.899461
0.590622
0.000000
10.361631
9.008722
0.000000
15.119098
0.065753
0.000000
4.914738
0.000000
0.000000
25.245432
0.000000
0.000000
7.820753
0.000000
2.102579
1.927796
11.901670
0.008698
0.000000
29.040136
0.000000
166.759171
0.000000
13.714848
0.000000
22.010208
6.142839
23.927464
0.000000
52.793560
57.236603
175.752884
0.000000
1.531330
0.000000
0.000000
0.000000
1.641517
5.964446
19.175306
0.081756
0.566075
112.478836
0.000000
0.000000
4.779875
0.558529
0.000000
0.523676
42.190754
343.037964
0.000000
21.578650
0.405928
0.008902
4.237046
8.844395
0.000000
110.954285
0.354930
2.330063
0.007933
24.350828
0.000000
26.517166
44.403038
0.666757
0.000000
51.147442
23.691263
2.160057
5.682253
0.490023
40.911854
12.463957
0.096836
35.206825
0.000000
84.264442
0.000000
1.410849
1.112662
33.708824
1.861475
0.000000
1.972464
1.920954
0.000000
0.000000
0.000000
2.957032
0.000000
0.907326
2.129913
0.000000
0.000000
201.647369
0.012906
21.702150
36.674637
1.584727
24.195150
0.000000
0.038480
0.000000
54.655426
22.648483
0.000000
1.883620
20.793936
8.154259
0.000000
0.378408
0.000000
1.844344
0.000000
0.000000
0.000000
48.707359
15.372258
0.000000
0.300251
36.364380
17.817259
1.049846
0.025579
47.337711
33.228909
1.536518
0.000000
15.096766
0.000000
2.382254
548.152649
72.379105
1.908422
25.075020
0.081775
44.511238
0.000000
5.661713
5.839463
6.172911
20.185226
1.195796
0.000000
618.563171
12.663175
37.048782
7.890478
0.000000
2410.339355
20.662325
450.847046
279.803650
2.740538
463.401794
21.554792
41.782913
699.220886
45.295158
0.000000
4.322960
11.073325
2.864825
61.320011
0.000000
0.000000
4.909455
28.432278
30.815969
0.000000
169.421219
118.221672
128.306000
0.000000
0.000000
1337.095337
20.618956
0.225334
2.514652
0.000000
127.129929
0.000000
32.910046
3.049223
18.306089
0.000000
9.033508
1360.335083
52.869564
21.414528
0.000000
0.000000
62.578163
2.545115
686.144592
8.014711
34.334385
82.636932
15.605137
26.045631
468.542572
0.000000
2.325289
104.457253
0.000000
39.640812
2473.159180
0.615487
17.884226
0.000000
0.429907
0.000000
2.085403
0.135447
14.091230
16.341061
2.253023
10.295287
26.041559
7.694111
23.018930
0.000000
34.210842
3270.066406
180.646194
11.967307
1.819543
1.579162
3.331786
0.000000
26.285217
3.005752
10.905041
0.000000
5.481160
0.842438
26.279686
21.940767
9.857305
5.621778
0.000000
6.476068
9.597342
1.284120
0.240270
7.836342
0.055191
0.656039
4.507422
92.411758
0.000000
2.471400
6.195020
0.000000
14.626501
147.925323
49.211266
0.000000
8.982297
5.577452
0.000000
7.785631
6.534153
0.000000
25.256054
1.994129
0.600827
0.247674
177.183121
13.163613
12.606347
6.590471
15.632513
0.857337
35.285629
9.574580
0.736237
0.000000
52.434158
0.000000
4.050983
33.959728
9.650913
69.294380
76.419800
0.000000
1.253023
14.824824
0.270073
0.000000
0.000000
0.029273
2.518729
19.876459
27.320911
0.000000
0.000000
17.109041
10.409163
0.000000
0.092724
8.512444
0.041596
0.000000
0.539314
0.000000
0.000000
0.000000
1.217738
0.061344
9.805655
0.000000
32.608974
28.749216
0.000000
11.585758
0.000000
0.675115
77.744492
28.146063
0.713863
15.819829
0.537123
16.283108
21.474848
2.554342
60.686188
190.199570
21.709005
12.783707
0.419592
35.514721
3.534281
5.971257
57.852768
6.346132
0.000000
55.594963
14.650677
0.000000
117.248085
0.000000
1.972580
0.810204
0.200335
0.000000
0.000000
4.444749
68.085808
3.731422
0.000000
0.000000
0.000000
0.000000
0.000000
0.092104
5.375474
0.316217
37.314632
0.574983
169.977692
16.932028
0.141204
4.189664
0.321676
0.053736
39.209633
23.701193
0.000000
24.431269
19.400213
0.000000
8.553867
287.411835
22.646952
29.429098
0.000000
2.284918
87.530640
0.006600
0.051999
552.887573
0.000000
2.271551
10.590238
6.087984
0.705865
0.196325
10.535437
201.383224
0.032050
1.607914
69.997910
6.249386
5.733799
0.556287
0.226752
1.063535
0.009904
6.021189
12.764837
2.889453
0.000000
0.000000
41.454884
1.086641
33.076996
10.141659
1.988160
20.040930
6.635932
15.014831
5.935298
1.803270
1.048461
0.000000
25.055624
17.988895
0.475805
8.488146
0.400340
0.000000
0.678363
0.917100
0.000000
38.197422
3.884246
0.000000
2.800476
16.391289
8.175049
48.937428
6.321683
14.388102
44.795238
21.073288
15.361234
29.780577
0.000000
23.863457
0.000000
338.926788
10.992488
75.108826
0.025941
6.639843
6.851780
0.000000
42.964283
11.296486
7.042045
0.000000
2.969539
14.158951
0.000000
0.283405
0.271563
0.000000
0.607571
0.299339
0.000000
0.000000
2.176268
517.814331
508.043152
0.000000
24.073635
2260.745117
417.538452
5181.235840
0.022376
0.000000
0.052625
0.000000
0.063254
0.108924
0.000000
0.000000
0.000000
0.000000
0.030312
0.000000
0.000000
0.000000
0.000000
0.000000
0.000000
4.061910
0.008637
0.000000
301.614319
27.144672
0.000000
2.923351
11.198419
25.512501
0.000000
6.995498
19.835634
7.701572
42.285069
5.554720
21.929539
0.000000
4.041930
28.869986
0.000000
18.479242
0.000000
11.291277
0.130911
175.516190
411.804962
6.153552
0.206796
0.313106
0.000000
5.580712
0.187946
40.593979
0.000000
22.075808
30.524143
8.150614
10.389326
25.464546
0.922419
56.209763
263.097565
176.320038
0.009620
0.000000
6.718745
5.770236
0.000000
0.647722
38.366199
31.120922
5.549312
0.000000
0.000000
0.000000
0.945835
0.000000
0.000000
4.267686
37.529774
10.423299
45.537888
0.017652
11.383440
0.000000
0.000000
56.002785
10.462123
10.238843
0.116294
16.942183
9.148183
1.124180
52.794289
34.233349
17.185322
5.530392
3.666791
0.140660
3.743167
54.288605
194.411575
0.000000
0.000000
84.817146
20.158276
13.503040
0.394165
13.109238
0.396796
0.000000
0.000000
0.000000
0.045568
0.262601
0.000000
23.175951
2.572630
17.568068
25.874146
0.000000
19.561962
25.387218
17.453592
0.286698
0.000000
0.000000
68.633804
47.053001
0.245960
0.000000
0.828055
4.412669
23.528822
0.635307
14.235192
30.001154
17.876352
0.313535
0.234363
7.910336
0.000000
22.881100
8.894764
0.000000
600.546326
0.000000
3.625832
22.769382
5.319733
11.718876
0.000000
20.644838
95.227943
0.000000
13.025620
12.482060
0.000000
4.822249
62.358086
4.516676
0.063563
16.538260
13.048108
150.047256
0.000000
0.000000
110.324379
3.186770
23.198950
8.047212
0.000000
102.965279
15.551885
0.000000
0.000000
0.000000
3.082914
0.163112
3.782153
0.000000
9.053658
2.047310
5.726225
0.103526
7.320570
0.066588
6.869915
54.751717
0.000000
0.000000
0.009585
0.000000
0.022495
0.888829
21.358892
31.132696
6.434023
23.270472
0.825277
2.406433
0.099993
4.743450
25.425442
21.100937
36.358250
0.054042
27.672827
8.355598
16.543480
0.622366
1.246484
8.368756
0.420668
0.000000
4.816569
14.750682
0.000000
1.498192
1.824829
25.833525
15.491777
0.000000
0.000000
11.158016
5.535583
3.480563
104.613823
1.889875
0.000000
0.000000
0.000000
1.500231
3.639508
0.000000
2.281070
15.248884
11.678454
1.546680
2.131547
59.690277
1.638605
0.000000
44.021770
46.698200
15.198718
12.409328
0.000000
0.000000
8.339488
2.366841
5.129313
11.154019
0.000000
0.035896
0.130353
0.000000
0.000000
14.117626
0.000000
16.011580
10.142061
8.264882
3.606736
0.382888
14.502113
39.510170
120.539902
223.096024
22.878851
13.494766
10.483233
15.804136
35.598278
0.311357
17.217024
0.041723
0.552117
11.370168
4.016911
11.208251
6.956304
6.400616
0.000000
0.143320
0.000000
6.185772
713.542725
5.035175
0.000000
7.662230
2.191319
19.069361
42.077526
0.000000
0.000000
3.268535
15.666824
62.011723
20.059105
10.315127
7.774266
42.889351
0.000000
0.319989
4.779094
0.000000
0.080965
0.000000
0.000000
0.000000
14.246352
0.000000
7.087696
0.461795
6.957765
0.031346
0.000000
5.638954
38.439041
19.347439
0.872299
0.591122
46.436729
0.000000
0.000000
1097.498291
0.000000
0.000000
0.000000
10.370194
0.000000
1.402444
0.227379
0.000000
3.182956
1.675872
0.000000
0.000000
1.793830
0.000000
0.038629
214.198486
0.591412
5.542761
133.711243
3.060989
110.605606
0.000000
496.442505
0.000000
0.108611
22.346977
3.372766
0.671229
21.208557
81.300903
31.976706
0.000000
4.252357
0.444052
0.000000
0.000000
4.121872
0.775295
0.000000
6.940229
0.000000
0.000000
0.000000
7.159210
4.899038
3.360753
4.696772
1.108401
1.425002
2.735196
0.212757
13.617628
0.064608
0.000000
1.306746
0.000000
4.597172
0.047128
0.266290
4.579584
17.642162
15.858058
25.148195
1.653806
93.027756
6.939658
208.547913
0.000000
1.783896
12.965743
1.748494
4.104926
13.138845
9.909217
8.766971
1.362942
0.000000
0.000000
0.000000
0.450376
0.000000
4.771492
0.000000
0.000000
39.006874
43.616310
0.821581
1.214566
2.536065
0.000000
20.324160
7.723420
55.850521
4.250773
1.183333
0.255052
0.000000
0.030072
32.271099
1.910408
9.890780
8.508303
0.000000
2.720706
0.013357
6.008626
3.089490
0.323655
24.320381
0.000000
0.050156
10.323164
46.810661
10.686395
0.000000
32.890888
45.825806
86.309830
279.189941
8.612138
0.000000
0.000000
0.000000
19.334654
34.866318
0.274481
1.284807
11.069263
0.959497
3.636002
38.839958
23.514746
8.527369
27.690742
0.000000
18.856609
0.000000
16.387550
9.062077
5.144294
433.470520
117.101837
0.336738
29.901932
1.533993
15.484501
0.000000
40.398743
6.654748
1.295809
0.842871
4.572617
39.770382
0.761476
0.000000
0.000000
1.012186
47.794094
14.921762
4.724710
10.436938
0.030632
19.342686
0.000000
33.739201
0.000000
0.021633
71.568657
0.088918
0.000000
26.695004
21.217503
0.000000
0.000000
0.000000
19.112593
7.193230
85.418770
0.464598
5.824622
19.488541
39.591400
0.000000
83.522285
0.000000
3.880083
6.438325
2.545373
22.772551
57.188190
3.450941
5.352198
0.000000
1.508108
41.351608
3.370678
0.531478
58.712914
59.830074
11.586161
10.370030
27.813744
0.414803
0.385867
0.383168
0.655933
0.000000
18.395811
16.281384
22.900124
38.294743
0.792741
0.000000
0.000000
46.115654
98.814056
99.550583
15.141431
0.059349
1.940000
0.000000
221.192612
32.611828
28.188108
1.698934
0.104057
0.000000
0.000000
80.020142
16.547583
92.327545
0.000000
50.754608
3.607890
0.000000
26.705652
0.000000
3.336231
0.000000
1.346545
199.724854
611.630066
5.461682
19.807856
0.000000
10.193694
0.000000
34.265358
0.000000
25.598726
17.127928
7.419024
9.189312
17.970428
31.751997
5.151871
4.218282
107.126823
0.069626
0.424330
0.000000
9.901732
0.000000
3.366694
11.444985
67.398079
21.003019
30.487379
34.769688
0.000000
0.000000
963.673828
0.082445
2.841471
3.904261
0.000000
11.706375
0.887080
10.808310
11.729605
23.564190
5.248402
0.000000
0.011618
6.568899
3.199767
9.037842
0.000000
0.000000
0.000000
1.029909
3.336118
3.092940
16.820028
0.000000
0.000000
11.038248
0.000000
4.789071
0.650298
1.840523
8.295124
8.755474
5.794310
87.493950
0.000000
0.000000
0.227791
45.943115
1.762300
14.236570
123.613106
9.637186
524.205139
0.000000
14.732199
0.000000
104.779373
32.011494
56.298931
0.000000
0.000000
14.388896
0.000000
89.998055
0.964439
28.284531
9.771572
13.875272
0.000000
0.000000
1.038199
142.546921
10.208978
4.512840
47.068523
4.267208
0.651517
0.000000
15.544175
0.000000
47.252163
0.000000
1.062596
17.946266
4.112015
30.285706
0.000000
0.159536
10.011192
0.000000
20.076159
57.840664
183.432404
200.874878
0.000000
21.780443
0.000000
18.870279
27.049166
0.000000
3.683068
0.111307
0.000000
0.041850
0.000000
39.127480
0.056192
0.000000
0.100339
28.184029
7.004927
1639.200684
1643.326538
2.984069
0.000000
9.393219
0.000000
14.234900
0.000000
0.148605
37.419388
0.012553
0.000000
5.181958
574.634888
12.678529
0.986962
12.450969
0.000000
0.000000
0.000000
0.000000
5.469859
6.273077
31.605413
10.354555
76.836601
0.350422
37.148220
0.000000
0.398995
8.415931
0.733109
0.000000
267.048737
0.000000
12.212609
27.656530
22.786707
0.193145
23.898298
35.610447
0.000000
53.104973
33.967857
0.000000
2.007744
0.799042
42.776936
0.000000
0.000000
0.000000
1472.384644
60.403263
0.435013
155.683609
0.000000
0.000000
4.224011
39.723030
0.000000
0.000000
0.000000
0.000000
183.951019
0.000000
0.000000
0.762034
1.751699
0.000000
27.672527
84.390663
22.681906
44.571026
1.361792
0.000000
12.954068
0.000000
1.030100
8.068196
0.000000
57.483273
0.000000
0.000000
7.732209
48.004921
0.000000
0.000000
20.448971
58.934860
0.920039
0.000000
1354.942627
14.622462
4.033668
15.045973
1.526906
155.863815
0.548485
17.520397
27.854383
73.233734
0.000000
2.543819
12.840848
22.308901
524.662720
791.078613
65.346123
0.000000
11.499026
0.000000
0.000000
6.711361
3.863214
0.000000
27.290119
160.658600
12.990611
65.679237
0.000000
26.026478
389.224884
0.450023
55.467739
0.318065
2.582649
2.037413
195.044067
12.853879
1.766181
70.616112
0.000000
5.217952
0.000000
13.471764
0.000000
11.272933
2.837942
0.000000
5.621436
8.905124
8.994723
59.480640
9.692520
25.576935
23.853874
84.363495
5.947211
0.737702
13.401612
11.861213
14.049384
4.464589
1.067887
62.893269
2.949444
32.218731
5.613582
6.544173
8.095408
0.028219
0.000000
0.205941
2.518947
0.394981
0.000000
0.000000
9.017176
63.876373
499.276459
14.566922
1.154395
0.000000
77.786903
0.000000
1.202826
5.901818
0.000000
44.710293
23.090185
30.237392
0.000000
1.997472
0.000000
62.614456
21.935583
28.881330
12.439127
0.195001
34.676331
0.827138
0.467721
8.901688
4.087587
8.595901
6.745038
0.000000
3.947209
0.000000
9.848409
0.000000
2.122290
0.000000
11.981173
79.473351
23.224504
0.289341
0.000000
0.000000
12.013067
0.000000
9.345556
239.971405
38.737911
384.873474
6.544230
0.014387
129.671539
0.000000
113.939690
0.000000
0.000000
4.800658
3.351804
14.785566
0.000000
23.031055
0.035226
0.000000
0.308718
7.658189
0.000000
0.000000
1.840489
0.108419
10.852083
34.657391
0.161366
13.121906
4.784317
14.365686
2.715955
11.095974
0.172693
0.000000
13.510642
0.000000
0.000000
0.714079
0.000000
45.835709
1063.517212
2487.595459
23.421045
5.655752
24.202280
14.353591
0.159981
3.204616
232.598175
989.594421
1.925362
9.960992
0.000000
37.213356
0.803772
0.243686
27.857843
42.933029
26.555218
0.000000
8.876759
10.697870
0.171809
3.882279
0.000000
22.016403
16.594809
6.210066
0.000000
0.234793
7.597261
0.000000
2.795918
11.727973
13.508306
11.592712
15.068842
5.483038
47.587154
53.957996
8.890558
0.000000
42.768383
0.000000
8.857746
6.812947
115.911545
160.850891
13.214172
3.537100
3.219261
0.020234
17.857836
0.000000
0.000000
0.081431
0.228012
18.245058
48.505424
0.000000
9.616993
0.059703
0.000000
1.654925
33.408798
80.807648
14.384041
1.893714
0.000000
0.000000
0.000000
4.329555
0.038911
0.259575
0.000000
82.739716
30.647669
0.000000
8.521391
0.088927
255.522415
0.404524
0.157095
0.309710
4.528946
2.292001
23.241930
17.777134
26.277172
0.049992
2.833655
9.695144
4.700525
15.088057
0.000000
0.115935
345.706482
0.163763
54.218163
14.646631
6.263098
29.887049
18.025743
5.146462
0.000000
0.919742
0.000000
0.000000
0.000000
0.000000
23.981602
0.000000
0.437421
0.021460
63.889904
2205.660156
0.000000
125.826393
67.490448
7.256156
15.171721
0.647502
13.672524
15.831681
60.420624
51.460369
1.034290
1.753199
0.358181
9.323283
0.000000
7.237103
16.053902
0.336230
25.866587
28.013987
0.000000
1.060194
0.023954
45.285774
4.525446
4.099276
4.764601
58.551067
0.000000
4.978525
0.875199
8.329593
47.451233
0.000000
124.949020
108.579872
0.015406
8.780816
0.853977
0.361812
0.060061
8.609784
15.148689
14.295533
8.128581
90.612221
32.675568
9.683471
0.000000
0.000000
4.263558
259.142517
20.972178
0.329203
0.145900
0.000000
6.751238
0.000000
0.000000
0.000000
0.000000
0.000000
0.953630
0.443395
19.162878
7.068273
0.354348
11.312705
10.505222
0.389702
22.146973
11.268724
0.000000
6.479368
38.492207
10.643022
0.080418
0.000000
0.000000
0.171750
10.503126
1.459864
0.000000
0.000000
0.347319
9.054972
14.294409
1.099641
11.076711
21.625078
0.000000
0.777691
1.188470
0.216432
52.952908
3.604406
12.754410
0.000000
0.000000
0.000000
0.000000
0.614602
0.672907
1.402117
0.186920
4.957163
0.683270
0.576091
1.002412
0.000000
65.233345
1.039752
11.992461
214.573349
74.715897
0.000000
4.185130
3049.791016
3417.255127
341.714905
28.102455
16.057226
0.000000
0.000000
15.448354
10.814789
0.000000
0.513762
17.736151
39.283073
1.341485
14.363811
0.000000
0.267324
0.000000
23.098131
0.201757
0.000000
0.000000
14.550586
4.643235
6.170181
2.335921
0.012066
0.000000
9.570622
0.000000
1.114591
0.330081
0.632824
0.000000
26.129457
1.092940
0.908955
6.179722
0.000000
44.360565
15.171456
0.000000
0.130264
12.190239
34.862881
16.110033
0.000000
0.000000
18.862047
0.000000
0.000000
0.000000
2.266409
0.124975
3.104651
0.431302
7.826517
2.105163
5.736544
0.942514
1.570513
3.871957
36.881863
40.136475
378.930176
2.916003
0.134917
2.241690
1.000835
0.394124
0.000000
0.226216
5.916460
1.284856
0.767808
2.366841
1.376149
3.837865
0.914385
0.803058
0.588727
13.693022
1.238534
0.784333
1.244758
56.819935
47.241814
44.978020
0.754054
13.671542
0.000000
5.107867
50.669502
66.848595
3.700363
68.463036
5.448160
6.134441
70.154381
0.596884
1.790651
0.949068
1.088118
1.168704
0.692798
1.074067
1.216131
2.624284
1.404885
1.376149
0.518080
0.504238
0.576062
0.377890
1.141196
1.786481
4.542627
0.000000
0.000000
0.000000
0.000000
0.000000
0.000000
0.000000
0.000000
1.338816
0.000000
0.000000
0.000000
0.000000
0.000000
0.000000
21.477341
20.709728
59.812531
6.742623
1030.553711
48.064445
0.000000
70.230286
0.000000
37.001801
0.000000
0.000000
1.269649
19.150812
1206.701660
10.404881
0.000000
0.000000
3.095018
33.293098
5.561444
39.058624
9.148497
10.840456
39.031040
8.275855
0.000000
10.376513
6.323010
27.668604
0.000000
0.000000
5.595702
68.090332
5.885745
6.213917
0.000000
1.183723
2.398239
0.000000
84.152283
111.155243
165.832123
14.444607
0.000000
0.000000
15.742341
22.267307
27.110638
7.568272
0.000000
0.000000
0.000000
0.000000
0.000000
32.516567
15.454147
0.000000
5.423461
1.955130
0.007404
0.000000
0.000000
60.666637
23.547846
73.399033
73.581146
3.822481
19.791393
4.015882
5.406688
15.125423
0.365462
115.013168
0.000000
57.639893
0.000000
4.871315
0.194097
4.939064
0.000000
0.000000
7.763045
0.000000
18.426075
0.406693
11.236360
1.045587
9.618702
8.498817
257.816650
0.000000
0.677944
1.521268
5.148032
0.386670
0.000000
8.312570
27.930311
0.000000
6.675994
3.184780
0.000000
0.000000
2.272003
0.000000
75.827995
0.000000
28.415438
54.636528
0.000000
0.000000
5.178863
1.390368
6.174746
102.584572
0.000000
3.945061
0.000000
0.000000
0.148298
31.423836
2.725300
15.652500
9.855501
0.000000
0.000000
3.846479
0.000000
8.691105
0.000000
28.188135
37.916962
2.067367
38.694763
0.023740
22.495472
0.000000
0.000000
0.000000
2.121916
0.000000
61.113441
1.048604
54.325340
28.223484
0.000000
36.842587
6.271528
19.017719
0.000000
0.000000
37.306862
0.000000
8.427232
10.262680
0.000000
9.002679
9.180627
103.585815
1.000532
43.754337
4.488598
9.853395
8.371737
9.661488
20.838648
0.000000
5.231310
42.366661
4.759803
0.000000
99.330605
1.471232
0.000000
11.586601
1.227072
0.000000
0.575002
0.000000
2.878808
49.653412
0.000000
0.000000
0.000000
0.000000
0.000000
25.863281
29.002199
1.126330
1.143829
251.446320
25.867050
0.000000
0.000000
0.059684
10.317407
0.305021
0.000000
7.452299
0.000000
0.000000
0.127929
0.000000
0.032805
14.801457
0.000000
5.443212
0.006137
38.909760
6.134967
0.000000
2.763539
18.416378
34.814419
2.952876
0.411547
15.538066
19.871889
14.478015
5.935102
26.653280
0.276111
290.129486
0.000000
35.113064
7.074607
0.008325
13.529777
0.314296
0.357971
43.476597
0.000000
1.830771
483.140594
14.706837
45.399086
0.804243
0.000000
5.614735
14.216084
45.685329
0.000000
0.057057
16.580591
70.946175
2.152443
2.332651
5.575033
0.113256
1.404175
32.019104
9.515358
6.867720
24.445831
0.314324
4.259589
24.240974
0.361715
547.810974
1040.787720
0.159027
4.793279
0.000000
167.361328
31.296139
1.504655
10.219678
16.412834
0.525599
0.225124
44.620602
36.390800
34.315552
0.000000
132.101181
36.995415
2.542583
0.000000
0.126542
6.628268
68.668289
0.000000
0.000000
4.309696
29.536900
1.297280
3.418788
0.000000
0.033791
140.773331
2.857790
24.168663
0.341986
52.757542
3.406592
9.774142
13.628354
34.504539
1.728325
0.621368
6.501157
0.075488
36.961479
0.269936
1.676055
846.613464
164.295044
50.822903
0.000000
0.000000
57.890560
13.639833
0.000000
1.776129
0.000000
8.110288
34.818382
1.656611
11.341905
0.047494
3.877735
125.057961
1.336840
0.000000
20.252008
18.917181
0.000000
21.670568
7.875397
47.999489
0.000000
0.019083
7.253654
0.192823
0.000000
0.550570
0.000000
5.675730
0.000000
5.799993
6.874684
30.257217
1.526182
6.203131
6.525750
0.000000
0.000000
0.882254
22.598400
0.064760
0.000000
46.892448
0.000000
76.313042
23.073126
38.883297
11.526856
1096.142334
0.878488
0.000000
0.000000
0.000000
0.062363
0.000000
0.000000
3.295099
11.359430
0.000000
2.766836
10.134274
0.000000
0.000000
23.449581
128.164001
15.736098
26.619680
0.480583
0.000000
29.329372
3.099970
0.000000
18.457275
12.622175
27.690710
64.063789
0.647632
0.057736
18.651585
6.430871
0.000000
1.012970
0.000000
1.663893
0.000000
144.975739
6.377090
0.000000
3.087712
43.754749
13.155194
0.000000
8.821918
0.000000
0.000000
0.000000
1.560016
13.614510
1.542649
4.521045
232.433716
8.431029
0.663231
365.323975
25.561598
9.335489
16.164558
0.353664
24.988499
0.000000
577.018433
5.774424
1923.929321
183.265106
0.000000
26.951349
20.978060
0.000000
4.345150
7.747822
120.460907
24.307768
2.503026
26.857246
80.783005
0.000000
0.000000
1.253784
12.446026
0.782533
160.645859
0.000000
0.000000
6.845811
0.000000
33.719551
0.000000
56.162273
84.142975
0.521791
23.015762
0.000000
0.000000
0.000000
0.000000
0.427353
0.000000
0.889525
0.000000
0.000000
43.655144
11.090651
3.205129
0.093337
8.536853
2.500045
283.196289
0.000000
3.310209
0.000000
7.266759
36.786602
1.253560
0.157770
7.551650
1.030249
27.511358
0.000000
59.020870
0.000000
0.000000
0.427790
3.157788
2.501076
4.768950
7.605678
0.911022
12.711341
0.000000
0.000000
1.745582
0.000000
0.000000
6.799888
1.790142
4.158585
1800.368896
0.000000
92.383018
119.316429
209.076859
0.000000
0.000000
0.000000
2.125494
0.000000
0.000000
0.292722
0.000000
2.765924
0.807561
0.035475
0.000000
17.146412
9.483391
30.931635
0.014568
4.039956
38.192467
25.267725
34.919361
30.272446
0.022448
18.723396
0.822495
0.000000
0.496925
0.000000
7.220183
0.010586
327.731445
6.666909
4.748804
3.653287
0.000000
0.000000
0.134789
49.493038
15.590333
38.071892
0.000000
17.899626
9.212835
16.429667
23.889637
31.380007
11.392444
112.795135
15.363007
4.356511
6.521974
0.000000
8.808632
119.991486
56.299362
26.281693
11.180500
0.000000
16.272011
150.113602
31.773422
42.659458
57.981071
28.229242
79.147293
42.468811
0.000000
62.964134
0.000000
3.170312
33.403561
6.389515
0.000000
0.793904
2.018791
15.446128
24.070665
2.000487
0.000000
0.026125
0.166898
11.050300
0.000000
2.449196
58.259224
16.220234
0.941174
2.755871
39.491756
22.057890
15.990846
212.846832
0.000000
0.000000
76.265556
0.124900
83.146004
6.678897
1.798734
0.000000
3.731565
3.981747
0.000000
0.000000
95.895699
59.285023
10.967662
2.918788
0.229285
168.567719
0.355924
0.000000
0.000000
1.900924
0.000000
0.000000
12.365844
67.114098
50.676239
0.000000
0.014231
0.931697
0.000000
3.862901
0.351605
0.000000
0.000000
37.919903
765.400085
0.000000
7.203460
0.037313
0.000000
56.540115
163.224930
28.015440
0.044687
6.978309
10.113032
1.554571
5.845574
0.000000
0.068230
625.784851
22.531616
0.000000
13.066617
0.000000
27.359491
8.789877
6.916752
40.532295
0.033955
0.000000
0.000000
0.272842
7.594538
0.000000
0.143287
34.512241
0.181537
0.000000
5.803468
0.000000
0.672282
2.251560
4.176839
12.810088
0.020682
0.000000
0.000000
0.050625
3.865309
0.359715
17.474161
13.246153
0.304197
11.847903
12.357951
47.688034
98.833511
2.157325
0.000000
18.771856
0.000000
32.866272
0.000000
0.000000
1.247608
2.941397
0.069467
0.000000
5.611967
1.532529
0.000000
10.608616
90.009903
42.585629
0.274905
43.979462
8.291943
0.000000
24.161413
22.023304
3.428430
0.000000
0.000000
1.282382
0.000000
4.713734
0.000000
14.339634
2.424593
17.081045
0.660803
24.133207
0.653431
0.039497
6.475994
0.161774
0.127054
91.258270
27.634605
0.000000
5.746379
0.156713
49.068073
0.000000
0.000000
0.000000
12.203067
10.566346
5.025095
6.288160
0.000000
34.078934
64.372444
0.000000
628.307007
8.226778
2.871415
14.392211
0.000000
0.000000
294.545441
0.000000
18.799610
39.913887
0.000000
18.274586
0.000000
0.784964
95.872841
3.755987
0.000000
0.000000
30.248631
15.164728
1134.345093
68.473595
31.843222
26.925535
11.191942
11.346490
0.561188
23.933233
0.000000
12.171876
11.082608
61.668354
7.959168
0.000000
0.045343
71.872192
0.000000
15.462385
16.249599
9.482951
4.966481
0.000000
5.388160
19.133394
42.056149
5.567159
0.019274
0.348906
22.412941
2.151646
67.417389
11.053576
0.959033
4.506828
8.624508
4.886880
0.000000
2.662815
6.191945
31.545500
4.414314
1.649282
5.609795
32.712643
516.918030
5.915122
12.497330
55.720814
9.571850
67.978172
1.746752
0.000000
8.637186
0.000000
0.000000
0.000000
0.000000
4.147940
0.000000
0.013755
1.482577
46.505947
0.000000
34.027790
53.235546
0.000000
15.188417
41.448093
26.616505
0.000000
53.500706
1.021243
16.013220
0.000000
1.160296
4.339591
0.699781
3.314312
48.546909
43.531712
21.659121
0.000000
0.046413
8.282128
8.145381
0.336807
2.380215
0.000000
31.300985
0.019047
0.000000
364.623016
0.000000
54.607540
8.554605
109.110252
20.212158
3.498038
1.521014
0.000000
8.976393
6.983380
5.063381
2.989096
13.552749
4.420037
26.772991
0.346444
23.467527
40.776730
5.347231
12.468662
55.236256
116.001251
0.000000
0.000000
0.169304
0.045795
3.809346
14.388340
38.320019
2.070823
0.000000
0.000000
15.517916
9.075030
0.501068
1.706297
10.407524
0.939432
18.731821
0.000000
0.000000
35.990879
2.632122
0.000000
0.265546
2.400953
16.146032
0.158541
2.125895
7.394029
0.000000
0.000000
40.120041
1.482077
115.266945
0.000000
0.312150
0.027352
9.954279
2.872240
0.000000
1.071617
29.630075
6.174702
0.000000
3167.282471
21.720610
101.884178
0.382501
11.580238
58.459106
0.000000
30.024456
2.049058
0.000000
7.439867
2.144161
0.511469
2.971230
8.897677
154.543488
64.630760
248.553070
2.899358
0.000000
14.706939
40.086212
32.565994
0.000000
36.480762
8.888474
34.049858
0.000000
104.920036
0.000000
16.824339
0.291339
1.979694
8.750007
0.000000
40.928291
4.215410
0.000000
90.093117
21.093796
0.000000
0.606381
6.051616
0.000000
11.172591
11.257238
0.000000
0.000000
4.278213
0.000000
0.000000
1.969077
9.894315
24.250446
29.617207
32.052284
9.824215
0.000000
24.826241
0.000000
0.000000
0.297254
107.409958
16.327179
11.807574
1.000438
170.761444
103.642418
18.487869
0.727748
0.275492
20.324326
3.125570
10.070788
42.215199
1.311035
30.499485
1.916529
0.478448
15.083106
0.000000
156.353714
8.785155
0.712201
1.295516
1.080336
0.000000
36.987812
0.000000
0.000000
0.000000
36.423927
42.770992
4.385919
0.000000
0.698553
0.000000
60.864880
17.892403
586.594910
0.958653
0.000000
0.000000
0.249783
55.755157
0.000000
0.000000
3.094322
1.646928
57.662647
66.778152
386.079437
14.705986
0.000000
0.000000
0.667914
0.605756
0.000000
3.662546
8.153783
13.320760
6.131413
13.901407
134.569138
5.927858
12.094026
35.944885
0.045091
6.332190
0.000000
2.373667
19.937603
99.612007
11.357552
0.000000
30.547882
15.018356
39.647274
19.581093
0.000000
8.984656
268.011047
0.000000
0.000000
48.543324
0.000000
0.000000
19.636343
17.127989
5.958042
16.014326
24.351437
19.667944
0.000000
64.741440
3.483672
1.821029
0.000000
12.026550
588.279297
11.953852
0.000000
0.000000
110.058212
0.000000
0.506754
962.747192
52.088757
3.816323
28.896372
9.768912
0.000000
1.358383
13.284207
0.000000
46.489182
10.385400
0.000000
0.000000
2.026171
0.156150
0.000000
0.000000
8.746025
0.077357
0.513249
6.935574
47.396381
3.765413
0.000000
0.000000
0.000000
0.000000
26.832382
11.082215
100.543701
0.000000
33.720921
0.000000
0.022024
5.729178
15.282846
0.000000
0.972114
33.764774
0.018985
5.352625
0.000000
10.255715
38.581390
26.650570
2.502151
0.000000
9.989786
0.000000
0.000000
1.293200
7.100959
43.286205
21.123163
56.174587
0.000000
0.000000
3.159281
7.034536
27.109133
10.354881
8.280568
7.112240
0.000000
0.021017
2.886252
121.319595
0.000000
0.000000
11.736606
0.000000
2.337628
2.139060
0.000000
20.990906
0.000000
0.000000
0.000000
0.000000
10.039520
6.387258
0.050180
7.456220
0.000000
0.000000
5.157532
24.713568
47.378277
172.923172
73.936516
2.615952
5.756195
17.998041
0.234438
0.712783
0.388611
5.501141
0.000000
10.948631
6.486065
43.712124
0.000000
0.000000
0.000000
20.559658
0.508901
0.000000
21.498045
0.013004
9.034709
14.774749
6.996853
0.000000
20.451757
3.523835
7.735234
0.000000
0.000000
0.000000
0.000000
81.106667
0.000000
9.907286
113.439705
31.349564
49.789848
30.589016
60.875919
24.502707
0.000000
15.526463
8.167094
579.638184
25.937338
8.000171
0.000000
455.865906
65.425423
0.152132
3.716984
0.000000
62.751770
6.717393
0.113996
0.016984
0.000000
3.979957
6.332310
2.817230
4.415036
0.000000
5.548669
11.311987
2.407303
9.764989
5.434096
193.922028
0.000000
21.454836
0.000000
13.211585
5.761125
0.000000
261.529785
56.452286
0.000000
0.000000
21.733280
0.000000
14.558996
6.484936
2.617711
0.000000
118.915848
0.338405
47.105873
0.000000
3.069163
45.648846
14.538811
0.000000
0.000000
26.664297
0.280519
136.815674
17.212109
3.702361
481.452728
0.000000
9.658274
0.000000
0.106413
5.661827
2.876390
3.586793
0.000000
20.502798
3.817717
22.705238
0.000000
0.000000
1.721632
5.138487
382.148773
4.984738
0.000000
25.477224
87.257057
0.000000
0.000000
205.513931
288.400055
0.000000
0.271770
11.902179
0.355633
5.589356
33.803036
0.000000
0.000000
29.687881
13.984381
9.443641
22.591825
4.574025
6.785555
0.000000
0.000000
10.358924
0.000000
0.743784
10.237455
0.000000
19.869858
1.530231
0.000000
35.941147
76.933479
0.000000
0.499930
6.885656
12.816442
32.279575
1.458560
1.495973
1.497250
28.492874
19.361258
1.299430
21.855461
47.267899
0.000000
0.000000
9.509441
2.302706
37.668724
20.634260
20.877838
3.359523
0.079251
2.010957
33.794247
5.796963
7.879358
1.410906
7.059318
10.357956
0.237715
0.000000
0.032557
41.203762
0.407173
23.847429
474.804199
26.528736
6.743224
8.111707
1.942743
4.371801
19.588284
1.156944
9.915195
0.000000
12.876209
0.000000
3.948038
5.430594
0.000000
9.039223
0.000000
0.000000
0.947321
0.000000
2.325622
0.000000
66.248657
65.417152
0.000000
34.559406
0.000000
0.126834
3.443979
0.000000
0.000000
10.357349
16.473577
7.171071
0.000000
0.828245
79.187790
0.000000
1.403000
0.000000
0.186491
0.000000
0.503430
68.424866
0.000000
19.726290
13.243413
18.244322
0.000000
0.000000
6.141767
39.855225
0.028211
43.846771
0.000000
13.922374
0.000000
21.793346
15.584081
7.609774
11.479646
55.271976
70.678383
13.295821
0.000000
271.706818
2.351917
11.776170
12.355135
0.000000
26.704885
103.810936
2357.842285
10.881703
0.000000
3.278501
0.436491
28.125196
4.448529
0.000000
0.000000
8.838280
4.183050
18.108438
11.528421
0.000000
0.000000
0.000000
1.448349
0.218794
1.014947
38.247288
0.481594
0.000000
139.596710
3.487923
0.000000
0.000000
0.000000
34.456432
56.372299
0.000000
0.000000
21.660046
7.099119
61.680996
0.000000
0.000000
5.157179
0.000000
0.000000
0.588455
292.055206
0.000000
10.402748
29.550838
0.000000
0.007360
18.604393
0.000000
69.550003
1.939706
0.000000
22.121395
97.868164
19.681816
44.189049
4.739007
0.157228
0.000000
13.552192
1.886777
27.426741
101.242424
1316.452881
320.312927
7.959549
0.092462
37.265587
13.607623
29.538340
0.017680
4.795414
4.066474
21.051092
37.930576
53.566097
0.000000
28.558464
0.000000
5.916581
3.762729
0.000000
0.000000
2.605866
0.000000
23.625257
0.000000
2.928828
5.861562
21.469929
0.000000
2.089165
0.892926
0.556026
142.587936
0.000000
0.000000
0.000000
3.263554
0.000000
0.024122
6.415065
13.446649
0.374558
0.000000
23.097115
1.433382
2.074303
17.441118
37.427696
0.000000
6.573351
4.523307
11.212121
7.839025
3.839211
13.704813
6.108088
1.893729
0.181683
9.436073
0.000000
13.713909
12.730472
14.199801
9.657573
6.602524
1.069360
426.008484
1.532540
1.032067
0.000000
50.155224
0.000000
15.809183
7.517838
0.000000
9.152258
0.000000
24.078215
7.634676
39.188713
0.000000
48.977261
3.643104
0.554270
0.785622
0.000000
11.716966
3.023326
8.357926
6.951374
5.846797
39.990135
5.591899
0.875831
14.183242
0.000000
17.855499
1.360161
0.000000
0.000000
15.357952
4.127958
11.345086
0.000000
10.694376
6.924242
0.077152
0.000000
0.000000
76.996605
0.000000
34.745243
18.548985
1.283769
42.160736
11.703227
1.460968
38.923885
25.935146
14.056804
11.593271
0.000000
0.000000
9.970936
0.366181
0.323453
4.123106
30.019566
0.000000
24.350126
2.461365
0.000000
0.000000
1.498581
0.000000
13.256501
0.054659
0.009179
0.000000
21.626675
0.180680
0.000000
21.103706
0.000000
12.839902
22.703672
27.806189
0.000000
53.362553
0.000000
208.713425
0.534280
11.580653
2.027670
14.601646
0.000000
0.000000
12.367844
0.000000
0.000000
31.420990
0.000000
106.025703
8.777020
0.350054
0.093961
76.097557
5.043593
0.000000
11.198462
0.672365
5.991129
0.000000
0.101991
14.969362
1.899669
17.678646
0.000000
2.060469
1.537187
3.005794
18.949541
405.679199
70.864265
13.806072
0.212898
0.000000
35.842598
0.000000
9.865414
1.032675
8.702547
0.000000
144.419113
58.491821
0.000000
0.427660
9.801890
1.432365
0.093616
9.350734
6.662132
28.465939
14.227184
7.653530
482.384827
6.878514
1.254730
1.243903
0.698162
0.000000
165.071991
1.845625
278.003571
10.419878
9.730425
17.016386
8.834830
6.436736
0.000000
56.663013
4.583205
0.435371
0.000000
0.000000
0.000000
6.888876
0.531634
0.000000
0.000000
60.573513
0.000000
45.533501
17.580868
1.840631
13.994834
1.076983
1.333195
5.501508
4.872216
2.753524
4.976908
37.294590
10.502632
110.605537
11.398703
1.623510
59.111713
0.000000
2.726628
0.000000
0.000000
17.300949
0.288450
0.029947
0.000000
114.305084
14.027799
0.000000
3063.722900
17.756739
0.559810
0.852151
87.485901
18.007185
10.111674
0.000000
2.602137
5.672098
36.645996
5.885458
1.142604
0.000000
0.805316
11.474818
12.210339
0.000000
17.318106
8.481674
0.000000
52.625572
0.000000
4.656449
0.000000
0.000000
6.212313
1.921782
0.000000
6.880602
4.443616
21.360487
34.366165
5.664660
0.136084
24.187456
29.747747
0.000000
0.000000
0.501939
0.000000
0.000000
0.000000
5.560197
8.301191
535.021118
27.988750
0.000000
7.282405
51.509224
6.722945
0.000000
8.852322
1.122789
9.775461
0.000000
49.851421
86.928162
5.609611
28.733877
0.166932
0.000000
0.000000
9.537730
8.702362
4.523386
23.908356
9.919622
34.266724
6.783800
0.507035
0.000000
4.333356
0.000000
19.842674
3.372148
36.887993
8.696325
2.946230
0.000000
18.271877
0.000000
15.330780
0.000000
4.591300
45.758381
0.000000
0.000000
0.000000
0.328810
0.000000
0.000000
27.777174
6.147527
3.517451
4.690541
2.382093
127.080124
5.393424
0.000000
0.000000
29.310812
0.000000
0.000000
0.079051
51.128429
4.411561
14.872293
918.458130
23.863939
27.028223
0.252780
7.335408
0.000000
0.556464
85.760040
87.222771
0.989999
46.338375
16.574518
0.967446
0.488007
21.216190
6.217939
15.535937
404.947632
0.000000
0.071924
0.000000
9.548023
0.000000
0.000000
0.256729
0.000000
31.961584
0.000000
0.000000
0.000000
14.558388
0.772366
12.086628
5.486576
11.570090
4.770972
9.309243
1.515335
11.283033
172.476776
18.725113
0.000000
0.000000
56.111526
0.000000
50.051975
0.000000
4.803498
0.054393
154.822662
0.000000
8.179969
0.000000
74.018646
0.000000
17.950359
0.805474
2.230422
0.567990
15.416721
15.246191
43.128799
21.637945
20.809042
0.496626
3.072143
0.000000
3.071351
9.632456
14.558939
4.565804
0.000000
44.243759
0.000000
0.616953
1.445651
0.000000
17.005547
77.864174
0.952304
9.992614
0.236927
69.033592
0.000000
0.000000
0.540790
5.289087
0.000000
0.021921
0.000000
23.264874
0.000000
0.000000
2.170654
0.000000
15.526883
0.434573
0.000000
0.000000
272.336060
0.000000
0.000000
25.964205
1.383002
0.000000
11.767554
23.183784
22.304123
16.013056
16.213320
19.317623
17.373083
0.091407
1.068487
38.465282
0.000000
204.171082
5.338609
0.000000
1.431327
0.000000
0.000000
0.000000
8.301091
59.314148
22.424633
0.000000
24.637177
82.205162
0.000000
24.343569
0.000000
1.411972
61.311733
7.497705
20.788958
4.937998
1.129148
2.895006
0.000000
0.000000
15.407169
0.249981
0.000000
0.000000
50.237480
4.710615
17.599611
2.664083
16.511360
0.000000
7.939317
7.956756
14.120989
0.000000
24.540213
10.681570
19.323404
415.611389
0.000000
288.852417
0.631639
1.985999
26.781984
22.742575
0.000000
3.781435
0.103470
0.204795
3.054353
22.009268
0.492246
0.034088
0.410452
0.131874
0.000000
3.439203
8.892330
2.251181
7.987924
1.954506
1.344441
16.460293
56.004871
2.489035
8.560298
19.213442
0.720497
26.653296
5.504805
19.293102
235.685135
2.466216
865.603882
2.336062
0.000000
6.017800
0.000000
32.169281
12.404622
14.373576
0.438454
15.269488
0.207485
2.714532
12.060556
0.000000
6.241813
12.754004
2.925354
10.204920
0.000000
134.768738
8.971495
10.126190
5.756073
0.000000
0.000000
9.031936
0.000000
18.983841
25.094212
0.000000
103.544823
0.000000
15.182803
1.272584
0.373377
1.344223
0.000000
0.436873
0.829838
33.892189
39.462040
37.523827
0.607349
13.121682
1.039316
1.079955
28.703690
8.068684
19.451933
6.227545
0.135431
0.000000
1.945265
6.166238
0.613033
0.069011
65.221207
0.414864
0.000000
0.157367
5.929487
23.750607
4.997385
18.963970
66.355957
0.000000
0.000000
2.328867
0.000000
0.000000
3.229737
1.350044
12.094890
1.286626
0.257828
0.000000
44.798676
11.770426
15.735362
1.274452
0.000000
0.000000
3.553062
95.844521
16.535439
7.349028
0.282287
5.591013
0.000000
11.663911
0.000000
22.203463
57.503109
0.000000
0.108916
0.000000
81.451180
0.000000
0.000000
14.110427
47.721241
0.000000
0.000000
76.522026
10.958577
0.000000
5.901014
33.726734
22.846775
16.263281
0.851871
30.256727
2.326634
62.449047
0.000000
11.946314
0.000000
0.000000
0.000000
40.565403
0.390941
0.000000
31.034218
0.000000
0.876245
0.000000
0.050891
0.031694
0.905927
0.000000
176.407486
3.147946
0.008756
28.914703
0.000000
0.207286
10.136044
2.912484
0.210750
13.416800
0.000000
0.000000
4.427852
4.678044
4.157731
15.898546
0.000000
9.425374
0.752018
2.444607
0.000000
6.471111
2.681726
0.382018
8.050469
0.000000
0.000000
0.000000
4.653599
3.655382
0.000000
5.499015
0.000000
5.073322
31.515766
0.451697
0.443578
5.406528
22.896328
7.281290
0.201880
14.643455
1.915131
0.000000
0.000000
0.000000
2.176048
0.021313
0.000000
0.000000
1.881603
2.616168
0.000000
45.214233
0.570138
139.012360
0.000000
8.573193
0.000000
19.923901
0.000000
0.431395
0.469976
30.001444
2.793685
25.304886
42.332947
0.764424
0.434610
0.000000
17.104263
6.575096
0.059248
0.000000
4.121879
42.519405
0.207526
0.000000
68.550079
2.282229
9.053251
0.000000
0.000000
0.000000
9.229218
0.000000
1.440993
1.383064
0.000000
1.650707
5.845252
24.569151
61.475670
29.794579
156.731201
6.566730
1.177805
32.290417
0.773053
271.895599
19.873236
0.000000
1.152636
43.430077
6.120147
31.336626
0.643513
0.000000
16.136995
0.000000
3.471265
1.041796
7.411713
19.769459
0.534481
616.065918
0.820532
0.000000
19.620239
24.082788
2.750831
0.000000
1.062663
3.043987
0.381584
6.125103
0.000000
0.000000
0.640634
2.814166
39.700581
6.562950
56.975697
22.974072
0.000000
13.533625
2.578147
5.539271
16.790163
2.068233
6.521484
0.301097
0.000000
0.092285
0.000000
0.000000
0.000000
27.159733
24.195276
3.960578
3.892508
0.000000
0.536470
0.000000
8.766460
62.892761
0.146243
15.750728
24.354376
0.641371
1.852157
19.406591
0.000000
1.443016
4.543675
7.067123
0.000000
33.606522
0.278714
8.541498
39.479282
103.120277
0.850944
0.000000
11.484630
0.000000
0.000000
0.215651
3.695639
30.754101
0.358241
0.391342
0.000000
4.271486
1.129843
1.434901
11.688739
0.000000
69.781021
157.241196
169.202560
1.071236
5.226322
14.742996
7.567236
28.936737
0.405761
1.111025
28.994869
10.939284
0.000000
0.000000
45.365833
11.236198
0.000000
28.910902
1.401160
0.000000
6.178394
0.009817
1.784827
4.587415
213.220215
45.361519
1.269671
0.624633
0.000000
0.092808
0.000000
2.916608
13.725624
0.000000
0.251208
5.619753
9.432474
229.934891
0.000000
9.921055
0.000000
52.104610
4.868242
24.926334
2.955047
3.642188
98.098877
0.000000
67.773308
2.148994
0.000000
1.236103
0.000000
8.998732
41.523579
0.000000
12.954331
3.073514
6.009404
9.223022
0.000000
0.000000
2.335013
24.783064
68.824883
0.370394
0.712764
0.000000
27.055656
5.356739
23.446365
6.941405
5.980053
5.735128
0.000000
0.000000
1.613416
75.049492
0.000000
16.133942
12.263059
0.000000
19.969536
1.614571
0.862017
30.794323
0.000000
37.130054
29.254650
0.101977
0.000000
1.232579
5.941483
0.000000
0.000000
3.166687
0.000000
0.000000
0.000000
0.000000
4.315026
0.000000
1.816484
1.465421
0.000000
1.895024
0.000000
0.000000
10.838986
31.675625
0.000000
0.000000
80.652206
0.034721
15.072646
2.784714
222.880249
229.642517
43.281910
188.463852
0.000000
0.000000
41.484951
13.427677
1.286524
0.068056
8.747873
0.000000
2.179968
198.003128
200.560043
0.000000
6.676696
0.075425
0.000000
0.000000
1.933317
7.368862
48.194950
0.602281
5.196407
0.418188
138.368744
0.000000
5.855262
0.000000
39.502693
0.000000
0.193383
136.981049
0.000000
3.664476
1.559508
19.063972
163.139694
0.000000
116.309654
4.482499
9.496999
5.067216
6.248520
120.082405
51.198956
5.424828
38.134109
103.587090
5.536391
26.222433
0.000000
7.615313
997.976318
0.000000
0.011211
7.707603
5.242920
0.128614
2.632537
12.327498
0.000000
15.031361
4.273080
0.000000
0.000000
16.014481
0.000000
1.030714
0.000000
2.010266
110.623085
0.000000
0.000000
11.276254
0.077608
49.895344
0.995444
0.000000
51.413830
28.866531
6.092638
38.710464
2.773517
1.185505
19.183477
2.410784
0.000000
34.626301
4.060909
1.395754
33.357494
142.256363
0.000000
0.000000
1.001219
0.000000
15.929727
19.534267
0.000000
0.722340
0.000000
14.248139
4.105151
171.615906
1.292641
22.479387
60.611954
4.820368
36.465694
11.587249
0.000000
0.000000
0.000000
0.000000
88.909851
154.085693
0.000000
0.860834
0.000000
5.707583
13.980392
8.297242
9.454008
0.582256
2.378861
9.928583
20.065477
0.000000
0.000000
7.150485
0.000000
5.644801
10.081160
37.717087
0.000000
1.798990
33.545845
35.743816
36.218216
0.000000
25.815601
22.580616
1.771598
37.319344
0.000000
37.581303
0.000000
12.893150
0.000000
52.322021
30.024273
0.000000
0.000000
34.310871
6.147212
1.550530
30.266426
924.964905
200.545441
0.032468
100.365654
83.898888
11.924452
839.193604
0.000000
0.049647
2.688200
121.935432
3.057963
0.000000
0.000000
1.994962
414.412048
44.622108
0.000000
13.797116
9.788614
2.259318
55.641373
18.179443
7.387470
60.479446
17.735088
0.000000
2.144398
0.000000
9.433907
11.318228
0.000000
0.000000
2.181326
0.000000
6.889436
3.698017
0.583184
10.936266
0.024568
0.000000
0.337409
159.628052
1.043981
2.787275
11.900197
0.000000
0.000000
0.000000
3.687658
0.000000
18.123980
19.823589
95.483757
0.687279
11.521458
0.000000
9.192778
136.878448
67.349503
0.000000
41.037922
0.892787
164.355118
0.000000
0.000000
0.000000
58.378250
0.406438
0.000000
533.319153
0.000000
4.992074
0.030733
0.659018
0.000000
0.000000
70.255478
1.331217
28.901299
24.713766
0.000000
4.064168
89.375214
2.035591
4.878652
75.946846
0.760850
45.396507
15.906941
51.737545
0.000000
0.000000
117.601372
0.000000
10.406269
172.165604
7.230187
9.079319
254.203400
9.265311
2321.505615
0.383888
40.084999
88.607513
32.862946
0.000000
102.433464
34.104336
0.000000
0.000000
11.227729
23.182726
15.383477
104.492615
0.699968
0.000000
23.500713
0.000000
0.000000
2.403942
60.738522
23.097040
11.579490
0.000000
0.212489
16.810505
3.170310
11.298772
0.000000
2.631622
71.748451
0.000000
21.325771
8.933932
1.149634
25.895132
10.120280
28.488216
56.393932
33.107853
4.640481
17.412672
23.855499
12.791214
8.556792
2.149505
32.979118
0.000000
37.867825
2.102747
3.468470
0.000000
40.197918
165.711777
218.807526
58.064316
0.721795
1.232130
19.299152
0.651976
4045.551514
0.472092
15.076434
926.546082
9.017732
25.140341
3.302833
14.513201
12.893928
8.695678
23.901617
252.405853
26.608521
0.231007
3.867313
444.076935
69.536270
11.740360
0.000000
42.162930
0.000000
55.001324
116.423378
23.457253
7.262866
7.162160
1.746042
0.000000
3.149228
6.641987
5.324068
14.736887
0.387648
0.000000
60.791866
0.307241
0.000000
0.000000
39.921848
721.672424
16.713095
82.809731
0.185818
29.571302
0.000000
118.792618
89.164093
0.000000
31.678207
4.118126
31.051876
0.344501
0.142976
7.564038
2.118540
0.000000
0.000000
0.000000
0.000000
8.635032
0.000000
0.000000
0.000000
5.454017
0.000000
9.037482
34.769852
7.376372
25.737881
7.223378
27.493343
0.000000
11.155879
654.138306
0.000000
4.760830
0.000000
0.000000
0.118786
322.194672
20.149149
0.000000
0.000000
0.000000
11.840141
15.494207
0.000000
0.000000
0.000000
0.000000
9.385129
113.178970
11.633189
5.210091
601.528198
268.587128
0.000000
0.000000
0.000000
1.109453
0.000000
69.279205
0.000000
1.850330
18.302309
106.257050
57.133240
8.473906
0.000000
0.000000
9.109100
8.170292
12.521588
16.144072
11.953994
0.673272
0.000000
0.000000
14.413622
1.043486
0.000000
4.508139
17.978294
110.926865
43.165047
50.152657
0.000000
0.000000
0.123299
71.975983
3.591492
0.491182
6.229034
0.000000
0.000000
0.000000
0.000000
14.913684
32.169605
0.000000
7.586204
3.308847
0.289037
26.906910
0.000000
0.000000
7.825331
0.000000
10.520800
1.032354
13.726242
2.557353
1.797639
2.239756
2.743253
34.764614
0.000000
2.107353
0.833284
0.000000
0.170146
0.000000
13.756650
0.327526
15.845990
15.691974
0.000000
0.000000
0.000000
0.000000
0.000000
0.000000
6.765212
3.583360
23.344030
0.353531
0.365234
5.649228
0.000000
5.329929
35.634460
0.814997
1.021987
0.958252
0.000000
0.100175
12.096725
20.708897
38.102695
6.411119
1.081086
0.000000
14.488750
13.435743
0.000000
0.000000
164.334076
9.212221
0.000000
13.339625
0.000000
18.310213
0.077384
179.765137
69.064331
7.011694
7.290922
0.000000
0.000000
4.432404
3.843549
19.432077
1.233921
0.136910
6.153966
9.461858
5.187983
0.263575
27.525145
0.015223
0.000000
9.250907
0.074086
33.106411
37.863792
9.824372
0.000000
0.000000
0.000000
0.000000
0.525455
6.577522
0.000000
19.360025
154.792084
0.000000
4.297218
6.000988
10.833821
7.689327
0.000000
17.563808
88.994148
9.540140
0.355174
0.133298
0.000000
7.273870
0.900900
2.095546
0.279827
0.000000
62.336304
0.114639
0.000000
0.000000
0.192733
117.622482
0.000000
5.486715
0.000000
2.882665
5.017795
33.762955
0.144802
0.451084
23.965336
1.800387
8.177249
19.287586
6.805122
59.446465
22.221828
6.132363
1.220863
53.420071
167.485703
0.000000
54.732838
0.046357
74.494614
9.040725
5.212821
10.439775
102.253433
1.164791
215.080170
0.000000
0.400334
1.752074
0.000000
0.046413
1.146664
0.000000
5.292701
2.634751
399.088654
980.753479
30.615202
0.000000
0.000000
27.097902
0.000000
24.653723
27.904360
9.503742
0.000000
0.156134
2.178498
14.526990
0.199855
3.716473
10.443088
2.963109
26.205812
7.555611
16.616436
1293.249268
0.000000
0.000000
0.000000
0.700520
165.867249
0.000000
191.582733
32.686516
1.695668
0.000000
130.530426
0.000000
14.902041
0.000000
23.431534
48.511803
0.000000
7.777219
0.000000
182.972946
131.028351
3.236976
48.033463
6.610820
0.000000
48.314030
0.103421
30.277870
51.141758
0.000000
5.631284
0.000000
456.727142
13.264619
165.879959
1.569268
31.432173
0.000000
59.370209
0.000000
0.299379
71.462044
2.274204
0.960592
0.000000
35.336445
10.420967
1.705483
0.000000
11.325887
5.241847
5.835725
47.977867
135.069931
0.000000
0.000000
6.182978
0.000000
20.006178
72.570251
526.983398
0.000000
0.000000
3.422169
33.001747
1251.484619
0.000000
0.000000
0.046728
21.982809
13.096560
12.504234
0.313477
22.541735
13.792416
5.054739
2.452730
4.523529
0.000000
23.411070
2.023536
5.018213
0.000000
1.797529
0.000000
0.331513
16.729143
9.910646
0.063625
0.000000
48.133644
27.007689
18.055962
206.964157
16.971497
52.842319
24.815615
11.776052
0.000000
0.000000
0.000000
3.570416
0.000000
2.326857
170.417984
5.338801
23.466814
7.205779
5.619708
371.742493
0.000000
18.271097
245.784424
25.217081
0.000000
14.259220
0.000000
0.000000
56.689442
0.000000
16.573685
6.076074
0.000000
3.168061
3.004057
0.000000
0.000000
0.000000
18.807598
0.000000
8.780316
90.727943
10.319779
20.508108
8.146925
1.498942
6.114635
32.481354
13.235573
0.000000
31.557333
0.000000
5.778754
0.000000
0.000000
11.339485
0.790735
21.678497
2.418081
0.000000
31.312225
0.014113
0.000000
1.478389
131.732361
11.032779
0.000000
0.494827
0.874876
0.841527
1.210312
0.461373
0.210313
0.033870
0.000000
18.939993
0.000000
19.002016
5.689704
1.159363
7.538719
19.021893
16.156527
0.000000
0.000000
5.188763
8.759015
0.000000
0.000000
0.311640
0.000000
2.293597
0.473497
6.832984
0.982206
0.000000
0.000000
43.140739
0.000000
7.971810
15.447958
13.408159
19.803360
2.261153
47.995686
2.465201
1.917281
5.213334
0.000000
44.598721
6.606819
6.510353
0.000000
80.738419
0.000000
4.321647
24.720840
10.493349
23.842802
1.713499
0.000000
12.055467
0.000000
0.000000
0.497541
13.941138
31.382015
26.665434
17.568954
0.000000
8.321332
71.275932
0.000000
0.000000
4.827604
0.000000
32.788860
0.000000
50.917500
2.517489
0.000000
4.987820
3.250904
0.000000
0.000000
0.079092
4.234545
0.688023
0.000000
2.699220
20.888887
4464.770020
275.124054
1631.480225
28.223904
0.000000
17.327248
0.000000
7.211270
0.000000
17.610043
0.000000
36.409920
26.208372
47.623627
31.098143
23.306219
19.676888
0.000000
22.100084
0.790908
14.012155
0.299170
0.000000
5.417699
6.294096
210.679520
5.511847
3.335088
7.878269
2.738027
7.609861
5.311396
41.555943
20.364902
0.753802
0.000000
30.881975
48.546970
446.853394
0.453146
3.860457
0.000000
0.000000
3.814337
10.284028
12.065534
0.303144
9.808284
9.863355
0.000000
0.839950
0.000000
27.833759
0.000000
0.000000
35.187424
0.000000
31.894316
9.172741
0.000000
0.000000
0.000000
1624.130005
0.000000
0.000000
1.322351
764.051819
0.000000
0.000000
12.439378
1.806643
2.406981
38.714005
0.000000
0.427613
0.336811
17.833046
0.290214
35.701561
0.035419
7.196701
0.000000
0.000000
1.491913
3.111472
261.000275
500.596283
0.000000
7.066327
12.201213
731.730103
0.000000
8.865706
0.000000
53.117699
11.998034
28.382215
6.179961
5.426493
8.250739
28.632479
0.000000
71.035179
0.766333
620.209656
25.523428
22.211756
0.000000
18.945093
11.794693
1.962805
3.082261
44.773685
46.015152
11.688252
1.453069
0.000000
4.609833
144.763794
187.441330
0.000000
35.511200
7.968607
5.987543
55.286232
27.373222
0.000000
0.000000
1.978027
5.033254
0.000000
2.253399
23.350016
8.265413
21.415682
50.902618
21.358423
6.596694
49.142727
4.491368
1.228974
0.000000
0.050027
0.000000
0.000000
10.460405
20.237482
8.434712
49.369621
26.047100
3.435593
0.000000
15.392227
3.505077
11.074951
20.629471
0.234174
0.902333
24.971985
3.426511
0.925600
1.913365
1.702568
0.000000
1426.881958
0.000000
80.596611
5.404243
0.731935
0.896666
11.364065
2.321215
13.204882
0.592367
0.839075
8.190236
0.000000
0.000000
8.898907
12.758513
0.000000
1.184844
0.000000
106.139801
69.923599
27.330553
645.897095
6.931810
0.000000
0.000000
123.724968
46.508430
0.286656
245.873810
0.000000
249.109573
4.794316
27.456982
323.919891
0.000000
18.552774
0.478985
11.605411
15.051218
55.196121
0.000000
0.000000
1.239445
0.000000
0.000000
0.000000
0.000000
0.986372
124.179230
58.027584
0.000000
2.121155
50.897408
13.986500
0.000000
68.584351
10.826030
0.000000
0.031150
92.134880
25.046406
33.733128
6.559545
0.000000
18.965866
5.347784
71.881187
343.442749
0.060450
1.376938
0.040416
27.923937
3.399037
3.959876
43.026817
0.000000
5.409051
0.328492
2.287226
40.798939
7.052183
0.000000
105.642822
0.000000
10.943031
13.694900
1.109227
31.593966
0.000000
10.175593
3.087541
83.156876
2.658262
145.567108
6.868656
6.858487
0.000000
61.872314
17.597713
12.362849
5.255632
15.748585
0.837718
20.057547
7.369639
0.000000
0.575094
159.164108
0.000000
418.379120
26.551655
46.363464
1.214534
23.854107
731.802307
0.000000
16.628164
1.590128
2.429763
65.681870
16.776384
11.734381
8.991789
41.162125
1.654611
0.000000
0.000000
0.000000
14.989695
40.829742
6.487670
0.000000
12.306273
49.965858
15.283658
1.850163
8.563690
5.419660
7.636496
0.000000
20.635183
7.753361
26.766764
26.895233
0.000000
0.000000
3.920646
19.534182
0.000000
1.069683
7.848282
0.000000
0.000000
16.667448
25.111187
0.000000
14.440165
0.000000
1.251709
0.000000
78.255562
15.233764
1.845250
12.297662
22.340094
0.000000
220.252731
0.000000
27.685366
145.814255
22.443014
96.020508
1.306160
70.901932
21.286678
0.050780
10.245065
224.925690
0.000000
7.150271
35.969612
71.380936
0.000000
302.880798
187.582626
7.227340
57.294777
0.000000
0.000000
34.554665
0.247948
1.090676
17.473818
27.060608
2.007813
78.653114
0.383973
0.008497
7.325019
41.344810
0.266909
71.799156
5.711643
0.157544
15.964839
0.000000
0.000000
0.000000
0.000000
0.043309
94.128357
155.244919
0.000000
20.072666
10.645735
11.973087
50.012657
16.411152
6.316640
0.000000
0.000000
6.019630
0.000000
73.646675
0.000000
4.782846
9.302155
0.000000
17.883064
0.000000
21.161551
0.000000
0.000000
57.594006
5.090187
19.298107
0.000000
2.679402
0.000000
0.397898
0.000000
12.845837
68.397331
8.824632
0.260479
0.000000
0.000000
0.000000
9.719670
52.740894
0.000000
0.000000
0.525965
2.979959
74.018265
19.032373
0.000000
0.944486
0.000000
0.000000
121.644653
28.324589
0.000000
2.194676
0.000000
0.000000
0.000000
65.581078
14.912370
0.000000
28.697329
1.163923
0.000000
25.860514
9.163954
12.534051
0.000000
63.638386
0.000000
0.943645
132.609177
3.352745
34.389198
2.359361
0.000000
0.000000
0.000000
0.000000
6.691265
1.451512
0.000000
10.034504
267.297974
2.083499
0.766478
13.134390
0.913236
2.868125
384.542328
0.000000
67.883720
0.000000
39.857388
35.274860
14.597741
28.609421
18.395918
20.451263
3.661716
0.507340
0.000000
47.581318
8.896679
17.686430
5.377287
176.802658
0.000000
0.000000
64.518311
31.102934
19.403353
0.026323
41.826492
28.372566
0.558540
2.911807
1.653194
1.180513
86.223526
77.843651
21.182642
0.000000
0.000000
0.888299
0.000000
73.149872
8.205753
114.124306
1.349188
5.013657
0.057530
35.760899
16.699455
51.543850
9.941031
5.992622
10.765790
39.250095
12.694631
7.381262
4.856985
67.663544
3.672136
11.124674
0.000000
108.705582
242.715561
17.825502
26.364172
0.213179
7.536116
0.000000
148.710632
0.000000
57.213684
0.000000
0.000000
25.613699
8.741096
0.000000
0.000000
137.414520
45.862869
0.000000
0.000000
0.000000
13.926867
174.838379
7.008165
0.000000
20.401955
8.321647
0.000000
10.809394
0.000000
10.499484
0.000000
0.000000
0.000000
0.150352
6.114462
0.000000
0.000000
0.000000
2.519351
0.000000
0.000000
0.000000
18.588223
64.824883
0.000000
24.978214
0.000000
10.388487
8.962114
0.000000
18.341709
0.000000
25.430721
21.989330
465.993744
54.546040
129.758911
20.661539
38.132145
0.000000
0.000000
26.951548
0.000000
300.798126
104.652863
14.534739
0.994159
5.579867
20.545074
0.000000
14.969629
5.519868
1.510525
18.041109
39.819904
48.895710
60.040474
0.000000
41.294136
108.222275
3.682275
0.000000
84.635178
0.155387
8.371349
1482.742798
161.169815
2.522767
25.607605
4.363181
0.000000
0.000000
2.535339
16.110491
56.839977
33.931187
20.320889
0.000000
860.327209
0.000000
97.162361
15.985881
26.323399
25.438108
85.136925
2.846333
6.828559
0.000000
2.263313
48.005283
10.476431
0.413513
15.891516
0.029247
6.930040
17.941780
14.581621
11.742758
0.000000
105.384491
0.000000
4.132868
44.738583
554.070557
0.000000
98.581734
54.789391
1.077558
0.000000
39.898781
36.782970
4.785276
34.645111
2.622561
295.154144
83.224121
5.626089
0.000000
109.297997
1.268224
0.000000
11.671607
5.351383
21.875355
0.000000
0.000000
0.000000
0.000000
0.000000
14.930432
0.000000
50.435604
16.343958
62.665928
1.916023
3.444726
19.238293
0.000000
31.039118
132.917709
33.178913
53.103172
49.086460
15.959190
16.556982
6.503970
1551.863647
31.922003
119.564354
26.024572
11.308947
73.430176
59.690590
25.657644
0.472866
28.422817
268.540619
61.559975
16.093540
0.000000
0.000000
0.000000
0.000000
0.000000
3.654333
28.294983
20.404852
4.621828
0.000000
130.478470
1.440993
25.026402
0.771257
0.149169
26.597872
0.000000
0.364092
17.526728
12.466359
18.625174
0.000000
28.364384
9.942233
1.176178
52.676502
24.008635
0.030505
35.790257
0.000000
8.650012
0.000000
0.000000
6.952569
23.622511
4.884242
0.000000
33.820164
76.993439
12.828973
0.000000
0.223166
2.659858
28.738539
4.811787
43.142765
14.453602
11.041450
