169.271362
33.056896
19.866291
13.163050
3.537805
3.619764
4.042744
0.637049
4.205096
9.083656
0.422282
0.000000
0.000000
0.019736
37.308414
18.950598
25.751717
16.397276
0.000000
5.774197
0.000000
100.743843
24.068424
43.372555
85.531532
0.000000
0.456791
11.606349
50.800652
0.352896
6.167015
0.088362
0.000000
19.014671
0.000000
5.208014
0.020049
0.016464
46.730072
0.000000
0.000000
136.872345
16.942770
177.970856
0.008205
17.701176
0.000000
0.000000
2.931050
516.743225
70.984314
1.594774
0.000000
0.000000
10.597861
159.145737
0.000000
0.958896
0.000000
9.468254
144.460129
1.822354
26.077963
29.007811
18.631334
1.990178
0.000000
0.154103
0.061918
73.557121
550.697754
0.000000
0.000000
6.121805
178.200455
13.788388
3.527631
55.795425
5.131543
3.202660
4.156191
0.464062
0.000000
0.000000
31.604006
0.000000
0.000000
0.000000
83.185982
0.215051
0.122596
3.544025
123.240356
45.589672
0.154041
0.000000
1.480482
0.000000
19.246954
9.269779
3.575976
0.000000
30.526794
0.000000
123.680542
63.749393
30.610672
10.349745
44.827290
1.966530
641.779724
325.532837
0.000000
0.000000
14.181602
1.655191
0.000000
41.656048
6.107750
0.000000
80.530991
40.467175
0.000000
0.000000
0.000000
0.000000
220.997635
35.682076
29.901339
12.980597
131.092682
39.682846
0.731316
0.267335
129.040588
0.000000
25.511486
0.000000
400.775879
0.000000
0.954832
0.000000
66.960190
0.000000
0.000000
173.512314
0.000000
0.000000
33.425682
1.039628
0.000000
1.060888
1.254710
0.101499
0.000000
48.277760
17.735334
48.506958
0.005985
47.113884
54.752956
0.000000
0.056425
46.634888
9.971877
6.844338
28.808954
27.664522
5.427955
0.731860
237.530807
26.660072
0.139259
4.000279
0.963005
23.250561
12.618110
18.591467
6.093439
0.000000
55.002380
22.942064
0.005038
9.211457
41.664612
0.000000
171.535706
151.323166
4.187703
23.299778
13.080590
19.596458
10.951570
36.036407
50.803036
93.097702
0.000000
7.222694
1.784813
21.236055
0.764288
96.509605
13.368206
16.297913
27.511059
0.000000
0.262660
4.179255
19.624474
27.925884
0.000000
2.316955
44.050873
18.772198
5.757335
16.299915
0.255023
3.674933
340.529938
0.858027
0.303124
41.844177
6.245369
0.983459
0.033506
43.576977
0.017530
21.908186
19.067636
11.522598
17.845177
1.984948
8.054467
11.857005
72.103226
0.000000
0.000000
0.458361
5.730484
7.829295
169.339035
0.191572
0.000000
0.539923
0.000000
197.834686
0.000000
0.014118
12.754811
0.294596
0.000000
50.430912
0.080887
94.639999
43.445656
8.027295
0.000000
0.000000
0.000000
0.000000
9.055231
2.571055
8.806763
0.000000
16.755060
26.960899
263.065552
0.000000
0.000000
8.249514
0.000000
0.000000
0.030244
0.456393
6.045919
83.123589
5.906693
0.000000
0.000000
0.375091
37.114315
6.063150
0.046393
2.439796
7.519301
4.026505
6.683776
23.481094
147.498611
56.828369
4.891221
50.273296
0.000000
21.110220
1.161807
0.000000
22.922924
0.000000
16.039595
4.620131
26.499731
0.000000
0.000000
3.867428
62.771942
0.376814
0.000000
9.688710
185.016464
91.887863
95.980568
752.080872
132.981995
0.000000
0.000000
60.330250
68.541908
1.051688
0.000000
120.808548
1.075342
0.000000
124.080658
30.742735
378.524384
0.018967
32.416348
5.087934
1.417378
98.108398
0.000000
0.000000
21.091930
0.000000
0.000000
58.970230
37.514297
34.658409
2.351781
0.000000
0.000000
0.000000
395.072296
0.598249
0.027498
28.388071
9.855993
0.292152
0.185148
0.000000
0.000000
0.000000
14.606423
0.000000
5.316304
0.006479
0.000000
0.484943
3.161871
83.226707
0.000000
0.000000
55.129635
1.489941
0.589197
3.799646
0.000000
30.697552
0.000000
0.000000
27.116888
104.494507
0.929923
1.226025
171.327454
0.000000
1026.241577
3.016591
3.254938
5.958046
5.402380
47.916988
2.031614
29.932449
15.603056
1142.469971
2.392041
0.000000
138.988983
36.971664
23.277494
21.857466
1409.927246
37.288376
0.305007
10.748589
18.532841
13.692705
0.417535
0.000000
0.107316
11.243891
21.746649
0.000000
11.708092
0.040860
0.111553
0.116987
0.000000
6.701012
2.039444
0.000000
0.160079
1.372185
0.000000
0.000000
0.267293
26.822124
0.000000
78.539902
436.565643
7.916275
2.418430
139.255402
142.648026
2.819343
24.755960
0.000000
0.630552
3.344908
24.325302
10.066272
0.000000
0.000000
64.722198
0.000000
2.589834
0.000000
57.650753
49.176281
55.642521
0.000000
2.129311
5.998786
13.605916
0.011733
293.393158
7.586658
0.000000
294.108582
3.765043
0.124068
7.499947
46.228523
0.124007
44.746578
3.389156
0.000000
494.613525
0.073707
8.326662
0.761317
29.916353
1.079711
2.564918
43.314537
5.449459
111.705673
0.000000
56.459625
0.036821
4.049750
0.000000
87.112396
68.523369
12.411373
7.767379
0.000000
982.344482
12.513825
8.522181
30.089268
0.017830
5.294319
0.000000
46.784550
0.360195
0.013476
1.898322
37.447895
11.029912
9.228620
0.000000
0.119292
0.178582
0.000000
8.262586
0.000000
0.000000
59.412586
2.017764
28.523279
386.922516
0.000000
86.450783
2.734053
0.000000
12.664623
10.577724
1.091397
684.955627
0.283335
343.983124
0.000000
44.078640
27.843733
1.025061
311.010406
238.999512
0.000000
1.531651
0.207924
0.182533
6.589888
1.479849
8.871057
3.306628
6.133842
28.179123
1.631418
41.472725
42.830978
198.061752
3.797269
0.000000
2.113724
418.017212
54.655758
48.864918
76.970528
0.335433
39.969181
40.522320
676.505981
0.123955
17.112999
5.048463
168.040527
0.158337
1458.289551
41.593269
32.021900
3.149729
0.000000
0.000000
9.004351
4.880104
0.000000
0.000000
0.000000
13.930170
6.861608
253.446701
30.634315
0.552578
1.693015
0.000000
174.660995
0.105667
2.564348
80.715927
14.936966
4.126467
0.287511
33.591518
5.110203
0.191618
31.908783
22.689960
1.627239
0.538403
1.727389
30.983021
10.239694
3.876835
1.773816
0.047670
10.990884
137.210220
0.432349
0.048785
11.107444
7.892272
9.383449
6.652248
68.944191
0.000000
0.295787
0.280805
54.653229
0.161424
0.219082
25.882303
0.676236
13.886514
3.736071
0.000000
303.445038
18.694551
0.014390
0.020429
133.784271
0.000000
76.977043
0.000000
4.808982
255.795410
1.696714
11.493786
0.011249
18.151615
0.000000
4.113633
3.099623
0.000000
1.556011
0.233857
0.000000
0.000000
0.234292
2514.587158
47.922039
6.880036
50.048466
15.026024
0.349415
59.130898
8.679648
0.000000
26.331951
0.149726
7.026631
2.968663
0.000000
1.235692
1.043067
19.873188
0.000000
80.585892
25.334240
11.610895
0.432628
0.603222
0.000000
498.705475
0.000000
25.685179
9.730764
25.177103
0.018486
6.711424
103.242599
0.451681
0.000000
0.000000
0.568216
2.117805
0.000000
0.495862
26.147366
21.725218
2.155966
0.000000
91.974236
21.907869
16.008778
1.487604
0.338690
43.649837
0.000000
32.182171
2.467294
9.103913
0.000000
1.403400
573.367188
0.000000
6.888674
32.762798
18.767736
69.678162
0.753057
0.747271
75.133194
284.308502
65.976456
32.270622
4.953211
0.505793
321.858856
8.821762
120.653023
10.756871
0.032008
11.213306
259.355804
64.297096
262.797455
0.210526
0.000000
55.846794
1.054130
9.163277
20.283773
0.000000
198.225922
6.784291
0.000000
0.000000
3.054654
0.000000
6.417603
3.243618
0.000000
23.763268
4.209867
6.641338
10.138452
19.452896
26.426903
10.084735
79.421242
0.435528
4.233527
0.132879
79.251961
20.704348
109.178047
2.037041
17.364084
12.475851
6.380290
5.710726
26.449551
67.124390
0.801499
15.147038
368.886871
310.004883
9.501571
12.376873
16.069370
1.387061
37.524426
673.337280
0.043307
279.488983
119.700912
0.000000
0.080650
5.811810
0.000000
0.553704
3.926934
0.123547
6.309572
0.000000
0.000000
232.509018
0.218059
8.309860
0.000000
4.683209
6.338408
48.822578
0.000000
1.676950
0.000000
36.355240
0.240430
129.026489
179.938980
0.369646
26.811857
1.339582
32.509903
21.366619
15.053156
0.000000
16.268791
3.686146
8.234240
0.126090
0.000000
28.161827
32.158539
331.532471
1.437299
1.126005
205.264847
0.000000
46.250042
0.000000
4.447057
7.821354
2.841358
1.152956
3.808513
82919.921875
0.043079
0.000000
0.000000
92.870750
2.194056
0.353028
2.355885
0.000000
0.060258
4.210777
1.660424
47.002281
0.000000
0.000000
0.479988
0.965176
0.341494
0.000000
2.485476
6.590262
20.268444
0.000000
0.223712
60.463856
6.786282
24.495375
3.283902
77.169319
14.893824
27.442764
604.620911
0.000000
0.114590
28.363731
56.433182
0.000000
0.337593
7.250280
6.326149
10.234137
0.000000
0.000000
8.010616
0.000000
63.776531
26.228226
9.176604
60.762215
298.335938
3.131149
3.940977
19.778017
7.386062
3.645995
0.000000
0.000000
2.094260
62.330395
0.000000
258.493591
0.946626
6.622635
0.268771
47.007984
0.060258
0.000000
434.562897
37.438251
0.000000
0.000000
22.102945
0.000000
0.000000
41.169273
0.000000
0.000000
1.131932
2.925571
0.000000
8.212714
84.841187
42.444595
20.997269
0.154201
0.016004
16.435583
0.322899
1.152976
0.000000
33.909096
20.184446
241.359024
10.925207
47.678703
15.818908
0.000000
0.393068
42.320866
0.516775
0.372808
0.535537
0.000000
0.000000
0.000000
0.000000
0.000000
6.534003
27.191214
0.714205
0.000000
1.041744
25.075155
58.176117
0.000000
45.934956
8.890733
118.829262
71.479256
1.111591
0.000000
202.194916
0.104934
0.000000
0.104808
0.000000
2.582667
0.000000
0.000000
0.000000
0.000000
1.787792
20.805580
6.346817
9.384207
14.303147
30.100107
12.355824
0.000000
55.665653
0.272977
0.118952
0.000000
0.468273
9.729075
25.080885
71.711586
8.567757
21.474554
3.492175
0.000000
0.000000
0.000000
17.933445
0.076388
18.182474
0.228527
0.000000
0.000000
7.738505
17.343401
0.003111
0.000000
0.000000
0.211551
10.673434
0.000000
10.822543
50.720802
4.657794
0.112468
4.218147
273.613312
0.192648
0.000000
14.682204
1.248961
4.388718
0.376660
0.000000
45.583275
0.021827
0.029623
15.980790
0.000000
0.000000
12.342146
0.000000
6.780482
14.891580
10.103806
7.591264
7.746746
27.379929
2.318864
0.313394
10.776851
44.076187
0.000000
10.131289
15.037340
0.549057
3.706012
0.000000
108.675453
50.313408
70.402435
109.380920
6.021576
71.617447
13.384053
0.000000
19.471930
0.000000
6.375049
31.377836
2.428078
27.439152
0.312768
1.382387
23.105700
11.062696
21.653360
17.797594
6.967535
61.970238
65.424042
0.241632
0.019356
0.000000
4.484166
0.406932
89.244530
55.682667
0.000000
0.000000
61.680965
0.000000
17.030455
0.000000
0.790590
0.000000
0.000000
30.296896
125.117661
13.535948
0.000000
0.000000
0.000000
29.098957
0.065356
18.267073
16.246685
64.800728
5.195855
0.062709
5.296871
0.010213
0.000000
101.046127
0.000000
1.190222
0.093895
63.507172
2.651945
3.091614
0.000000
12.058198
4.253198
0.000000
0.082279
154.799103
4.489217
0.000000
0.000000
1.132033
0.000000
0.000000
13.868827
0.000000
1.334426
58.996284
0.020482
16.569511
12.486703
0.057200
7.577045
52.678131
31.119097
11.443100
2548.947021
0.033047
14.012350
22.973600
7.936650
0.000000
4.647954
46.923111
0.606791
23.488392
55.017097
22.494013
39.466660
0.205697
50.697708
38.367954
12.744883
2.133158
2.852694
0.017687
0.477140
0.000000
0.504349
256.332489
3.189037
1.799659
2.637135
5.806414
2.064051
1.661732
28.014332
10.516253
6.606902
8.810616
58.807175
48.234283
8.384650
0.000000
6.522612
4.269814
15.137887
0.000000
0.000000
49.623070
10.721526
0.000000
2.206361
1.763976
0.007518
3.720183
0.169801
8.901358
39.441113
0.042097
0.000000
129.463455
0.571202
6.697925
1.122312
10.372271
0.000000
16.837654
111.012634
30.707468
0.000000
79.337646
75.722107
6.638138
2.496565
0.000000
0.951867
0.030512
0.000000
31.514977
2.432142
90.893051
35.611519
44.612030
39.036987
216.399811
1.869736
0.000000
78.981697
21.038391
0.000000
34.509087
23.379925
22.379030
9.805532
99.606079
0.000000
286.555756
6.844052
0.000000
0.455828
0.798199
0.213580
2.062485
5.333971
15.331519
7.914255
36.997398
58.906685
0.000000
0.563231
1528.458496
2.892462
16.722918
3.762899
21.687946
0.000000
0.026169
77.578743
0.000000
31.123314
51.787128
111.669724
0.000000
7.906353
0.000000
79.727974
8.771663
117.580704
12.273294
54.502094
28.886835
3.032390
0.000000
20.532749
6.084456
1.302521
15.191498
3.754085
0.000000
0.000000
0.000000
154.397202
0.000000
3.898550
0.000000
0.000000
188.177948
0.027392
5.928538
93.738945
71.892311
1.054077
10.416616
16.504936
59.783794
0.000000
0.000000
24.668919
3.651727
0.150333
30.715582
1.146805
87.705383
38.660351
32.937061
149.324600
0.882556
8.906549
11.186085
17.781231
86.829590
0.000000
7.820707
127.356781
0.000000
0.017037
0.000000
15.466603
3.865949
14.378890
14.934080
145.122787
4.363195
1.864609
24.191250
0.000000
0.127248
35.016697
0.085092
0.178810
0.000000
8.000180
24.727551
12.109513
0.000000
8.917006
0.049575
42.365070
8.304542
51.380985
0.000000
0.000000
51.220142
0.413037
19.634987
181.101425
1.933276
3.879190
17.625475
0.000000
0.215846
0.000000
0.000000
0.138529
1.682405
13.496878
7.657994
0.000000
24.868505
2.876753
0.000000
1.995433
15.141257
18.548071
9.220732
1.113777
9.066726
36.863571
0.000000
0.792301
0.300650
255.921738
110.171265
1.762723
9.702039
30.099186
0.000000
0.000000
0.000000
0.005890
4.097883
0.458331
21.470036
3.340341
36.091309
0.000000
84.628769
0.000000
0.165972
0.000000
70.272362
2.711266
11.377190
0.000000
1.541970
5.839019
0.784537
18.754658
69.095116
0.751685
26.311337
0.161232
0.027206
10.370138
29.373934
0.016718
7.657788
5.242044
21.677143
9.110459
12.459693
27.868601
25.295624
26.070505
104.580704
0.000000
13.004889
16.808767
1.386861
320.318115
8.636991
23.222363
4.847265
0.000000
591.475037
2.562722
0.000000
0.000000
0.278815
32.858479
0.000000
20.177742
75.304398
0.000000
19.658417
31.414646
0.000000
15.175663
0.325565
52.819916
0.047351
18.696707
0.000000
0.000000
0.000000
0.136237
149.874084
17.006073
23.725010
0.000000
42.166935
3.705308
0.191833
0.000000
0.000000
0.000000
13.769683
0.000000
1.495134
113.935150
9.313304
0.000000
13.916048
8.914919
2.109803
6.317698
0.000000
42.856243
0.070147
7.252176
0.000000
28.823294
21.634800
32.401157
1.855165
0.000000
0.769061
5.906531
22.526339
0.000000
2.225077
796.321472
1.267159
0.337030
38.487164
12.668618
30.128983
0.112026
0.000000
10.645235
6.612639
16.907627
57.030579
11.458895
23.550652
0.643804
2.964150
24.667641
0.000000
47.870686
0.000000
0.000000
13.072728
2.048672
0.000000
17.472464
104.209976
0.000000
33.366894
24.222437
41.993988
9.309504
27.107731
1.971131
0.782712
3.079744
1.049386
20.286991
0.000000
20.189283
3.783493
0.037729
1.031078
38.425873
10.518362
1.133285
16.606005
0.000000
29.827787
0.000000
2.820493
0.000000
69.647102
23.472229
9.505077
5.538961
175.055710
7.878927
5.397305
331.377228
5.234851
0.005013
0.253673
62.554092
11.430144
0.000000
45.870979
26.602779
13.321531
13.302767
3.243498
0.178637
63.044128
0.000000
0.000000
20.622641
6.553686
49.658802
4.411116
17.666603
0.027356
0.000000
4.843031
0.000000
120.334480
4.838306
0.199289
29.226826
8.331179
103.364624
5.422754
0.000000
0.000000
0.600168
4.280946
0.109024
2.781415
19.575134
2.962651
0.000000
4.113798
6.979654
8.288150
53.526718
1.028685
0.000000
58.177582
2.396508
12.671768
0.214678
0.000000
0.000000
2.987199
0.000000
26.316681
30.007069
13.081017
2.955890
0.000000
0.000000
46.954494
82.712402
17.405582
40.650318
495.860168
103.249954
0.006143
3.514620
0.922337
0.000000
0.000000
1027.478149
0.000000
24.995792
825.116943
0.000000
38.067844
4400.634766
13.064090
13.451828
0.027111
35.399395
15.241682
1.709628
314.821564
23.769495
0.282814
66.890495
3.279158
0.000000
0.210271
44.231926
0.000000
21.291428
15.285145
3.306632
325.018005
1.408040
0.000000
0.000000
0.000000
0.000000
26.122696
0.000000
43.714626
19.907249
0.080773
12.366863
0.639791
7.595251
18.724642
179.871902
9.872668
11.149063
14.087626
2.081588
56.053406
618.755981
138.424469
0.000000
0.007958
0.000000
31.076933
85.169533
34.947632
7.449922
0.000000
0.000000
26.269012
0.052807
3.000590
0.135343
140.394501
12.998001
22.485182
4.653711
0.000000
6.167142
0.074476
0.682902
20.841564
0.000000
0.461338
0.000000
0.000000
31.598934
0.782331
0.011426
86.739494
108.301849
30.254871
68.738747
7.559734
0.098140
5.654599
0.000000
0.000000
0.235984
0.000000
8.693513
161.225754
27.168957
117.294983
1.129481
0.012720
6.407495
52.956902
36.004108
0.000000
328.780609
2.829887
0.108917
0.000000
55.910725
56.833889
18.382570
1.271656
8.604336
25.974953
0.645044
22.887461
58.049686
7.112325
25.386639
8.186324
23.218288
0.000000
21.422487
0.311810
6.585439
0.000000
0.000000
16.715853
27.333508
1.328923
0.717566
5.170398
39.992752
13.752647
59.458431
11.357265
0.094744
0.000000
6.822739
0.580778
5.322018
1.166421
27.153009
3.129581
26.545380
22.946592
79.809624
27.295719
17.126743
20.638830
24.485329
3.703230
20.715723
130.223267
0.023212
30.977097
0.000000
14.042390
2.003984
22.861858
0.151049
0.299229
0.000000
0.358815
0.000000
4.919026
0.278849
3.503537
48.020061
0.000000
3.559677
0.102902
0.000000
26.238577
0.000000
18.465216
0.000000
143.095200
84.847946
6.403557
0.153432
0.000000
0.000000
5.162171
0.000000
40.563652
1.916719
59.821075
0.158342
0.000000
2.030552
0.000000
0.107865
0.000000
0.461018
0.482522
0.101875
6.970549
0.100448
0.014359
0.000000
0.283693
62.618031
54.607479
27.254980
1.079043
0.000000
15.374467
0.000000
0.000000
0.724144
8.180446
1.619260
0.000000
0.090149
1.628309
3.041418
0.000000
0.000000
3.680477
67.195198
0.225793
5.601450
0.000000
0.094294
0.000000
0.151145
0.072415
0.015683
0.420714
0.000000
0.134480
5.401023
48.309093
24.739065
0.034014
19.668320
15.620257
6.407289
0.542455
4.510755
4.512352
0.196104
11.052670
0.000000
9.832319
2.139710
7.630773
7.291694
7.611181
37.825092
19.715319
0.000000
15.836076
0.254248
0.799862
24.358137
10.244349
15.485762
0.139744
21.601969
0.000000
0.000000
19.473877
51.736881
0.000000
2.486594
30.822346
485.346161
0.000000
92.933678
13.780592
88.762535
5.820776
0.000000
0.000000
0.000000
7.865665
0.000000
0.020487
0.020835
6.756272
11.344050
0.573477
0.149744
0.318183
0.927915
0.000000
0.031674
5.424239
1.259765
0.553002
0.029035
8.641958
19.991180
24.395947
49.425106
8.027386
640.007324
0.168822
0.000000
1906.913208
4.528984
0.126887
4.307571
0.000000
58.655537
121.106888
0.000000
94.628746
11.146468
0.098127
17.681477
0.415985
0.359098
182.007141
78.577911
0.095315
0.086811
0.000000
0.444258
0.000000
0.000000
9.059927
0.901540
276.203827
1.229664
0.000000
0.345614
4.673570
182.405151
146.040359
1.043895
0.000000
0.000000
0.000000
0.000000
0.000000
24.161068
63.997784
5.339934
22.285536
0.000000
9.672431
0.560598
0.094705
21.436859
265.168732
29.235420
0.000000
18.373835
0.250189
1.717849
0.869838
0.000000
0.611296
0.000000
109.780724
138.568054
42.370609
67.266006
6.883652
32.287708
0.263931
23.462183
139.793106
0.000000
16.954445
0.406028
0.000000
0.000000
26.604109
0.000000
0.000000
124.641022
0.000000
15.920101
0.000000
58.218487
0.000000
0.000000
0.197095
0.000000
0.013171
0.938186
46.273819
0.000000
30.528704
59.910034
16.612318
0.217305
0.350786
36.915421
14.862384
0.000000
56.008804
18.928812
60.196243
1591.149658
0.000000
0.216327
0.007371
0.082030
0.513692
3.176895
10.096229
11.920434
88.500893
1.917689
0.005436
2.773165
0.109018
0.702777
2.496520
0.000000
294.211334
41.227028
1.710318
0.156615
0.010851
0.000000
14.940665
0.000000
0.009876
10.643647
19.037703
0.445403
50.584892
15.163179
62.917831
405.691956
163.378784
7.648248
0.000000
0.151575
27.871849
0.000000
4.472128
35.189655
0.000000
0.000000
0.000000
18.509895
14.560821
5.666531
0.274662
0.203923
0.684251
0.511658
0.541797
131.305893
75.157097
6.703045
81.056870
4.877033
21.180071
11.614264
0.000000
0.068685
0.182422
0.696344
2.791171
0.060613
0.012620
105.391983
0.500195
15.721172
0.000000
4.136436
38.625423
1.552971
5.538245
0.000000
0.000000
0.000000
35.949646
10.269677
30.080776
3.075259
0.011342
0.000000
4.025739
5.120172
3.738746
0.373253
37.812084
9.909649
7.083476
0.183899
0.000000
0.077130
0.000000
17.718363
0.000000
15.404325
0.000000
0.924686
0.000000
9.687347
0.016497
37.921463
0.042936
0.316547
7.298854
0.000000
0.000000
7.615132
1.739028
6.458097
5.750790
0.000000
2.212942
0.000000
0.064477
5.196235
2.566604
40.378601
11.649364
0.000000
0.000000
0.000000
11.326161
0.000000
6.472003
0.373096
0.031252
2.023956
19.186808
7.778241
0.057263
118.315102
0.478453
23.366837
1.747422
26.283365
10.188506
3.710216
1.688561
0.000000
0.000000
0.042576
0.000000
0.000000
10.601203
0.000000
0.000000
60.186256
0.000000
0.066269
4.257528
8.857842
0.000000
0.000000
0.399089
4.150749
15.861942
64.404808
1.771186
0.408498
2.619273
0.531743
0.000000
0.218895
0.704269
0.553553
64.110046
14.791363
0.000000
15.084759
0.627855
0.000000
39.634045
1.872932
0.000000
0.076250
188.214172
0.000000
164.425934
0.000000
31.748320
0.603580
0.000000
0.000000
114.784767
15.063190
0.000000
0.000000
0.177267
70.056343
0.000000
0.375339
0.000000
0.000000
6.031572
41.203075
0.000000
0.521013
14.119017
9.773801
3.648216
3.826343
0.000000
5.197720
5.933652
9.446100
7.299201
30.860607
1.766666
0.504842
45.989933
89.934059
64.113411
0.000000
123.953941
8.625134
3.545556
0.000000
8.751381
66.428299
13.110154
27.657860
2.408856
0.000000
0.000000
0.163417
0.000000
0.000000
0.000000
0.000000
13.361078
0.000000
0.000000
9.394362
102.945694
8.828736
0.000000
0.178036
6.773507
0.984273
0.000000
0.000000
0.118952
3.141610
6.735099
34.869896
0.226784
58.421566
5.557125
78.127190
0.000000
0.587225
0.000000
0.000000
0.142973
6.472974
0.000000
32.727955
0.698552
80.722725
10.678550
2.575479
32.995293
39.358829
5.573534
1.408585
0.342033
0.000000
0.009794
0.000000
0.135165
61.395603
0.000000
0.000000
0.000000
9.762220
70.798508
0.413162
1.957658
0.000000
0.000000
18.057322
0.211075
22.683979
13.488157
31.008310
0.064046
0.765730
6.619028
12.283783
58.396049
32.900360
0.000000
1.380469
8.063665
0.000000
0.242283
2.932882
6.083712
0.026962
13.284637
0.155818
0.065532
0.000000
0.059566
17.397455
80.184692
10.690418
0.000000
29.030016
0.000000
0.622075
3.196772
62.045235
0.000000
47.255432
101.326836
0.880275
11.640904
0.630900
82.227684
71.444191
0.000000
31.011091
73.009201
0.062904
0.000000
35.677002
55.569336
0.000000
66.335159
1.592633
11.902253
51.287769
34.560017
163.143463
0.016647
0.000000
9.862998
1.236261
0.058674
206.435760
0.000000
0.641198
25.532255
0.392011
125.360703
23.113182
19.858019
0.000000
0.432022
5.142184
0.010599
6.616252
31.982689
0.000000
16.273573
58.616783
10.067484
0.000000
80.838356
78.076752
0.000000
0.190005
4.987430
1.152121
0.134753
0.000000
0.000000
102.561981
0.000000
4.464242
41.521381
0.049005
984.445435
28.439205
25.463215
0.000000
21.016573
12.471004
14.525987
0.000000
0.000000
0.000000
0.095316
6.506826
0.000000
13.675064
1.240298
14.813507
1.434244
39.717209
0.000000
0.000000
0.081318
0.309708
0.000000
0.000000
18.571012
0.000000
0.053547
13.897355
0.000000
0.000000
0.174700
0.040035
1.040082
1.901483
31.747599
0.000000
30.818558
3.270047
7.203647
1.710301
2.354605
0.000000
1.729736
44.182911
0.142841
6.177856
0.000000
0.486862
45.158855
0.155718
367.443115
0.551915
0.000000
0.042029
0.000000
0.000000
0.226240
15.258740
100.300362
50.563648
159.173630
0.264078
0.020366
39.540577
0.000000
0.088862
3.413266
38.830486
0.073267
1.494118
0.159153
0.033558
0.012328
22.525557
3.861505
0.000000
0.000000
0.000000
0.110894
8.100128
0.105898
29.291149
5.986022
1.283524
40.210732
0.156689
24.150465
1.183664
7.011732
0.418479
0.000000
8.289044
67.436966
0.675806
5.034537
16.780649
0.000000
0.000000
0.000000
19.980515
1.101040
187.662384
64.845551
1.358724
51.971886
2.873731
2.992132
4.443247
0.000000
33.770378
572.885193
0.088013
0.000000
0.720567
0.000000
0.000000
0.000000
0.000000
25.561087
18.473986
3.554593
0.000000
0.008294
11.156028
278.386505
25.692968
0.577728
76.471626
8.725128
5.703956
50.281429
8.718528
63.985340
2.130654
0.000000
5.409823
0.000000
0.070362
17.673773
0.000000
2.525201
25.403364
67.151230
3.045118
1.819893
7.021262
12.552185
1.031363
0.000000
52.717587
18.180223
0.116806
25.700018
0.000000
0.000000
28.232605
6.570149
55.643009
596.857788
9.623857
3.979434
11.012935
18.163027
2.052964
27.349091
9.722258
4.551363
19.053690
0.796541
7.365780
0.054948
31.689047
0.486400
0.143152
205.093872
54.739311
0.000000
11.920464
0.000000
0.000000
46.333099
0.000000
15.277609
0.000000
0.671275
35.729149
0.000000
0.000000
15.147485
0.000000
0.038522
4.743860
39.759117
0.159235
16.581957
0.621353
0.000000
0.000000
0.000000
1.075482
37.270714
9.413914
0.042625
126.611305
3.452344
0.315655
4.149184
0.163570
0.000000
1.901620
48.398491
0.440151
0.286195
0.000000
0.000000
5.870564
1.026181
0.000000
0.000000
0.000000
1.307932
0.000000
2.286835
31.921335
0.000000
9.666596
4.155355
0.580693
4.436023
0.000000
0.000000
0.411166
0.651793
0.124555
0.000000
218.060394
13.715211
25.675928
0.000000
0.262081
1063.088623
0.822793
0.000000
0.000000
2.326155
0.282234
0.320873
4.438708
0.921143
60.907345
0.000000
9.230260
0.000000
0.199500
0.006239
39.163883
0.000000
0.090585
0.000000
3.474136
49.430401
22.684948
7.885425
0.000000
0.595986
3.549923
2.579211
3.115361
24.972986
0.000000
2.562085
239.206772
0.055514
7.484199
26.589199
23.617376
44.244862
0.054915
0.000000
37.825405
65.434822
40.946518
0.000000
111.401161
111.907173
37.924904
13.165415
19.056810
0.121131
0.000000
0.000000
0.000000
67.230972
9.036784
3.959388
70.568184
3.090051
2.869390
1.116773
8.935592
38.562218
28.738771
18.328072
14.350475
71.267464
49.754333
1.163317
45.508892
0.194063
0.000000
0.194771
54.857796
0.593211
36.544933
249.230148
0.000000
0.000000
0.000000
326.416687
2.691840
7.225677
11.948119
8.558941
96.566650
0.000000
551.034058
29.300909
20.568256
58.078327
51.861534
35.717609
97.240257
8.294478
0.000000
13.616338
9.588471
0.284696
34.585590
121.722717
2.704702
15.591556
0.346704
0.026403
0.034901
753.628784
22.257696
28.153839
0.000000
0.716426
13.406939
0.000000
0.000000
531.529114
14.221702
96.871246
51.947117
0.000000
10.919970
0.000000
0.018755
24.037697
2.148797
0.000000
55.131264
30.705893
7.463454
7.716342
11.458725
127.890015
0.000000
0.026109
0.000000
2.743978
3.259199
12.129020
12.636478
8.844057
95.721382
92.308022
1.066004
81.145523
0.000000
74.720413
1.464157
2.184914
0.000000
0.000000
7.109352
0.000000
86.150543
2.439661
8.878872
80.607536
9.693124
14.404490
14.339520
9.862749
0.000000
27.216150
0.158566
0.000000
0.000000
2.727975
10.565970
0.024929
0.000000
15.926223
0.586286
0.230255
0.000000
0.125120
28.680660
0.000000
0.012424
24.065973
0.000000
0.000000
0.374768
4.489963
0.082756
0.598468
36.227974
0.000000
78.886688
3.394953
0.000000
20.786215
0.000000
194.143921
36.681118
6.722130
21.560686
0.086158
0.000000
22.337992
32.159172
0.341544
7.989678
18.558737
0.220532
23.743496
0.119990
741.428955
2.506355
0.000000
0.000000
4.140257
0.660726
0.000000
0.000000
1.239853
0.000000
38.484703
4.990880
304.438812
0.027026
3.237919
83.251587
21.872908
0.000000
0.000000
0.000000
1.079625
53.271244
90.496201
0.000000
0.000000
0.000000
0.388003
0.070832
0.000000
0.000000
0.000000
0.000000
3.569497
19.682226
1.598585
1.773234
2.115739
0.228570
0.202594
2.458363
16.591105
4.145677
3.502355
35.849167
5.026204
0.807833
5.520435
0.000000
0.000000
0.000000
0.000000
0.000000
0.242059
65.352722
0.453714
5.989531
0.051706
11.867905
7.178011
0.007536
5.946211
1.116348
19.819370
13.350450
55714.812500
1.727501
16.282614
0.000000
4.663366
3.270334
2.226702
8.013210
2.692621
0.044472
29.294733
0.000000
7.115246
12.995198
15.114638
0.000000
308.111633
10.576090
33.333843
0.000000
64.765450
0.000000
0.088887
0.099026
22.640772
70.339935
17.757416
0.592047
50.473701
0.000000
0.000000
26.727581
1.052129
3.000930
8.686596
19.677816
9.441732
2.338998
0.000000
2.382912
33.596947
0.110052
571.981934
49.161652
53.537617
0.000000
4.565802
59.378914
0.124684
0.000000
368.372559
0.103670
31.400801
4.636033
0.000000
0.000000
0.000000
0.000000
0.026664
0.207358
1278.679932
0.000000
0.000000
34.703892
15.188079
0.816504
4.015675
0.000000
0.000000
689.848938
0.336771
4.950490
0.972634
0.381251
10.905544
93.118858
0.684101
33.519894
20.191240
0.168523
0.000000
35.160545
7.234853
0.000000
12.952731
2.929387
9.411489
288.503540
0.000000
44.719238
0.426381
0.742365
0.000000
0.000000
0.000000
17.992329
0.000000
0.186239
1.269642
0.000000
3.199054
24.727194
8.214635
2.305929
1.523619
10.212481
0.000000
0.000000
1.109367
6.937919
9.759652
9.453664
44.473518
0.000000
0.000000
11.559836
41.823250
0.476403
1.021647
7.373610
118.199081
8.519778
0.216449
38.558620
0.017345
0.000000
148.150757
3.573112
6.807355
0.000000
0.018093
20.513176
347.970001
0.319651
177.022186
3.455798
5.325399
8.985628
100.818848
399.001251
0.000000
4.549126
1.290397
0.000000
0.452454
1.503821
0.000000
20.425962
0.000000
0.539072
0.377409
15.420376
0.000000
38.320717
0.047056
11.048259
6.449891
0.000000
0.377584
0.000000
16.443445
1.466503
0.090864
5.155849
2.893529
8.697266
0.000000
14.378581
106.789650
6.135259
0.106383
7.673417
0.044709
5.852654
0.229828
45.075665
0.071285
4.309513
9.805166
0.312826
461.689667
0.000000
54.633785
0.502774
68.371933
0.542473
0.023450
4.320921
0.374622
112.387527
8.415190
32.657494
424.072449
0.000000
5.758471
8.871354
0.000000
0.000000
8.880531
23.966454
0.000000
8.877293
1.874273
0.000000
25.611967
33.605148
0.123837
16.000162
0.015777
41.863499
0.000000
184.177689
52.932499
43.630566
0.000000
0.000000
36.731300
0.000000
1.044545
0.000000
5.229919
331.938965
0.000000
0.948121
0.000000
44.252731
0.000000
0.080461
35.871506
470.777679
4.082556
0.000000
0.057010
12.457488
19.080086
0.000000
0.157075
21.326313
31.761181
46.837685
0.394192
3.454036
0.000000
0.000000
0.029232
0.000000
0.419770
20.306166
0.000000
7.091484
14.006746
0.360058
11.160030
0.000000
7.022808
0.271014
21.958963
0.942367
1.702366
61.764629
0.963030
46.454235
0.000000
0.000000
0.000000
6.648288
2.854088
0.000000
2.797036
0.596680
168.732315
0.000000
0.000000
179.916611
7.578000
7.577154
11.891445
0.000000
0.000000
32.845394
1.718698
94.467972
36.006248
0.297637
25.255447
14.298151
24.685238
0.041401
34.225883
0.000000
0.189244
0.000000
32.725574
14.870641
0.451692
530.059021
59.689503
0.000000
4.301672
0.000000
9.628702
31.450006
0.884740
0.000000
9.910439
13.838710
0.000000
0.769050
12.752534
0.000000
0.000000
0.000000
0.616260
0.000000
0.293227
0.000000
0.030854
27.144497
13.351199
4092.374268
0.000000
9.282009
4573.732910
0.000000
0.127592
0.000000
0.000000
0.179023
101.551521
51.943855
0.000000
17.937124
0.000000
1.921620
0.207150
168.190811
0.000000
4.199890
0.000000
0.000000
40.941971
0.000000
36.576424
89.360184
75.217880
3.971958
0.000000
4.883264
7.140450
0.258402
0.000000
18.002129
0.000000
10.589345
77.394646
0.588404
2.196125
0.736901
26.031401
0.000000
86.798851
0.263693
0.000000
4.455019
0.014581
5.788707
0.000000
42.091381
174.870621
7.429132
101.703949
44.922497
1.449198
0.282697
1.042944
19.955904
16.676699
0.104408
0.000000
3.233763
22.324535
0.047799
0.000000
0.000000
0.372378
0.000000
0.000000
0.000000
6.299556
0.000000
16.464457
19.284285
0.000000
0.000000
3.148933
0.000000
0.000000
29.230909
0.000000
0.000000
0.112527
3.591999
24.345665
0.000000
0.000000
110.850502
0.000000
8.116065
59.103710
0.000000
0.000000
0.000000
48.217007
0.490209
160.950134
29.820688
0.000000
0.011645
0.000000
189.578613
1.212770
0.123041
0.000000
3.594273
3.326055
32.714825
0.132219
0.096543
0.000000
0.549005
280.614594
0.000000
0.034654
106654.945313
11.152238
0.150714
2.827428
0.000000
0.885547
38.645409
35.791962
0.058807
0.000000
31.187181
2.130243
8.479067
54.595043
101.105110
1.548445
29.535681
4.018120
100.106834
0.000000
63.559689
0.000000
190.598618
109.554871
9.822013
17.944359
0.000000
62.015213
0.000000
5.356618
0.000000
16.756897
6.876850
6.917706
0.114220
8.173345
0.000000
0.000000
2.832932
7.623148
0.000000
0.000000
2.580302
44.322979
73.939377
0.418102
5.634791
567.901001
0.617709
51.602100
0.173492
0.000000
0.605872
11.612535
0.000000
3.714195
16.844654
1.180393
16.471050
0.000000
16.409374
0.000000
59.205303
75.903046
0.475191
0.000000
15.259442
12.859761
0.000000
0.000000
1.107901
43.369213
19.221493
19.084574
18.577045
15.884128
9.445415
9.987288
6.670839
35.150734
0.000000
31.667166
5.450789
56.556461
18.619539
0.701061
0.014014
31.220379
476.168579
0.000000
8.671100
2.647506
2.390482
4.074761
0.000000
0.000000
13.414679
5.137994
0.000000
272.289703
64.018959
80.528526
0.000000
126.627068
14.053436
4.559513
398.218628
9.517079
71.010117
0.000000
1.155594
4.453625
192.390320
16.896761
133.181076
4.268507
0.000000
0.176616
0.088797
5.512209
0.000000
0.669472
7.247810
72.261330
0.000000
17.622284
0.235382
0.214054
85.449593
0.447618
2.086851
4.591637
15.097963
0.000000
0.000000
0.000000
0.000000
0.140419
53.877998
0.783761
129.573624
0.812225
0.000000
0.000000
0.000000
7.941650
0.141983
0.509774
48.816349
0.000000
55.911938
18.838881
43.242218
163.155945
0.000000
0.172604
0.267333
3.281566
136.606400
444.881653
0.000000
43.237053
14.399775
0.000000
5.851998
1.011837
0.008690
0.000000
0.409251
0.000000
16.082241
30.440819
0.000000
62.556484
42.382011
2.786530
0.000000
0.000000
0.184582
4.292050
0.000000
0.000000
0.000000
7.882601
0.000000
6.330650
0.128885
54.918316
64.810631
666.469971
31.326740
6.985838
1.352124
3.758670
62.784336
0.607545
1.384163
1.366689
0.000000
0.000000
0.074970
7.633594
0.000000
107.388458
43.527317
4.405989
2.165036
3.173583
2.581428
9.680644
9.147614
0.000000
5.412157
4.907884
0.037736
142.819427
0.000000
0.000000
0.000000
1.885559
0.842439
0.000000
0.896438
0.000000
0.000000
79.137215
0.017412
2.790793
2.879826
25.991177
19.110575
50.382973
6.743913
42.477718
0.406865
0.921431
5.567668
0.000000
26.847290
0.000000
0.000000
1.509626
0.079404
0.341679
0.117471
0.213390
0.000000
0.000000
0.000000
234.556061
245.211090
0.000000
40.252010
0.000000
14.613898
0.000000
38.024967
1.606941
0.015164
83.466034
65.221573
1.999443
0.000000
0.233137
31.532015
8.019893
0.000000
41.285690
6.577320
0.927834
0.000000
71.624084
58.338467
0.778303
37.597816
0.000000
0.000000
0.399751
0.000000
0.000000
13.301473
0.000000
10.611283
0.000000
0.000000
35.337345
0.023927
0.000000
0.149189
0.000000
33.738655
0.246602
11.088701
0.000000
0.000000
10.978613
7.557047
1.684212
36.524029
0.000000
0.807030
4.542596
21.749620
22.658178
44.497608
0.000000
0.040078
4.129857
4.198622
5.978141
31.628468
0.000000
10.966466
0.000000
17.908157
0.000000
0.006962
1.274864
0.000000
10.293526
4.447703
0.000000
8.639988
0.000000
12.820350
5.132121
0.017794
5.426826
21.553543
7.476419
0.000000
0.304222
0.188508
11.318509
5.176693
0.000000
0.184540
8.744727
4.762959
0.000000
59.993324
36.856804
0.000000
15.015818
0.000000
0.766586
1.718852
0.000000
0.634321
11.248661
26.253769
45.211311
0.000000
0.000000
7.374451
26.033234
6.341451
11.808163
66.456436
31.098656
2.108986
0.135349
16.803102
0.000000
49.484234
0.000000
133.388321
41.682972
0.000000
0.032941
9.171480
0.000000
23.292236
0.255298
0.540251
2.605317
121.529778
100.524841
115.152618
4.178794
61.327610
0.000000
0.919817
1.323677
0.156259
2.696950
0.554658
0.035906
0.034161
10.277940
0.863981
0.000000
0.000000
0.000000
0.632803
0.652138
10.912741
1.022675
9.197680
65.339378
0.000000
15.908238
10.823023
1.475062
1.392506
43.444588
62.328388
19.274389
0.000000
133.842041
0.000000
3.814526
6.373479
0.106496
54.900394
0.000000
0.868196
0.000000
271.396851
0.000000
295.314728
7.696864
18.080229
51.099613
314.343048
0.077513
22.143446
0.000000
23.188267
0.000000
0.000000
1.765844
0.000000
0.000000
0.000000
10.440160
0.000000
9.836103
36.502453
0.000000
0.000000
19.495186
0.000000
20.278040
0.027097
5.424488
29.508194
10.414396
0.000000
81.510437
12.429211
0.000000
58.204113
10.233064
45.673382
0.000000
0.780112
0.000000
25.329565
0.000000
0.000000
26.248085
275.669250
30.069803
90.431320
0.217227
0.000000
30.682123
2.220582
0.000000
0.000000
3.250118
0.115237
691.574158
0.000000
19.139511
0.000000
0.000000
65.516823
0.000000
0.000000
36.697762
94.408623
15.959034
4.417572
33.946461
54.490887
4.351480
12.191411
0.000000
0.000000
38.925888
33.832844
26.816889
0.000000
0.000000
13.227005
0.205066
47.395676
0.000000
0.000000
0.307747
18.833315
0.000000
44.206409
0.943935
0.073672
0.000000
2.032281
0.000000
72.372124
4.715269
0.000000
2.791023
104.054955
232.095398
37.754944
1057.567749
20.630346
11.848446
0.000000
10.245487
17.082676
276.561279
0.000000
0.000000
7.034501
156.067368
0.192006
99.760498
0.000000
208.381241
42.841270
0.000000
7.669343
7.971767
8.382019
0.000000
7.637781
79.144653
13.955812
0.000000
0.000000
1.432377
457.122101
39.860298
0.000000
7.311203
36.914696
30.485725
0.000000
272.706451
0.000000
13.553733
16.248554
107.330467
0.000000
6.989961
0.481306
1.059793
0.000000
0.000000
0.000000
31.651146
2.261750
0.000000
29.516108
0.000000
6.041456
0.179906
24.529194
0.520109
22.336855
1.486087
2.737945
20.168356
77.371292
32.127045
5.482810
51.679089
39.866623
0.000000
0.000000
0.000000
0.000000
82.476364
4.438470
406.157867
16.816736
0.000000
1.983023
1.859518
18.146299
7.247341
42.133461
13.124493
0.251210
6.864927
0.000000
7.031802
2.801218
8.382726
0.000000
0.000000
0.000000
0.000000
32.755028
76.824471
0.000000
0.360023
12.326761
20.238865
39.349651
0.000000
0.000000
18.848278
27.433519
69.582176
24.379488
10.980106
0.743145
71.657028
10.196406
11.984618
0.277991
8.166059
0.000000
0.000000
4.600539
14.619295
0.000000
0.000000
0.000000
35.579441
17.128298
0.104936
11.264071
0.000000
9.998301
26.191841
0.865158
0.025893
225.217041
0.000000
172.761917
13.091307
0.000000
0.000000
0.000000
5.086458
0.000000
13.462624
5.988762
46.821541
21.992237
16.003700
3.860809
0.000000
0.000000
0.169807
61.549152
0.000000
1.077494
1.397028
60.656498
15.302537
53.054649
85.648903
8.812289
0.182581
0.889132
4.773103
1.544059
16.311487
0.000000
1.673980
24.930195
2.396987
0.000000
0.000000
2.006660
0.411878
0.000000
0.043537
32.267315
6.410769
0.394732
48.404007
0.000000
153.203552
0.000000
33.721405
12.479294
1.613581
2.149440
1.010096
60.036785
4.685869
1.392575
213.913406
1.305562
43.562908
8.625682
6.694811
273.677765
0.000000
13.253064
601.898376
185.961197
131.024323
32.743530
35.166222
0.000000
40.211544
2.683579
38.745663
0.000000
0.000000
0.188589
56.357601
273.891083
6.422743
21.902746
0.000000
106.605629
36.419411
108.281219
13.965605
461.431335
108.016304
11.317722
54.063274
248.907715
0.000000
39.882988
44.562538
0.613038
20.730549
15.052589
0.223339
0.000000
42.921673
1.277348
1.423297
0.000000
0.000000
10.565980
19.237846
0.000000
1718.044312
0.006557
4.166606
23.479227
2.774704
0.000000
3.447148
97.683517
0.000000
10.192407
22.565439
1.044140
0.000000
6.368493
11.781804
21.078886
4.837719
1.248839
0.000000
0.273224
38.270073
0.000000
20.052938
6.729681
0.531321
0.423122
192.871948
0.000000
0.097936
3.527296
0.000000
29.696520
93.824104
0.000000
0.269543
0.000000
0.000000
54.016922
26.629616
40.942020
0.000000
28.810596
4.567080
50.966709
28.427135
0.000000
11.412893
0.165723
1.378837
1.172833
0.000000
29.372326
0.000000
0.000000
0.000000
0.000000
0.848816
16.043747
19.480326
0.000000
23.802887
4.906760
12.227741
17.127483
81.795074
0.000000
0.000000
0.064182
0.000000
0.231276
23.268362
0.000000
0.066225
0.289369
0.000000
5.897611
0.000000
4.246755
0.066925
5.741359
0.045251
70.793266
173.272934
31.259689
0.219042
0.000000
1.705140
0.184426
0.000000
62.767155
12.687802
0.027859
35.701042
0.077510
0.000000
0.799230
0.000000
0.000000
138.795929
0.000000
0.000000
9.239549
0.000000
9.850503
3.241901
0.000000
0.002451
0.278003
108.858826
0.108624
325.599060
0.000000
4.180732
0.000000
79.220665
2.672856
54.109264
0.000000
7.180213
42.082451
26.209351
0.269829
0.643083
0.254473
0.000000
1.603083
1.416378
0.228835
8.188267
1.306456
0.823749
238.639175
0.000000
0.000000
2.386604
0.000000
0.000000
0.000000
32.294559
354.798035
0.000000
13.480370
0.000000
0.000000
6.131007
4.200171
0.000000
224.871048
0.439655
1.256959
0.019817
14.271684
0.000000
39.515976
24.052887
0.853452
0.000000
79.299858
16.057812
3.599474
4.665083
0.693661
18.179932
13.613037
0.090713
1.471290
0.000000
57.841663
0.000000
4.703592
1.162234
8.655448
2.974062
2.766149
1.423750
2.616469
0.000000
0.165296
0.000000
3.486552
1.071717
1.399635
0.866177
0.000000
0.000000
55.157368
0.049070
17.548359
95.714096
0.873253
47.030945
0.000000
0.070660
3.665412
18.557762
29.459949
0.000000
1.529518
16.636568
3.015929
0.000000
0.418610
0.000000
1.569019
0.560931
0.000000
0.000000
47.096241
9.679217
0.000000
0.239395
37.772556
0.278096
0.905695
0.047923
29.566574
35.522408
0.288524
0.000000
12.123702
0.000000
1.271874
726.637329
38.864529
1.218895
12.694111
0.000000
31.306768
0.310658
1.786912
5.249870
0.387958
33.366104
1.862883
0.000000
625.184143
6.265723
81.802048
4.515028
0.039348
2032.130737
21.161974
660.373718
239.542999
2.089615
239.671066
32.712761
31.540792
251.378021
43.459255
0.000000
1.339208
18.331749
7.610004
48.567558
0.062930
0.000000
7.373757
26.733847
26.369238
0.000000
284.407440
151.897629
85.465874
0.000000
0.000000
330.137787
96.011909
0.090466
6.490162
0.000000
402.014984
0.000000
47.970966
6.733520
32.697681
0.000000
26.513304
409.031555
48.123905
44.192715
0.000000
0.000000
76.633987
1.654897
878.256653
11.339244
50.046211
134.074722
41.628170
17.304485
393.199554
0.000000
0.000000
738.323914
0.000000
45.260750
491.276306
0.752050
27.202003
0.000000
0.000000
0.000000
2.946210
0.164850
7.469958
15.419913
0.457415
19.524397
26.855227
7.695978
0.000000
0.000000
35.372196
1023.257019
36.628540
16.688778
0.107342
9.925177
2.424110
0.000000
19.255993
1.070236
11.210322
0.357409
4.185760
0.330304
15.671142
11.343186
5.957323
9.289711
0.000000
24.848057
14.182654
0.162085
0.075026
8.616568
2.418984
1.905853
1.508987
62.353218
3.345463
6.472079
19.657530
0.000000
15.481458
727.199036
23.881884
0.000000
2.684593
15.580583
0.000000
8.990952
1.953533
6.793499
0.000000
7.623551
0.159670
0.130315
3.155860
6.768101
0.000000
14.745827
53.101501
2.279929
252.524063
5.874985
13.671121
0.359729
8.802853
0.000000
3.228162
126.780777
3.444082
63.629147
73.201736
0.000000
0.678338
6.129748
1.344809
0.000000
0.244173
0.000000
0.867088
13.727353
30.060106
0.000000
0.000000
48.963146
7.669456
0.037246
0.000000
8.396698
0.025978
0.000000
0.000000
0.181397
0.000000
0.000000
0.777544
0.031925
10.454214
0.000000
46.470997
13.464135
0.000000
17.222492
0.000000
0.283159
0.229360
49.753189
0.196160
3.109389
0.145952
51.946907
128.114105
3.709355
437.531982
497.973267
19.797739
77.026352
0.141644
41.513664
4.199981
4.173396
49.590298
10.607343
0.000000
21.853334
11.269354
0.223797
117.209709
0.000000
0.567080
0.240964
0.028872
0.193347
0.142625
3.675652
60.436928
0.341848
0.000000
0.000000
0.000000
0.039574
0.000000
0.023685
1.463505
0.000000
15.738622
13.934639
2575.330078
34.047512
0.066138
0.000000
0.000000
0.108337
36.338863
21.216446
0.000000
75.265442
53.706078
0.657076
1.490294
310.968933
26.888517
22.862446
0.561776
0.000000
28.231907
0.020610
0.032474
1467.800293
0.289209
1.768439
26.959236
1.899016
0.784730
0.029179
41.186459
2763.686279
0.000000
0.000000
80.602959
8.520046
8.908616
0.898677
2.430142
3.317400
0.030926
5.486312
10.980436
8.287782
0.000000
0.000000
46.320004
9.261791
52.543201
20.798347
2.633093
55.947865
7.767520
4.525685
5.970059
0.944165
0.000000
0.000000
35.506351
25.834259
0.000000
12.590871
0.541023
0.000000
1.758184
0.000000
0.011036
104.093971
1.994549
0.000000
0.114871
25.893948
17.756252
83.467430
8.016834
29.529999
106.590256
121.809944
10.803417
59.215626
0.406305
21.302288
0.000000
153.629669
8.272707
158.498489
0.000000
14.289164
7.648531
0.332641
28.493160
11.385051
2.061439
0.000000
14.713728
5.698888
0.218015
0.290715
0.000000
0.000000
0.455325
0.000000
0.000000
0.000000
7.291691
2163.353516
1685.766113
0.000000
33.862732
3544.342285
894.069641
14882.042969
0.055898
0.000000
0.000000
0.030261
0.050704
0.000000
0.000000
0.000000
0.000000
0.000000
0.018930
0.000000
0.000000
0.000000
0.000000
0.000000
0.024555
6.467548
0.009439
0.002491
258.407135
3.922064
0.000000
1.546470
8.772364
25.590080
0.000000
5.137979
10.662619
24.267403
130.560684
16.688850
172.212021
0.000000
2.828171
91.043404
0.936872
17.722328
0.000000
5.649666
0.389732
273.337616
487.081024
1.119735
0.000000
0.537432
0.000000
8.910994
0.743970
2.380052
0.000000
13.889759
28.351492
14.762369
8.926929
16.466921
0.311386
21.247890
104.633957
2.359608
0.006008
0.000000
8.747732
8.511941
0.000000
0.508903
8.690277
19.609192
4.157354
0.000000
0.000000
0.000000
0.895559
0.000000
0.000000
1.022895
52.559063
32.259197
39.848621
0.246830
16.393209
0.000000
0.000000
74.994232
7.041226
10.426413
0.000000
2.137642
4.712280
1.547407
14.122287
1.248568
2.640679
2.300912
4.786880
0.519185
10.404037
72.542175
269.089844
2.737016
0.000000
28.373299
9.960837
18.828175
0.069567
24.797087
0.254907
0.015960
0.000000
0.000000
0.066402
1.013581
0.000000
45.961170
0.000000
35.206970
31.816420
0.000000
32.891342
15.422935
22.379381
0.284369
0.000000
0.000000
24.522341
117.096214
0.307212
0.000000
0.664886
2.515330
21.527433
0.547025
7.049445
37.847694
22.664351
0.000000
0.146363
3.853434
0.000000
9.254995
11.925392
0.000000
303.761963
0.000000
0.852896
26.348663
7.738679
17.411558
0.828640
13.736378
227.233307
0.000000
19.435535
20.295986
0.155996
3.043635
59.616661
2.343911
0.039696
12.489367
42.979115
82.016251
0.000000
0.000000
118.685944
3.573734
30.390406
0.247741
0.000000
221.126968
9.026229
0.032478
0.974121
0.298137
1.152150
0.202525
2.708849
0.000000
2.861147
0.707850
0.491845
0.000000
5.995535
0.055447
5.341374
102.244972
0.000000
0.000000
0.029930
0.000000
0.014049
0.000000
7.417180
6.567139
7.473354
12.942905
0.254197
16.341898
0.045768
0.000000
9.542583
1.651624
32.523045
0.211241
155.344009
86.541031
10.233861
0.697379
0.850284
21.457153
0.000000
0.000000
3.557488
7.609731
8.222449
0.000000
0.000000
11.760179
15.267366
0.000000
0.181314
10.102136
4.718727
1.572897
0.595206
0.132987
0.000000
0.000000
0.000000
0.584786
3.851251
0.000000
2.607539
16.917376
23.303286
2.823475
7.335820
78.623199
7.154139
0.000000
24.484909
53.620827
28.722336
8.403581
0.000000
0.000000
13.482727
0.000000
4.294227
2.461714
0.000000
0.000000
0.000000
0.000000
0.000000
35.817516
0.000000
11.220911
17.549801
4.115453
8.528814
1.189547
28.145275
26.019011
6.131134
88.616837
11.193754
5.568207
22.823540
59.398800
32.540764
4.367703
28.487064
0.807748
2.300341
10.511427
22.090866
2.664091
10.208671
2.090429
8.724638
0.000000
0.000000
16.609694
488.496216
18.549406
0.000000
20.112692
0.000000
13.031453
15.794945
0.000000
0.000000
2.606280
19.773043
56.065746
33.105457
11.799247
5.554598
55.897259
0.000000
0.174728
5.573684
0.000000
0.102359
0.000000
2.700179
0.134568
0.335989
1.305514
23.553026
0.706575
12.935408
0.000000
0.000000
7.899395
61.613747
26.315863
0.995471
0.000000
23.166456
0.282481
0.000000
677.795715
0.000000
0.000000
0.000000
5.881378
0.000000
0.931968
0.435925
0.000000
8.030921
0.000000
0.188425
0.000000
0.362442
0.848040
0.000000
142.717712
0.898974
5.919732
26.360571
2.111953
232.250809
0.000000
338.560547
0.000000
0.156939
37.638569
2.291803
0.000000
10.340290
33.268681
88.855972
0.000000
2.754747
0.359330
0.000000
0.026063
3.373646
1.113623
0.000000
4.153840
0.000000
0.000000
0.000000
6.422605
2.136409
1.751472
2.995535
10.502756
4.847730
0.000000
0.376391
51.851910
0.000000
0.000000
0.562884
0.000000
2.717365
0.000000
0.527416
6.374808
0.000000
9.119788
38.017395
1.791435
486.314606
4.171305
133.264664
0.000000
0.099471
11.541556
0.749901
0.405570
6.686737
8.491746
22.055286
0.327813
0.000000
0.000000
0.000000
0.000000
0.391794
1.766047
0.000000
0.000000
43.343090
42.785648
2.934235
1.166606
3.734461
0.000000
20.334286
24.743860
130.855560
0.391789
0.049312
0.580502
0.006607
0.033999
31.039961
0.993687
2.027527
6.668294
0.000000
4.788735
0.133471
2.452313
7.996745
0.637142
43.007824
0.000000
0.000000
10.852717
14.690366
25.565237
0.028725
61.250877
54.434067
67.802246
2.291831
16.396328
0.000000
0.000000
0.000000
9.198246
10.644471
0.155834
4.563547
8.758555
0.000000
8.550096
18.981663
12.404467
70.888115
105.652786
0.000000
17.804375
0.000000
40.410049
5.375053
3.275771
32.205063
101.739494
0.000000
19.681425
1.041685
3.412955
0.000000
23.470333
53.302654
1.035843
0.870561
5.204477
18.238989
0.676749
0.000000
0.000000
0.307923
11.023350
10.798983
4.985025
25.681257
0.095651
16.628466
0.000000
39.861229
0.000000
0.106802
154.682465
0.000000
0.000000
23.906687
11.460122
0.000000
0.562956
0.000000
9.490508
7.383057
68.174484
0.211987
12.966781
14.888730
69.092438
0.000000
63.127277
0.000000
9.061446
12.087208
31.724985
12.121315
52.449638
2.626687
4.401453
0.000000
3.251308
43.875542
2.241602
0.638470
19.946989
47.006531
14.495272
14.418808
27.988005
1.152644
2.443269
0.267657
1.487365
0.000000
8.793047
26.688862
30.597563
63.527950
0.289641
0.000000
0.000000
32.083477
109.368134
139.400070
14.548343
0.043242
4.391977
0.000000
256.524597
26.828899
13.127418
13.208699
0.000000
0.000000
0.000000
68.417717
20.185682
66.120949
0.000000
201.033218
25.396791
0.000000
22.608328
0.000000
2.515640
0.000000
0.000000
401.581329
420.399841
2.244304
23.006773
0.291331
10.087204
0.000000
7.360994
0.000000
11.488780
39.980709
12.222467
13.262005
39.558781
79.159218
4.927957
1.724293
389.651917
0.000000
0.022664
0.344174
8.251276
0.000000
4.539901
1.780449
15.253086
32.188244
36.139641
7.707492
67.846825
0.000000
351.966614
0.214535
2.879130
2.421040
0.000000
18.326061
0.191783
4.866433
5.433307
18.856359
4.896125
0.000000
0.000000
3.890356
4.633896
13.526387
0.000000
0.000000
0.000000
0.268994
3.036737
5.158798
20.663778
0.752376
0.000000
6.383580
0.059052
2.265842
0.502572
0.750636
161.028717
7.587600
0.084154
283.087830
0.000000
0.000000
0.046845
173.553680
1.005963
0.000000
8.212295
10.199214
276.211823
0.000000
3.492373
0.000000
260.278198
5.637117
102.553375
3.385627
0.000000
11.206722
0.000000
186.342484
0.426770
20.140587
40.632175
31.239208
0.000000
0.024904
0.622195
237.271866
7.249657
3.368137
41.663544
3.739354
0.141108
0.000000
10.392776
0.000000
25.888596
0.000000
0.372999
20.525709
0.000000
11.212626
0.029683
0.280534
13.902740
0.277978
14.181062
9.609937
251.823135
190.638824
0.000000
4.773513
0.000000
62.956036
51.541428
0.000000
16.278362
0.978566
0.000000
0.030735
0.000000
47.861401
0.021056
0.000000
0.037598
24.206787
27.901506
15.975992
59.111061
7.147778
0.000000
5.655864
0.000000
37.313232
0.000000
0.000000
26.773254
0.015679
0.000000
2.165086
1131.510132
36.545765
5.180467
5.067244
0.196659
0.000000
0.000000
513.738708
4.511335
2.698644
10.894937
14.294964
76.488968
0.464778
37.690304
0.000000
1.005582
4.432292
1.137603
0.000000
601.614197
0.000000
9.203505
35.574406
38.828754
1.955953
242.512085
26.297674
0.000000
135.183594
1.348269
0.000000
0.000000
0.415015
13.791223
1.018757
0.000000
0.000000
689.873779
209.544006
0.000000
215.074387
0.005868
148.409409
2.512718
3.589859
0.026941
0.000000
0.000000
0.000000
402.728302
0.000000
0.000000
0.944681
0.424966
2.196293
86.483826
215.289078
19.385456
10.171561
0.676270
0.000000
1.456234
0.421044
0.763934
0.898659
0.000000
61.185345
0.000000
0.000000
9.758428
42.423634
0.000000
0.564862
96.545441
38.509163
0.754158
0.000000
2915.775146
6.087237
4.329105
18.893187
0.639433
389.954315
0.390103
16.839428
44.797607
177.112259
0.000000
31.647665
5.975726
11.096885
822.591675
1613.532104
195.886856
0.000000
5.222008
0.000000
0.000000
7.651305
2.579986
0.000000
72.272583
58.933365
14.823218
36.385117
0.000000
11.684361
126.655800
0.156961
57.301579
0.078588
3.742512
1.464291
212.070129
11.068588
0.326793
249.928528
0.123095
0.905008
0.000000
52.062576
0.000000
14.839720
1.994313
0.000000
6.812171
39.624950
3.735740
128.931595
7.197999
20.996082
16.782461
44.560036
9.956074
11.750404
8.462811
39.942730
28.429937
0.174774
0.785538
31.121777
72.280617
31.823322
9.050579
2.589136
38.718170
0.023498
0.000000
0.000000
0.656272
0.448494
0.000000
0.000000
17.078983
0.000000
507.971527
14.994219
0.000000
0.000000
344.420471
0.000000
0.709399
8.250214
0.000000
0.182158
12.779443
31.187193
0.000000
1.356076
0.000000
19.946405
17.895966
67.234932
16.879896
0.452330
55.081299
4.884799
6.039055
12.437013
9.911801
1.837374
5.788240
1.056277
1.665283
0.000000
39.445736
0.000000
22.887152
0.000000
13.039276
63.481739
34.648552
0.166885
0.000000
0.000000
6.234660
0.000000
16.545860
570.617310
1467.414551
1228.334106
2.726564
0.008985
97.231689
0.000000
122.417000
0.000000
0.000000
5.734803
0.404921
27.166262
0.004974
23.988899
0.036665
0.000000
0.087569
13.022335
0.000000
0.335152
3.532417
0.000000
4.237053
39.398190
0.113372
15.811624
0.000000
7.156104
2.893955
26.236881
0.026962
0.000000
15.653796
0.000000
0.000000
0.351329
0.000000
3.860935
456.408752
1447.984131
24.914463
3.674208
24.768932
12.119744
0.000000
3.794192
41.804993
238.985641
0.724426
14.696479
0.000000
13.249486
0.328868
0.118367
84.373711
50.112427
21.878500
0.000000
3.830544
20.863295
0.000000
2.840220
0.109948
32.743069
8.710844
5.119093
0.000000
0.146632
3.991371
0.000000
35.359062
12.960631
30.072613
16.194765
12.494605
22.570808
50.760796
31.186331
5.574956
0.000000
65.872490
0.000000
10.664146
6.083315
2.485303
99.232666
13.552772
2.351320
2.402832
0.131425
8.017575
0.000000
0.000000
0.026628
11.779152
11.648607
59.071899
0.000000
11.258739
0.014914
0.000000
0.000000
51.341564
65.577934
28.212397
0.244406
0.000000
0.000000
0.139815
89.159439
0.016200
0.567452
0.000000
110.702515
17.213650
0.770316
10.360087
0.000000
38.177372
0.246390
0.078486
3.934535
2.289185
1.141322
22.764877
8.677184
8.178505
0.023434
2.013899
0.000000
20.663263
124.279610
1.978253
0.000000
1383.709473
0.000000
51.645821
22.685095
5.289732
32.814339
29.277323
2.040968
0.000000
0.813442
0.000000
0.000000
0.000000
0.000000
8.618217
0.000000
0.079077
0.000000
37.405060
171.676773
0.000000
40.197575
76.650352
6.544097
4.482873
3.356537
2.629335
15.919153
177.170288
16.762388
0.196264
0.917096
0.091509
11.959296
0.000000
4.052809
13.478954
1.507497
44.431686
10.072189
0.498855
0.672617
0.019946
46.188931
1.688295
2.095768
0.751217
11.185346
0.000000
11.603035
0.270928
4.612456
9.450806
0.000000
80.821564
66.338745
0.055538
10.473490
0.711096
0.071064
0.000000
6.271260
39.089928
1.819439
15.931894
80.693527
15.663152
11.804387
0.000000
0.000000
0.044231
195.747513
14.329259
0.318090
0.000000
1.405269
5.013284
22.863451
0.000000
0.000000
0.000000
0.000000
4.707215
16.403500
70.972534
2.041717
3.409890
10.875794
8.943351
0.000000
14.386971
20.373180
0.000000
26.056864
152.310623
5.566166
0.000000
0.000000
0.000000
0.053630
33.354916
1.502194
0.000000
0.000000
0.724817
43.690632
25.742990
0.195190
0.984700
13.221932
0.100079
1.639170
0.644504
0.022528
89.181442
8.151377
18.946070
0.000000
0.000000
0.000000
0.000000
0.000000
0.427496
0.322943
0.171476
3.154178
0.118108
0.732488
0.000000
0.000000
46.049076
2.348779
27.588816
19.503443
87.292435
0.000000
3.281133
121.420731
147.644440
41.890102
22.270348
26.144915
0.000000
0.000000
13.008808
6.461964
0.000000
0.030557
23.717628
22.900644
1.584950
13.765675
0.078219
0.566125
0.000000
42.285358
0.126000
0.000000
0.018074
6.145302
1.707520
3.120132
0.403101
0.016955
0.000000
2.665768
0.411034
1.024903
1.283547
0.553292
0.000000
67.211502
2.838971
0.668401
10.025508
0.000000
25.285250
5.477550
0.231857
0.035958
9.907040
30.707947
16.650629
0.000000
0.000000
18.175430
0.000000
0.000000
0.000000
2.894564
0.021261
1.940517
1.226284
6.609963
0.109446
1.794556
0.000000
9.739265
0.000000
34.703480
41.601383
631.611572
9.392984
0.631931
7.116515
3.007992
1.887046
2.075908
0.282551
8.845134
4.518850
5.754098
6.714927
3.030608
9.381783
3.426284
6.474192
1.011090
21.036699
5.930040
3.517858
9.026134
178.410812
83.747543
74.706825
1.138053
22.500755
0.000000
0.743287
18.383833
86.221344
7.577421
9.743746
2.684012
18.725042
140.743530
2.029488
2.319415
1.686937
1.319119
1.131304
2.753310
3.395781
3.677544
2.958025
4.107698
2.664221
2.062623
1.338343
1.598932
0.983325
4.737325
5.249442
5.465283
0.000000
0.000000
0.000000
0.000000
0.000000
0.000000
0.000000
0.000000
1.447116
0.000000
0.000000
0.000000
0.000000
0.024092
0.000000
135.244995
26.785940
94.454430
33.691162
995.244507
90.763351
0.038367
92.737221
16.429840
35.985218
0.000000
0.000000
0.000000
6.480595
740.752502
7.063711
0.000000
0.000000
0.267840
17.785114
6.575572
15.967503
12.201221
4.672851
20.376287
2.694821
0.000000
9.463266
1.621172
21.462244
0.824442
0.000000
96.898880
129.931854
6.858847
2.726907
0.142616
5.171636
7.316422
0.000000
40.011192
149.699188
25.991032
7.787477
0.000000
0.000000
14.203653
22.126301
16.383078
4.926290
0.000000
0.167213
0.000000
1.808182
0.000000
216.066772
12.409021
0.060673
46.672356
2.234093
0.037319
0.000000
0.000000
7.410614
62.636215
69.541809
94.798286
0.560367
4.126073
6.739500
0.152856
8.263651
0.327115
39.011711
0.000000
10.315287
0.000000
2.546575
0.024243
5.816947
9.625424
0.347734
1.107584
0.000000
41.363777
3.568507
8.145027
0.759010
4.140106
8.347027
375.856262
0.230743
0.972008
0.000000
0.891309
0.000000
0.000000
0.642828
26.555569
2.377258
2.307267
13.214354
0.000000
0.000000
9.899392
0.000000
85.084053
0.662648
205.598175
351.380341
0.000000
0.009421
28.995480
0.000000
0.524564
104.147827
0.000000
2.034340
2.546166
0.000000
0.446877
9.021291
2.567348
12.174636
2.035483
0.000000
0.000000
2.403169
0.936390
2.158779
0.000000
133.823471
133.120407
1.548527
14.443652
0.004942
27.268234
0.000000
10.382326
0.000000
1.658367
0.000000
95.094795
0.291889
47.578384
66.987503
0.000000
35.627728
7.841367
22.257561
0.196901
0.000000
57.431690
0.000000
0.665487
7.222904
0.000000
0.820547
4.807831
195.215820
2.009927
92.217003
6.234506
5.196569
5.246873
205.525620
31.650234
0.000000
10.500090
91.732704
4.040726
0.000000
95.747871
0.831396
0.000000
3.915315
0.527844
0.009561
0.000000
0.000000
11.675113
212.377945
0.000000
0.000000
0.000000
0.000000
0.000000
18.474443
13.685360
0.551252
0.000000
227.224884
25.736671
0.000000
1.224356
0.000000
23.654594
0.000000
0.000000
67.815475
0.353064
0.042970
1.209816
0.000000
0.000000
10.945134
0.000000
2.006535
2.406512
10.044719
3.310283
0.000000
0.840508
25.332518
40.978970
6.478308
1.374669
10.390425
18.504509
15.837956
10.529393
21.077888
0.000000
190.131897
4.567937
67.466599
6.317135
0.020797
16.131245
0.000000
0.551017
91.175781
0.000000
1.789378
69.498344
15.834468
27.229254
0.125566
0.000000
0.000000
8.578548
92.310974
0.000000
0.000000
0.000000
0.629173
0.813824
0.173423
2.566255
0.000000
1.991669
80.340683
6.322478
1.362344
10.817535
0.000000
8.700700
231.362747
5.069668
475.482452
1367.120117
0.241193
14.958859
0.000000
468.417755
21.354219
0.890453
16.006556
4.918906
0.765515
0.188835
43.869595
51.220860
25.181562
0.000000
209.930161
54.586983
0.510291
0.000000
0.000000
6.747724
63.516479
0.000000
0.000000
5.105725
23.423172
0.303814
1.259931
0.000000
0.105516
272.956390
0.305494
26.969633
0.000000
23.063009
2.505424
14.671602
18.513035
20.175468
6.322610
0.000000
30.816910
0.000000
132.109177
0.129509
0.815446
399.803619
170.607483
33.194702
0.418014
0.000000
0.000000
37.987633
0.000000
0.000000
0.000000
3.721038
26.972250
0.000000
60.488361
0.088983
6.057868
297.098450
0.000000
40.964912
40.142693
99.076866
0.000000
15.545856
3.380305
0.000000
0.000000
0.294690
3.791816
0.000000
0.000000
0.000000
0.000000
4.413619
0.458113
1.662650
0.000000
9.849502
9.148341
9.815846
17.268156
0.000000
0.598546
0.167031
2.169831
0.067406
0.378393
35.772594
0.000000
86.309189
33.637486
77.815086
11.227724
381.426025
0.635136
0.000000
0.000000
0.000000
0.025965
0.000000
0.000000
7.645426
12.374152
0.000000
0.984511
23.036255
0.000000
0.009910
113.422226
29.468655
62.804569
26.531860
0.000000
0.672379
101.872963
3.033727
0.000000
22.346495
24.188965
31.622797
103.475677
0.633086
0.044996
13.470035
4.590625
0.056224
0.527168
0.051015
0.561134
0.000000
29.745361
2.096766
0.050249
4.278913
86.512421
17.424007
0.000000
15.714349
0.000000
0.928052
0.000000
0.648880
8.650864
0.612459
0.770702
105.950050
4.379735
0.795795
312.284943
14.978518
61.410961
22.826820
0.251483
9.691204
1.427493
475.874451
1.294903
1473.997925
227.033966
0.000000
2.415309
15.514529
0.000000
11.213623
17.104006
192.393066
13.067741
0.643601
7.466311
103.056931
0.000000
0.000000
0.000000
9.896022
14.663022
301.931549
0.000000
0.000000
22.137138
0.000000
15.473417
0.000000
34.576241
35.942844
1.139172
1.685019
1.739484
1.565827
0.000000
0.000000
2.346472
0.000000
3.864755
0.000000
0.000000
23.361603
16.331928
1.836864
0.000000
17.023396
10.970448
122.681221
0.000000
4.192853
0.000000
21.158278
26.168367
2.047901
0.000000
3.544605
0.000000
6.577429
0.000000
8.744042
26.850056
0.000000
0.577069
43.061508
0.946531
2.339595
0.685048
0.543661
30.619635
0.000000
0.000000
1.797931
0.000000
0.000000
0.000000
5.236917
3.357754
3742.243652
7.632522
191.280289
334.053619
376.408783
0.000000
74.536713
21.473993
5.808361
0.089859
0.000000
0.625115
0.000000
8.524828
4.269520
0.000000
0.000000
14.078822
13.330115
90.336136
0.000000
2.392620
83.295921
45.633350
41.044720
5.422008
0.436954
9.158071
0.301079
0.000000
0.839179
0.030066
13.153557
0.000000
348.533539
12.727931
2.512204
1.918286
0.000000
0.421764
0.084178
1.049849
12.147738
8.491055
0.000000
10.339890
4.363160
44.863522
28.884695
28.803061
17.553829
127.735680
12.593139
19.931063
13.304651
0.000000
7.553384
33.728310
33.823753
46.762962
56.470543
0.665894
5.587035
219.650330
37.682255
76.775894
0.259320
20.758492
153.714493
85.181778
5.300112
20.561697
5.329926
2.547311
33.877415
11.614092
0.000000
16.439369
2.714979
4.470481
0.734099
0.000000
0.000000
0.154999
0.994925
20.242290
0.000000
5.024274
56.727646
20.084469
0.222402
2.892662
48.089230
29.301865
9.682093
709.841431
0.000000
0.000000
9324.168945
0.000000
59.897697
0.133318
0.000000
0.000000
5.856298
5.835293
0.000000
0.022164
320.565094
165.251526
5.106049
2.234613
0.066089
332.497070
0.222492
0.385177
0.000000
0.629433
0.000000
0.000000
19.922960
30.508457
31.985510
0.000000
0.000000
1.893661
0.000000
2.426315
0.415691
0.000000
0.000000
50.307823
191.473877
0.000000
10.038203
0.075690
0.000000
43.177853
347.414703
18.454247
0.050234
17.991529
15.918503
0.843316
1.226415
0.000000
0.000000
332.875519
10.007365
0.000000
1.632446
0.000000
8.302495
2.356311
7.389748
5.813572
0.255685
0.000000
0.000000
0.340789
2.051793
0.201035
0.432509
26.726469
0.138566
0.000000
11.761460
0.065095
0.000000
1.408477
0.000000
6.503242
0.455577
0.611852
0.000000
20.075125
2.817015
0.872571
33.353394
5.316421
0.721489
126.268410
56.552376
45.456390
17.914854
1.187462
0.000000
12.968113
0.000000
18.787975
0.000000
0.000000
0.599399
3.475337
0.647147
0.000000
11.884397
0.000000
0.000000
10.356437
89.377762
53.280727
0.000000
98.185341
2.074334
0.000000
22.685278
26.499012
3.087353
0.000000
0.000000
1.571939
0.000000
5.399168
0.000000
9.858837
2.006129
42.413498
0.395349
12.732236
0.450293
0.041111
1.080606
0.000000
0.069429
309.721771
35.548386
0.000000
6.785701
0.311200
43.476418
0.000000
0.000000
0.000000
5.776060
1.901057
10.742465
7.239491
0.000000
58.030750
200.236664
0.000000
349.309082
18.259968
5.507327
2.454854
0.000000
0.000000
109.519753
0.408287
24.285524
30.859806
0.641295
64.295700
0.000000
1.198462
227.174698
1.292937
0.000000
0.000000
9.683264
4.388639
1022.143005
164.460571
23.755308
7.671247
11.385103
17.199709
1.118194
11.477858
0.000000
1.784597
1.665124
64.889610
7.558906
0.000000
0.009439
226.284698
0.000000
8.709223
30.307388
64.832108
4.356965
0.000000
0.000000
4.146523
84.789925
6.610808
0.072221
0.000000
1.782985
6.919432
57.460804
5.739070
0.388703
1.237807
1.613488
1.438471
0.000000
1.195622
8.596213
16.363998
1.156904
1.237701
28.874428
19.058941
211.460754
9.113707
9.634174
8.463923
14.011003
84.104309
3.871024
0.000000
3.637667
0.000000
0.000000
0.048946
0.271909
6.157538
0.000000
0.000000
0.236639
15.386302
0.000000
23.273993
70.618561
0.000000
8.437445
5.907219
6.952249
1.900574
6.234256
0.274770
26.209120
0.169945
0.088601
4.473471
6.787416
5.781018
80.707321
29.695494
6.583009
0.000000
0.014493
2.896674
39.211765
0.047475
11.621394
0.523388
26.207035
0.160959
2.105413
633.646301
0.000000
71.996002
5.884602
8.729804
5.860038
1.196390
0.000000
0.000000
3.961232
6.837321
4.767725
1.312623
8.423390
22.828808
92.278450
0.000000
9.044256
25.735249
7.905017
3.875981
2.064919
93.124458
0.417405
0.000000
13.736782
0.028600
12.163786
16.322397
24.989981
0.428413
0.166125
0.000000
3.981579
1.257860
0.290573
0.683396
14.456706
3.034841
46.988232
0.920814
0.000000
22.923140
2.152229
0.537777
0.000000
9.626297
4.123400
0.000000
6.223297
7.010251
0.000000
0.000000
39.961021
1.159886
36.012749
0.000000
0.000000
0.025623
22.025091
48.146019
0.000000
0.387621
32.779716
6.487282
0.000000
2781.698730
41.812992
179.103256
0.090885
3.944808
51.879246
0.000000
16.925180
3.013652
0.000000
0.406990
1.143795
0.000000
2.148565
29.957348
227.633713
83.903992
576.087769
2.034889
0.000000
6.719227
142.138092
18.308933
1.022832
28.665756
0.000000
43.927746
0.000000
71.064865
0.000000
15.082460
0.000000
1.779347
4.113347
0.000000
66.627548
5.735200
0.000000
60.088303
27.936663
0.000000
0.000000
1.439818
0.336647
27.076050
63.246609
0.033637
0.000000
9.323216
0.000000
0.000000
5.186605
7.355416
38.927818
35.545555
0.000000
8.359814
3.809459
11.105998
0.000000
0.000000
0.013611
65.573616
7.991839
0.000000
4.132352
147.148087
0.000000
9.157117
0.738947
0.338109
70.350426
1.603885
47.380688
47.381119
1.032104
20.297308
0.000000
0.000000
20.222050
0.000000
57.461994
11.083096
0.025065
6.779805
44.055077
0.000000
33.266491
0.000000
0.000000
0.000000
39.531349
62.978405
5.302395
0.000000
3.577307
0.000000
1.234710
18.926311
1.550356
2.086444
0.000000
0.000000
1.163451
60.972950
0.000000
1.933331
3.763386
0.997911
120.156097
91.916779
524.745117
38.033443
0.000000
0.000000
3.155116
0.000000
0.000000
2.928235
6.921195
12.657971
4.933029
9.651161
649.945251
2.995652
3.772385
29.365873
0.380865
5.574778
0.000000
0.000000
63.039661
82.080536
28.193607
0.000000
31.279078
15.532692
61.095764
31.939426
0.038669
6.995287
358.694122
0.000000
0.000000
101.445992
0.000000
0.000000
10.999963
25.855272
8.575252
15.558315
7.274823
18.333206
0.000000
95.010712
20.370392
1.266875
0.000000
7.998706
318.771667
143.547638
0.134614
0.000000
23.183245
0.000000
0.451292
859.937256
112.751175
7.688819
23.227512
17.643023
0.000000
5.747412
15.603187
0.000000
94.083824
27.709414
0.000000
0.000000
1.708366
0.046581
0.000000
0.000000
12.076979
0.072364
0.148246
5.310091
180.572510
38.213181
0.000000
0.000000
0.225640
0.000000
23.440331
7.905421
796.265320
0.000000
86.886108
0.000000
0.045848
2.383217
13.646334
0.000000
0.430029
7.750212
0.245639
6.479285
0.671779
0.371823
58.635033
24.442383
2.419291
0.172172
0.000000
0.000000
0.000000
0.507103
14.939616
0.959005
18.007725
53.677330
0.000000
0.000000
1.233740
0.000000
41.089497
11.552066
6.663713
33.186584
0.000000
0.000000
0.000000
162.075882
0.000000
0.524502
7.855550
0.000000
27.108654
4.279349
0.910020
9.475537
0.055198
0.000000
8.880703
0.000000
0.000000
9.190557
0.062288
4.946452
0.260879
0.000000
2.885491
81.539337
202.801880
142.483170
69.034912
0.304140
5.345194
19.629576
1.083433
0.489873
0.000000
1.721041
6.080372
5.451092
29.836115
46.068745
0.773338
0.000000
0.000000
17.429026
0.186910
0.000000
20.596209
0.000000
9.620038
17.457064
4.331328
0.557651
22.405958
9.374865
9.125191
0.000000
0.000000
0.000000
0.515271
87.794380
5.220472
3.578546
170.683426
11.032181
35.263725
44.520790
81.231354
29.671629
0.043709
51.317276
24.418360
8.628057
1.646114
10.439883
0.000000
262.897614
8.123610
0.278120
2.168647
0.000000
57.938412
7.661626
0.000000
0.042428
0.000000
2.472055
17.188517
2.104899
7.551175
0.000000
7.173616
26.894575
3.021835
7.608738
1.125759
143.938660
0.000000
90.002892
0.000000
8.508873
11.307149
0.000000
502.885681
11.262588
0.366281
0.000000
30.090187
0.626205
9.036904
5.118959
2.132397
0.000000
48.889122
0.000000
18.222292
0.000000
5.788849
21.928621
8.862991
0.000000
0.594010
53.726410
0.000000
340.279358
21.911917
2.392583
192.074280
0.000000
1.842432
0.656051
0.094938
8.763165
1.109854
5.789583
0.000000
7.031694
5.871813
30.882376
0.000000
0.000000
4.636041
7.053490
399.241119
2.622626
0.000000
9.648909
114.559029
0.000000
0.000000
86.392235
177.519592
0.000000
0.062374
10.509809
4.620924
1.380824
20.370363
0.000000
0.000000
4.652533
22.637131
5.680961
37.966827
0.000000
0.000000
2.300743
1.026937
19.212811
0.000000
0.711020
7.142932
2.057898
21.575077
2.910888
0.000000
36.990173
65.905014
0.000000
0.000000
8.202879
0.000000
19.893248
0.000000
6.035139
0.632538
85.815155
5.723715
0.255512
26.500801
63.374535
0.000000
0.000000
17.207838
4.382748
94.232330
44.941982
22.915901
1.819118
0.042648
3.009456
79.207764
2.140972
3.687215
3.711049
4.582095
17.743612
0.992805
0.000000
0.000000
154.213394
0.072653
20.367350
581.672668
23.378738
4.098861
4.963381
0.000000
1.807515
39.517151
2.331161
20.795164
0.000000
12.882408
0.000000
0.000000
15.397698
0.000000
12.124474
0.000000
0.000000
0.652081
2.043270
0.972315
0.046020
144.567154
0.000000
0.000000
37.530682
0.000000
0.118815
2.355086
0.000000
0.386936
3.592774
3.686973
4.482714
0.000000
0.000000
168.171860
0.000000
0.000000
0.000000
0.000000
0.000000
0.839133
0.031374
0.000000
35.597496
10.867980
7.388295
0.000000
0.000000
4.134287
220.594360
0.000000
81.552040
0.000000
13.780939
0.000000
25.021954
39.441589
3.647822
3.638904
83.523430
299.322571
4.609249
0.081380
190.059326
2.107804
9.908034
11.422361
85.459351
17.471075
69.883026
1375.248901
1.914393
0.000000
2.055761
0.261290
18.988043
0.861355
0.000000
0.000000
45.477478
3.025461
9.123044
42.888504
0.000000
0.000000
0.000000
4.920664
0.000000
2.342533
109.859436
1.315327
0.000000
106.644211
6.633171
0.000000
0.385029
6.542162
71.865112
247.381454
1.792123
0.000000
17.094284
13.307383
59.250923
0.219538
0.039158
29.927963
0.281068
0.000000
0.312095
134.513763
0.849301
1.340982
13.136230
0.000000
0.322335
3.892488
0.000000
155.513626
5.805068
0.000000
3.718694
30.046740
53.714474
97.265976
0.000000
0.000000
0.000000
33.212940
2.156707
53.837543
242.587784
626.485046
127.248856
0.000000
0.000000
29.904501
10.369084
37.393608
0.000000
6.474695
0.573556
49.610561
18.265762
9.918711
0.000000
26.659061
0.000000
1.225128
2.024563
0.000000
0.000000
5.557817
0.000000
68.398834
2.368631
0.159810
2.880381
5.276053
6.214597
1.882847
0.000000
2.707339
62.435871
0.017447
2.822136
0.000000
4.906469
0.000000
0.030129
0.000000
6.622211
0.000000
0.000000
11.336761
2.780779
0.000000
30.327587
31.409626
0.000000
0.000000
2.540025
12.703264
67.952271
13.374994
3.242065
12.023932
1.185822
0.000000
4.821216
0.000000
17.665474
2.017869
26.247522
186.555054
0.000000
0.376880
240.131027
1.494117
0.906995
0.000000
16.736612
0.273947
15.025325
89.698128
0.000000
5.560688
0.000000
37.981213
9.462173
50.921089
0.000000
85.290756
0.065755
0.341609
0.654178
0.000000
7.865304
1.167061
18.226105
8.720748
2.870493
36.712009
46.251171
0.000000
31.188307
0.000000
20.305546
3.229350
0.000000
0.000000
69.001823
10.199838
26.098940
0.030091
6.114495
4.622324
0.057858
0.000000
0.000000
203.008606
0.000000
41.002289
11.543387
1.863489
3.406364
0.000000
0.000000
24.089298
10.854843
17.267441
22.001625
0.000000
0.000000
2.638896
0.000000
0.599987
0.480890
38.497879
0.000000
32.258682
5.136646
0.000000
0.065809
1.812686
0.000000
17.254591
0.154359
0.077344
0.000000
24.358521
0.054350
0.000000
0.351910
1.691403
4.257155
8.605256
19.805744
0.000000
60.185089
0.000000
285.141632
1.578305
10.398226
2.645416
2.724652
0.000000
0.000000
64.252159
0.257068
12.953736
58.396572
0.073635
121.351250
9.737248
0.000000
0.000000
101.342583
27.809643
0.000000
13.273597
0.000000
21.772629
0.000000
0.000000
10.179211
0.409537
19.603418
1.152462
1.171715
7.451407
0.808666
45.730461
563.233948
56.726212
26.245235
0.000000
0.000000
21.991796
0.092199
14.984585
1.954472
25.165226
0.000000
145.517792
86.887489
0.000000
0.152617
9.787770
0.887576
0.058464
28.624193
53.721191
41.799965
27.165003
1.023189
311.474579
5.969036
0.000000
1.230949
0.000000
0.000000
0.000000
0.710410
628.211487
1.758897
1.590623
18.756092
24.045578
10.484514
0.336187
92.959785
0.000000
2.269885
0.000000
0.038511
0.000000
6.894775
1.021927
0.000000
0.123683
50.830284
0.000000
0.000000
7.334113
0.413850
7.282115
0.433352
2.778847
3.874732
2.883283
2.579580
5.094827
22.130545
1.931388
57.426613
13.581101
0.227405
53.494610
0.000000
1.307805
1.452104
0.000000
6.664061
0.180142
0.013184
0.088033
113.602852
14.794908
0.000000
7620.974609
17.295719
0.390768
0.452489
104.119179
30.021658
24.109797
0.000000
3.616364
15.058476
32.331970
3.679909
5.637169
0.000000
0.256940
12.207476
12.880052
1.344883
49.427036
4.805230
0.000000
63.642124
0.194420
14.179538
0.000000
0.752636
5.901763
4.613639
0.000000
52.193913
16.203964
0.755149
48.059280
2.685102
0.000000
26.410854
8.631281
0.000000
0.044802
3.523269
0.000000
0.000000
0.000000
10.070044
17.926880
247.474045
42.942341
0.000000
8.310436
35.160027
23.455889
0.000000
4.770786
33.085087
3.725100
0.000000
16.299082
13.604370
2.426084
19.675245
0.269317
0.000000
0.021696
4.985730
31.153231
15.465400
19.787169
8.285857
7.623673
29.032852
0.135950
0.000000
5.950864
1.527378
64.104889
1.066015
46.055317
9.025261
0.000000
0.000000
21.427513
1.680806
0.919831
0.000000
5.046942
37.076897
0.000000
0.401380
0.000000
1.562864
0.000000
0.000000
53.287540
5.632410
0.000000
2.195094
2.774330
104.899200
31.888674
0.000000
0.000000
21.731577
0.000000
0.000000
0.000000
38.297199
0.966163
11.896125
207.220108
4.553677
3.685014
0.202970
5.953181
0.000000
1.015254
234.093781
131.449829
0.138106
127.157234
33.861710
0.533632
0.188205
12.256495
1.154736
12.658333
175.521713
0.587056
0.000000
1.381666
18.104483
0.000000
0.000000
0.115077
0.058531
31.966467
0.000000
0.000000
0.015931
11.689587
0.176245
12.408768
9.333830
40.463799
1.369397
0.000000
0.000000
6.592403
10.485826
1.363111
0.000000
0.000000
121.745888
0.000000
56.809280
0.000000
6.505094
0.000000
181.964127
0.000000
8.043258
0.000000
62.681889
0.205149
0.868715
0.000000
0.552116
0.000000
7.034782
10.942802
4.512757
0.771709
107.006172
0.317555
3.001381
0.000000
11.120207
4.455215
33.810371
3.763007
0.000000
46.571644
21.294519
1.006053
0.536340
0.000000
31.113663
10.692991
0.050434
3.858325
0.197286
47.305607
0.173978
0.000000
0.000000
6.026699
0.000000
0.000000
0.000000
2.834403
0.000000
0.000000
2.045591
0.000000
3.608075
0.859426
12.748032
0.000000
781.931580
0.000000
0.000000
24.006788
0.531469
8.099186
12.053056
23.371550
30.122509
27.787971
1.527886
15.321890
9.003983
0.042590
2.067575
66.456749
0.000000
166.510986
8.106863
0.084987
4.108768
0.345656
0.000000
0.082134
8.207973
101.775497
14.405854
0.000000
0.381455
136.327820
0.000000
19.275785
0.000000
0.735619
85.259911
4.427469
57.746868
5.147701
2.335876
38.732117
0.000000
0.000000
14.249382
0.172913
0.000000
0.506343
43.039936
4.836516
21.462315
5.935997
82.918030
0.000000
25.330042
0.000000
4.826291
0.000000
30.117538
16.622076
4.239288
937.170898
0.000000
95.493958
9.679156
0.000000
56.513775
27.129417
0.000000
4.049372
0.549257
0.193943
6.312280
20.178123
1.081933
0.000000
1.284218
0.000000
0.000000
14.297082
10.236348
3.734258
20.767982
48.605457
0.431223
34.358021
26.726633
1.225872
10.535040
4.529065
4.274632
13.812055
15.772370
14.106175
125.626976
0.000000
540.590210
0.545720
0.376735
22.375751
0.000000
26.556173
9.680178
0.000000
0.149357
12.807236
0.059050
2.207549
22.776365
0.000000
3.536225
23.432070
12.517952
29.047768
0.000000
21.015635
10.486467
5.406703
7.050724
0.000000
0.000000
7.545470
12.765681
22.817923
18.029854
0.000000
104.583031
0.000000
11.751042
1.519863
0.000000
0.515686
0.000000
2.591920
1.986613
24.169012
107.377449
16.830814
0.848619
0.672783
0.000000
1.707028
36.149342
9.881733
58.382816
28.747704
1.854569
0.197486
2.673687
9.224180
2.342805
1.649074
0.000000
0.959052
0.000000
0.050003
2.040956
57.323265
20.681833
0.000000
81.350815
0.000000
0.000000
4.803972
0.000000
0.000000
11.225158
0.000000
14.026053
0.349013
0.003805
0.000000
8.607357
11.410221
26.119429
1.527771
0.000000
0.765107
0.721143
0.000000
21.927776
2.104356
2.556242
7.256154
0.000000
3.826942
0.000000
0.000000
128.036850
0.052324
0.013604
0.000000
19.745455
0.000000
0.165821
18.091562
111.365776
0.000000
0.000000
70.668877
4.557936
0.000000
0.652652
66.562874
9.764149
15.061441
0.254012
43.476707
4.015254
201.910950
0.000000
3.818700
0.063779
1.158574
2.938146
29.355711
0.083822
0.000000
14.285337
0.000000
0.987028
0.000000
0.715748
0.238170
8.140606
0.000000
915.573792
2.754196
0.006922
51.530754
0.143146
0.071919
13.412559
3.364949
0.166144
22.235079
0.000000
0.000000
5.192955
14.055282
4.754974
33.426350
0.000000
10.119513
0.000000
1.579742
0.000000
0.188169
1.189975
0.393893
17.532293
0.000000
0.000000
6.366394
10.911219
37.013348
7.197813
16.566040
0.000000
42.022999
37.488087
1.230232
0.000000
3.388617
70.109894
1.730579
2.143312
6.720934
2.310060
0.000000
0.000000
0.000000
0.561623
0.000000
0.000000
30.668865
1.637763
2.946383
0.121474
70.427322
0.054374
37.923203
0.507418
10.449320
0.000000
24.526197
0.000000
0.309824
1.296023
10.593791
8.141932
86.966637
9.507187
0.152007
0.716668
0.000000
27.891510
6.294151
0.547881
0.000000
0.000000
93.217682
56.569397
0.000000
9.103667
0.619291
14.152071
0.000000
0.000000
0.133047
6.461678
0.351897
4.274632
7.169082
211.790894
0.000000
11.590166
4.661736
97.158981
94.866646
167.895889
7.888922
1.215881
11.197076
1.548938
185.197021
60.878105
0.000000
7.080244
24.101847
0.000000
24.857269
0.042219
0.000000
34.807800
0.000000
2.709307
0.507089
2.808789
30.694681
31.089712
492.115845
0.694114
0.562329
40.128723
32.875721
0.762847
0.000000
2.085756
0.741623
0.000000
0.000000
0.000000
0.000000
0.000000
3.065069
12.233774
0.000000
28.686413
17.304291
0.000000
16.040678
1.385193
10.300768
10.190395
2.036177
13.483157
0.085473
0.000000
0.000000
0.000000
0.000000
0.000000
20.678715
13.013634
4.497653
3.847539
0.000000
0.532964
0.000000
7.265717
46.184277
1.751238
28.500856
74.153244
13.345581
0.609324
30.279421
4.518658
0.000000
0.000000
3.496846
0.000000
12.079203
0.021758
31.183596
39.943275
26.710358
0.080285
2.882270
34.895630
0.000000
0.000000
0.302933
3.715443
19.154236
0.593077
0.000000
1.829039
3.276246
0.169345
11.892786
2.661128
1.392324
19.872534
0.000000
63.534512
0.123311
5.632002
6.042356
3.130262
43.090050
0.000000
0.139263
26.556950
8.476456
0.000000
0.000000
25.222864
2.156374
0.000000
15.493279
2.356795
0.000000
5.661023
0.012320
0.165523
6.404350
0.000000
17.180994
1.175682
0.000000
0.015249
0.126476
0.000000
4.680952
28.165024
0.000000
0.117662
13.911924
0.365932
184.516571
0.000000
32.131275
0.000000
11.470415
4.177253
52.234745
2.210969
0.000000
221.165970
13.129064
32.714161
2.383090
0.000000
0.000000
0.000000
0.000000
64.687401
0.000000
4.362422
1.121347
2.518034
3.097941
38.287888
0.000000
0.265034
44.768391
54.952938
0.134812
0.767658
0.000000
13.920340
9.999890
45.095482
0.955458
2.875929
5.021974
0.000000
0.000000
0.000000
16.657709
0.000000
21.491175
19.229219
0.000000
4.757440
1.258922
1.538123
51.364883
0.000000
14.993689
14.126517
0.000000
0.429692
1.221043
0.000000
0.000000
0.000000
0.000000
0.000000
0.000000
0.000000
0.310027
10.467311
0.000000
1.253490
0.512016
1.705735
0.161056
0.000000
0.000000
11.482908
18.084730
60.296795
0.000000
55.931149
0.041595
9.987514
6.599332
65.884361
121.268623
9.590937
182.149704
1.219393
0.000000
23.134537
6.980000
10.714663
0.000000
18.190987
0.000000
0.092993
86.988411
69.512001
0.000000
6.373507
0.000000
0.000000
17.075600
2.667064
25.669268
218.557327
0.063034
0.000000
0.617104
156.557968
0.186892
5.651173
0.000000
5.712811
0.000000
0.156292
268.743958
0.000000
1.304626
0.000000
11.524497
0.000000
0.000000
403.921082
35.560661
2.593388
38.048359
10.451048
149.476624
88.342117
6.386655
33.766396
107.448326
13.078828
19.595055
0.800207
11.848466
647.147949
0.000000
0.000000
19.272085
8.336786
4.602781
1.221966
3.896048
0.000000
39.186405
4.928547
0.000000
0.000000
68.061630
0.000000
0.158015
0.608443
0.000000
102.502243
0.000000
0.000000
5.060642
0.076163
6.555626
0.274418
0.000000
14.368604
2.837394
9.602536
0.000000
3.560662
0.000000
4.858880
0.094854
0.000000
63.741756
15.706398
1.840933
11.252480
9.463746
0.000000
0.000000
0.340687
0.000000
46.582775
3.958036
0.000000
0.753935
0.000000
17.163559
8.571302
258.134552
8.585565
43.095470
8.693430
1.010978
49.586681
10.444529
0.840591
0.000000
0.000000
0.000000
25.306993
194.932678
0.000000
3.227434
0.009272
7.984463
28.812086
23.419470
32.776966
0.648685
0.527973
0.000000
46.281097
0.000000
0.000000
10.356159
0.000000
16.948616
46.006165
8.215968
0.000000
0.914883
319.823212
64.470703
10.961277
0.000000
0.112233
33.213078
0.186371
31.345503
0.000000
102.622261
0.000000
16.491005
0.000000
21.288486
17.634583
0.000000
0.170063
30.996147
7.784796
3.262182
0.224391
313.200897
95.836914
0.036498
297.045441
533.692688
1.693389
127.816933
0.000000
0.000000
1.914378
668.411560
4.647272
0.000000
0.000000
0.000000
607.678650
35.495331
0.000000
0.000000
16.581785
3.913531
58.319904
25.808922
9.509214
125.516533
18.847885
0.000000
1.185102
0.000000
40.062336
0.083826
0.000000
65.680115
2.459154
0.373931
11.085590
1.470531
0.439619
25.949144
0.000000
0.000000
0.406852
745.182373
0.456352
7.831854
0.000000
0.000000
0.005683
0.000000
2.335002
0.000000
55.666916
19.883913
102.150917
0.914898
0.794190
0.000000
6.650168
732.818665
116.678543
91.962852
31.805683
16.547388
52.344437
0.000000
0.410881
0.000000
8.701703
1.766188
0.000000
1.301800
0.000000
0.000000
0.007677
4.440651
0.000000
0.000000
74.550819
1.304966
29.920708
29.789330
0.000000
5.748291
202.520905
0.000000
1.313078
190.316193
3.686124
9.711449
14.931525
48.048607
0.000000
0.017672
1.409555
0.000000
7.546466
125.700226
39.923424
3.353464
45.062443
28.575546
1644.082275
0.000000
2.075108
234.430359
62.037361
0.000000
205.545151
101.310036
0.000000
0.000000
4.836921
24.509909
29.049341
10.223941
0.000000
2.566092
16.998518
0.000000
0.000000
0.000000
27.450766
30.022148
12.491319
0.000000
0.025609
7.805999
6.247586
13.460233
0.000000
70.756783
46.302132
5.841178
5.823735
7.288268
0.000000
8.237118
26.467794
34.904461
80.801956
24.463711
12.774708
9.979593
35.493011
41.865540
7.356896
3.939770
132.804596
0.000000
380.549255
0.000000
10.123356
0.000000
16.936642
747.798279
93.336769
116.011261
0.000000
0.828515
23.763931
0.126226
2681.620117
0.176897
18.296564
291.891754
2.509639
26.339409
1.084908
34.360634
0.000000
3.462157
31.248394
295.863800
169.865814
0.000000
0.000000
184.064590
143.739517
5.362522
7.978282
9.088663
0.000000
56.366425
49.919601
21.047659
2.127873
3.603890
2.226741
0.000000
2.803576
0.000000
6.365190
40.387821
0.000000
0.000000
17.590275
0.000000
2.054595
0.463885
61.267776
23.043879
47.036774
43.605255
0.000000
13.004693
237.601593
54.665798
97.247864
0.818470
13.223551
0.000000
55.034119
0.271912
0.246707
11.133304
3.150845
0.135610
4.014819
0.000000
0.000000
7.316904
0.553781
0.000000
0.000000
3.079818
0.000000
21.437132
16.006498
3.616152
105.385315
6.911973
30.110842
0.000000
17.366718
334.827240
0.000000
3.225012
12.082217
0.043972
0.733121
0.000000
74.158775
0.000000
0.179265
0.000000
25.593960
10.518890
0.000000
113.879829
0.411531
22.204124
5.068559
502.081390
28.242128
3.505687
1749.608276
661.621277
0.000000
0.011206
0.000000
5.143232
0.898953
1.665931
0.000000
3.513016
8.727681
99.583244
8.679952
32.202194
0.000000
0.000000
3.568417
4.540492
3.573354
38.529716
13.909018
0.636612
0.000000
0.000000
23.590784
7.371913
0.250442
0.662616
50.245747
97.039597
25.854172
0.000000
0.000000
5.440575
2.645062
360.572632
2.244502
0.232508
1.745285
0.268644
0.000000
0.769170
0.000000
24.520338
31.795544
0.000000
12.877538
10.105767
1.164130
61.373299
0.000000
0.000000
7.063465
0.000000
9.356449
0.088410
12.008215
0.000000
7.462460
1.987355
4.479840
22.822031
0.000000
0.805969
0.462846
0.000000
1.760769
0.000000
2.200402
0.168560
7.053600
35.281513
0.000000
0.000000
0.000000
0.000000
0.000000
0.000000
175.106766
0.000000
9.691430
0.349927
0.000000
0.770694
0.013907
3.603278
13.289862
0.459332
11.126324
0.933305
13.773904
0.000000
6.138201
15.083226
19.512165
15.020037
3.448699
1.856927
2.191839
22.788883
0.000000
0.000000
120.552071
8.873188
0.000000
29.357477
3.169511
75.568718
0.000000
103.251633
84.608727
0.000000
10.131865
0.217431
0.016993
1.738484
0.163325
60.503735
1.829507
0.000000
4.282278
0.322681
0.441664
0.599494
28.956375
0.047535
0.000000
11.299184
0.000000
17.717752
97.381943
2.060850
87.819382
0.000000
0.000000
0.070626
0.157272
14.833275
0.187484
8.416826
120.547691
0.000000
41.235069
3.484131
2.919251
11.782132
9.090556
6.099232
47.096909
5.884851
0.649654
0.000000
6.431453
21.101982
1.370863
11.147615
0.214051
0.000000
140.510330
0.085497
0.000000
0.000000
1.474533
133.840012
0.000000
18.898853
0.000000
0.000000
3.711357
16.029284
0.052778
0.235825
4.495863
0.000000
2.837397
24.954966
3.288340
264.287323
30.158655
4.667598
0.103106
0.259487
16.667015
0.000000
38.440392
0.149339
46.770138
7.758349
5.873453
13.483075
93.504982
0.720691
248.765320
0.000000
0.000000
3.241800
0.000000
0.000000
6.513366
0.000000
2.146677
3.054046
111.437401
67.129532
159.377258
0.803444
0.000000
86.230728
0.000000
32.341358
42.099770
19.569498
0.000000
0.000000
2.509957
16.375317
0.000000
2.360058
9.806093
5.642685
38.214981
5.192395
31.327602
1090.073853
0.000000
0.000000
0.231722
0.000000
567.705933
0.000000
160.287292
19.600096
0.332333
0.000000
135.174820
0.000000
0.000000
0.000000
21.632654
169.743378
158.108231
7.125530
0.000000
81.218231
24.114870
0.000000
83.026634
59.968128
0.672040
24.348385
0.000000
26.146961
10.132207
0.307601
6.394053
1.355142
1079.448608
1.839411
461.490448
0.000000
41.792351
7.840515
25.761934
0.000000
0.003311
71.473434
0.000000
0.000000
0.000000
22.977467
6.732710
0.183947
2.309875
16.907152
3.795664
5.885963
141.417908
221.800385
0.000000
0.348815
21.908861
0.000000
6.142903
107.404655
423.069946
0.000000
0.000000
0.000000
144.274841
459.164429
0.000000
0.083925
0.077820
11.288845
13.265241
22.790993
0.000000
15.116984
15.893992
4.017987
10.026002
6.420300
0.000000
184.071533
1.090883
5.225797
0.000000
2.256138
0.000000
0.161921
18.206438
11.993499
0.617302
0.000000
309.641846
22.404007
37.858704
495.096313
20.883074
4.278061
6.112618
31.180901
7.553905
0.000000
0.000000
14.321016
0.000000
0.331704
62.683716
1.382412
14.982448
2.898438
1.920992
233.766174
0.671708
61.210625
461.172028
10.548738
9.860623
37.492123
0.000000
0.173714
130.741653
0.000000
16.036335
6.173921
0.000000
3.283938
1.784037
0.000000
0.000000
0.000000
54.915459
0.000000
6.167864
73.117844
36.644691
20.739286
20.502491
0.000000
43.151836
76.882477
19.821590
0.000000
139.225021
31.892292
1.721042
0.000000
0.000000
5.372452
1.081511
79.814423
1.681517
0.000000
9.080628
0.000000
1.052189
0.000000
156.516663
14.267963
0.079660
0.000000
0.195773
0.992223
11.345243
1.013946
0.000000
0.000000
0.000000
64.349045
0.000000
22.625692
4.727901
0.000000
1.755547
23.239237
5.022260
0.028411
0.000000
6.925098
8.994682
0.000000
1.176684
0.373452
0.000000
35.917549
27.285021
3.785104
1.905661
0.000000
0.000000
2.377725
0.046665
20.743290
9.944942
17.084806
47.638233
1.252358
33.169090
2.131018
9.309509
6.387399
0.000000
0.000000
9.581350
0.000000
3.287210
178.413101
0.000000
7.153708
13.572211
33.667854
27.421019
47.974785
0.000000
0.103445
0.000000
0.000000
0.385211
6.956359
36.559715
77.346588
13.148594
0.141484
1.520110
53.759201
0.000000
0.426713
2.139430
0.000000
57.488342
10.918657
131.361038
2.699539
0.000000
0.997096
7.230156
0.000000
4.336520
0.042868
2.524341
0.000000
0.000000
0.158169
32.613098
8006.575684
42.210678
1068.268066
39.942665
0.000000
11.509469
0.000000
3.252529
0.000000
2.870991
0.000000
40.667225
17.649347
181.980957
39.034386
76.056885
4.181106
0.000000
22.422832
0.000000
69.823593
1.409074
0.000000
1.361844
10.536667
224.439743
1.422652
6.272815
4.923315
0.000000
1.207477
32.346344
74.191185
0.000000
4.715589
0.000000
60.431118
66.454376
75.187386
0.710011
5.024406
0.000000
0.000000
34.515636
1.869235
0.000000
0.000000
2.245905
11.272570
0.000000
0.196890
0.027897
43.378265
0.000000
0.000000
84.751915
0.000000
29.980534
19.804306
0.000000
0.051367
0.000000
3175.780029
0.000000
3.329867
0.000000
366.710205
47.231102
0.000000
1.126171
0.180044
4.326336
30.997530
0.000000
0.149791
0.186028
14.630267
0.547599
15.468435
0.171011
10.959440
0.000000
0.000000
1.048233
7.079284
195.809906
162.294189
0.000000
11.723291
10.188416
1054.473267
0.000000
7.617304
0.036314
26.113096
7.466335
10.921197
16.518278
7.993647
8.023036
28.859638
0.000000
28.832600
0.341353
909.701538
22.183624
19.352098
0.000000
27.736408
12.554271
0.000000
4.448136
49.788696
162.488632
11.924167
0.595445
0.261044
13.585288
157.505692
93.030525
15.736812
2.610817
4.676983
2.808830
121.426956
26.792469
0.898213
0.000000
0.000000
4.459889
0.000000
1.434609
78.819786
7.565012
2.618072
22.571640
23.514624
1.896860
39.160725
14.500548
0.250874
0.000000
1.333009
0.000000
0.000000
14.026392
24.267580
13.749939
87.944733
12.332523
3.405507
0.000000
9.335024
1.729028
8.598607
13.137385
0.314359
0.093960
54.812542
14.286505
2.827404
1.159360
0.000000
0.000000
412.687164
0.000000
44.929909
2.690705
0.191926
0.858134
2.694563
2.174452
7.614248
2.209912
11.805270
65.013344
0.000000
0.139957
19.325758
1.917080
0.000000
1.407644
0.000000
113.405495
103.481911
37.771439
437.550842
22.035849
0.000000
0.162672
229.734299
18.919048
0.304440
113.209976
0.000000
297.033966
7.531400
76.025574
542.054077
4.648913
114.552879
0.159746
5.585129
60.073406
209.744354
0.000000
0.000000
0.000000
0.000000
0.000000
0.000000
0.000000
0.691042
19.390398
22.738953
0.000000
1.440689
411.811951
9.873550
0.000000
55.254200
0.394730
0.000000
0.039849
160.131561
37.286579
20.434212
7.112730
0.000000
23.838505
0.000000
79.618500
656.502136
0.153543
0.000000
0.000000
14.018299
3.068304
0.781749
35.993435
0.429757
1.752951
1.806750
3.400751
19.003597
3.653664
0.000000
313.650330
0.000000
21.840403
6.126032
0.053809
53.990784
0.243655
4.601640
12.243930
73.966583
1.038486
90.882843
2.735703
3.558229
0.000000
71.456055
30.329546
26.339615
2.801449
6.805511
0.007451
27.394497
190.248535
0.000000
0.000000
158.863983
0.000000
1022.857056
47.579346
67.890839
0.472456
18.933334
356.862457
0.000000
11.376018
3.851260
2.541144
31.469648
4.082060
9.834437
17.977161
74.099701
0.821663
0.000000
1.824087
21.194307
32.140377
0.000000
9.473773
36.045639
9.184901
35.830276
10.969797
6.027843
13.606356
5.844855
1.857247
0.238955
0.000000
9.778472
91.521782
28.125126
0.000000
0.790746
0.225862
29.097809
0.000000
0.000000
10.998755
0.000000
0.000000
0.000000
3.884194
1.268643
13.911168
0.000000
0.710318
9.578508
0.000000
10.405844
0.000000
0.000000
11.167278
0.975054
42.747215
0.000000
32.120171
224.781265
29.443104
111.133095
2.350526
22.930210
4.296914
0.000000
1.286708
335.238800
0.000000
6.133747
173.008896
24.486403
3.112861
187.654556
218.470230
15.502648
33.134293
1.626781
57.073566
9.549498
0.812827
10.991738
23.650875
0.023798
1.681378
76.939827
38.737621
0.010613
0.000000
53.393612
0.092728
50.017490
4.212407
0.039085
28.792696
0.000000
0.000000
0.000000
0.000000
0.054094
308.560028
66.717468
0.873774
13.503816
3.299625
0.322480
68.385315
37.358662
12.286155
105.151237
0.000000
0.000000
0.000000
88.640160
0.000000
7.790056
4.319809
0.062733
9.856747
0.000000
35.965942
0.000000
0.000000
217.166763
11.143409
29.589172
0.000000
14.899004
0.214048
1.421190
0.000000
8.436139
90.520554
4.465702
0.580434
2.889738
0.584364
0.000000
3.497750
17.807261
0.000000
0.000000
0.000000
10.181892
231.691971
16.504137
0.000000
5.009308
0.000000
0.000000
152.684555
24.327913
0.033108
0.000000
0.000000
0.000000
0.000000
47.750854
24.310368
0.000000
14.475981
0.425229
0.000000
47.073917
29.987442
9.320537
0.000000
89.402435
0.000000
0.000000
43.620399
0.000000
29.358862
4.040986
0.000000
0.000000
0.000000
0.096601
3.401485
1.596275
0.046657
7.399182
97.785896
0.000000
11.753031
50.469139
0.000000
1.584513
345.173492
2.358023
44.619343
0.000000
44.867352
53.158695
10.711397
21.707687
21.546892
9.702498
1.234906
0.000000
0.000000
76.654503
10.639727
16.982244
0.709992
135.618927
0.000000
0.714783
14.356362
16.600986
1.275805
3.478880
302.855469
40.763462
0.241621
1.185784
0.805292
0.381183
21.279661
60.176338
7.329602
12.258190
0.000000
9.401357
0.000000
117.830078
1.496950
122.565277
2.207956
3.567350
0.146605
2.625046
16.267717
329.030396
29.579554
13.501629
7.044299
49.884438
20.059450
1.135453
1.838779
338.057709
7.269316
26.693954
0.000000
26.673317
396.370697
36.255241
13.254640
0.627261
3.920284
0.000000
43.385593
0.000000
250.115601
0.000000
0.000000
36.543530
6.320992
0.000000
0.000000
31.151186
10.058384
0.343507
0.000000
0.000000
18.167238
317.445251
4.451341
0.000000
24.512970
0.000000
9.006212
0.000000
0.000000
3.668346
0.000000
0.000000
0.000000
0.000000
0.396985
0.000000
0.000000
0.000000
0.000000
0.000000
0.000000
0.000000
68.085350
58.363476
0.000000
2.803756
0.000000
8.420676
0.000000
0.000000
370.149200
0.000000
29.489330
11.132930
22.339819
101.711273
12.326517
29.595692
50.871132
0.000000
0.000000
163.030197
0.000000
180.585251
130.997269
23.058495
4.238431
12.352628
2.560174
0.000000
3.677469
0.000000
0.000000
6.510504
342.714355
44.018742
80.911438
0.000000
53.078922
73.168991
2.701103
0.000000
71.891647
0.000000
9.420841
1800.535889
0.000000
0.878804
11.262183
5.923843
0.000000
1.906419
13.690344
21.293818
44.874710
140.750793
246.893555
0.000000
216.456451
0.000000
0.070740
17.657143
10.473966
10.068109
30.096834
2.207206
2.644642
0.091363
3.796955
130.356964
1.955598
0.258633
72.586586
0.108635
5.503871
38.442688
69.901413
9.314426
0.000000
38.817867
0.000000
21.536146
34.406502
321.906952
11.779459
83.695885
28.307384
0.000000
0.000000
23.641207
49.501865
1.683419
33.232857
0.945113
1085.533325
69.154778
2.605090
0.000000
8.059184
0.337443
0.000000
23.191671
1.820099
2.988192
0.000000
0.106732
0.000000
0.000000
0.000000
2.861933
0.000000
8.434829
8.593940
39.881088
1.879094
5.549802
7.655279
0.000000
79.804672
322.635742
7.391667
95.281631
123.365341
8.398897
13.082452
1.333451
1127.792480
49.277931
102.656448
0.215610
12.276115
78.309303
114.114334
54.493660
0.000000
27.682577
233.573776
71.619736
7.129702
0.000000
0.000000
0.000000
0.000000
0.000000
4.199818
21.131916
27.658295
6.569309
0.000000
177.494339
0.000000
26.785168
0.454900
0.000000
10.239707
0.000000
0.000000
61.699215
3.828561
46.907177
0.013795
23.493874
14.428677
0.000000
58.517841
40.959808
0.066678
47.677494
0.000000
22.044916
0.106761
0.000000
1.552829
15.549890
1.624100
3.258793
23.697828
18.616961
27.459455
0.000000
0.598585
3.770679
13.913412
9.771443
21.975431
21.278572
17.060955
