272.987488
45.287460
13.303039
16.597078
0.134388
2.060064
2.019809
0.767034
19.560228
6.208718
0.391569
0.000000
0.000000
0.000000
0.850882
65.635048
32.337139
22.076500
0.000000
5.141300
0.000000
172.291916
19.585155
30.776829
0.000000
0.000000
0.755593
15.768247
34.836327
1.279659
5.807027
0.095193
0.063510
19.148901
0.000000
2.853297
0.010863
0.000000
41.811562
0.000000
0.000000
344.178101
18.954441
250.509613
0.066681
5.960280
0.000000
0.000000
0.393510
685.222412
80.697990
1.303097
0.000000
0.000000
9.056063
419.506348
0.000000
0.912871
0.000000
8.069929
118.592308
0.467745
15.072653
3.325798
22.584801
0.332105
0.000000
0.000000
0.040258
133.047852
513.784363
0.207402
0.000000
4.566226
178.851807
18.532579
1.084566
82.085831
5.876727
2.033163
2.810107
0.000000
0.000000
0.000000
39.063702
0.000000
0.000000
0.014720
187.272491
0.619500
0.327062
1.163633
172.591309
41.582195
0.190543
0.000000
0.885740
0.000000
31.542280
5.995351
3.269597
0.000000
18.814854
0.000000
195.313492
64.373055
167.708389
15.026816
74.295204
0.725694
521.708801
192.796616
0.000000
0.000000
39.027916
1.200352
0.000000
56.461411
2.874805
0.000000
48.538906
70.189445
0.000000
0.000000
0.000000
0.000000
172.415421
25.453701
3.011757
24.713440
175.601501
47.545670
0.455256
1.909807
105.884109
0.000000
39.861233
0.000000
306.077057
0.000000
0.505194
0.000000
96.264015
0.000000
0.000000
74.008873
0.000000
0.000000
80.350578
0.563291
0.000000
0.496426
1.132321
0.000000
0.132435
91.093185
26.087717
90.434898
0.009728
81.618248
97.731880
0.000000
0.000000
51.052509
9.421153
10.727560
25.454508
28.160297
0.000000
0.735581
759.551025
18.864086
0.000000
2.949947
35.794186
33.052921
14.199378
30.902954
6.657109
0.000000
181.097717
22.351265
0.000000
11.439074
23.320927
0.000000
56.086292
151.347778
2.397754
13.962932
15.324800
27.728403
10.729673
25.412914
35.261665
59.753365
0.000000
5.843757
7.189779
17.201181
0.000000
274.382935
10.029612
17.042614
33.048782
0.000000
0.305104
3.538779
32.542614
50.248173
0.000000
5.239480
57.210377
19.141809
9.090703
15.383168
0.124359
1.079879
432.656555
0.000000
0.627093
49.906689
2.839762
0.608412
0.000000
81.882652
0.014247
32.389427
95.162178
13.150865
43.736366
0.186448
8.296297
6.452683
117.287399
0.000000
0.000000
0.000000
5.034526
5.134778
326.708771
0.072491
0.000000
1.485206
0.373433
334.092163
0.000000
0.022948
5.946307
0.000000
0.009539
47.367546
0.118331
145.767761
51.769356
9.264940
0.000000
0.000000
0.000000
3.110458
2.623255
5.771715
12.969697
0.000000
12.847061
28.680742
279.623505
0.042396
0.000000
9.398376
0.383697
0.000000
0.000000
0.000000
3.580524
111.410561
26.312634
0.000000
0.000000
0.619199
12.905437
9.305584
0.000000
1.633973
8.106951
2.812012
12.532162
35.703949
276.247437
14.793961
16.127592
55.330940
0.000000
106.718956
0.893651
0.000000
31.657303
0.000000
64.233353
1.519154
34.363449
0.000000
0.000000
0.000000
18.787481
1.802243
0.000000
18.549257
218.564514
431.069733
10.288615
422.056274
234.320114
0.000000
0.014061
114.525391
125.174782
0.000000
0.000000
133.671677
4.724599
0.000000
159.687195
37.434795
305.819824
0.030829
17.300255
0.000000
2.489164
180.887573
0.000000
0.000000
37.207447
0.000000
0.400562
172.055222
40.866375
0.000000
0.872299
0.000000
0.000000
0.000000
592.036560
0.000000
0.000000
45.302818
5.859185
0.135422
0.094119
0.000000
0.000000
2.688311
14.977448
0.000000
9.246818
0.000000
0.000000
0.437919
4.763772
104.512100
0.000000
0.000000
82.885689
1.769857
0.000000
2.738254
0.000000
38.079945
0.000000
3.440551
21.988142
156.704758
0.000000
0.448219
209.724686
0.377360
2768.110596
0.382427
3.712049
8.459845
3.796981
12.505090
4.536323
31.781799
21.637028
1035.946045
2.972661
0.000000
168.943100
43.129723
21.868652
14.520389
2652.614014
58.134075
0.223204
11.427665
23.507736
13.636907
0.000000
0.000000
0.157825
16.421679
25.231716
0.000000
13.575310
0.022139
0.000000
0.097398
0.000000
5.962218
2.288314
0.000000
0.000000
0.453977
0.000000
0.000000
0.073417
19.209517
0.000000
151.499298
911.056030
1.345342
0.692581
244.112869
84.887505
3.099957
87.431000
0.000000
0.311373
2.422669
23.266470
6.852205
0.000000
0.000000
76.670990
0.000000
2.080669
0.000000
168.590271
37.690155
27.795992
0.131447
1.166913
5.153655
8.148094
0.019071
388.032440
5.049659
0.000000
434.707275
2.077266
0.055527
6.594075
48.244331
0.213329
66.898483
1.433792
1.310047
935.417358
0.000000
5.105591
1.722565
50.151634
0.665857
1.080578
21.500492
9.881138
156.762054
0.000000
42.933609
0.000000
8.742948
0.000000
133.334518
95.521538
1.105077
3.590617
0.000000
551.353882
29.141554
11.628646
24.407635
0.009661
3.084063
0.000000
54.769981
1.943802
0.032857
0.523467
51.615185
11.223248
8.487321
0.000000
0.057030
0.246736
0.000000
6.790002
0.000000
0.000000
98.783043
1.729029
36.528648
633.689758
0.000000
117.275703
1.330439
0.000000
17.495562
12.968098
3.732866
836.814026
0.933266
477.724030
0.019786
40.711449
46.843597
0.731500
267.586243
449.967926
0.000000
0.000000
1.561100
0.269727
5.808743
1.665845
93.103500
6.971713
0.981133
27.552906
0.612568
25.848154
49.976177
176.070404
12.235361
0.000000
3.737816
819.221313
74.665016
53.819820
37.617760
0.000000
49.876347
65.837219
461.268616
0.000000
22.652454
9.769683
387.353760
0.246281
2263.519043
51.787975
54.122799
37.557053
0.216166
0.000000
13.177675
3.912748
0.000000
0.000000
0.000000
25.499903
5.169778
456.015778
31.015766
0.163308
0.574699
0.000000
103.846977
0.000000
2.624790
93.670189
34.376022
3.138280
0.000000
44.776676
3.170338
0.000000
22.279465
30.545843
1.825217
0.000000
9.281711
26.161320
11.085778
2.399025
1.055843
0.000000
6.168881
395.203796
0.445656
0.053043
11.607932
5.073817
7.038750
7.456917
102.573883
0.000000
0.311623
0.000000
42.150467
0.111010
0.368632
21.562611
0.481101
10.780904
3.310535
0.000000
488.371521
16.292353
0.023390
0.000000
146.441559
0.000000
51.290016
0.000000
4.224362
256.094574
5.468149
11.885440
0.000000
38.251316
0.000000
7.389917
2.019575
0.000000
3.057116
0.084472
0.000000
0.000000
0.326899
2070.667480
33.887222
13.003339
22.971855
10.091204
0.060507
61.279007
12.454885
0.070176
47.863701
0.000000
0.000000
3.008985
0.000000
2.176313
4.570788
14.681711
0.479081
63.714077
20.327068
14.234091
0.477467
0.874463
0.000000
41.545685
0.000000
19.355505
2.457120
9.968284
0.040063
10.691144
79.301743
0.102342
0.000000
0.000000
0.296875
1.115145
0.633255
0.052853
30.006096
10.829191
1.314200
0.048548
80.893936
26.887339
14.159064
0.916792
3.234344
45.208557
0.058207
34.467228
5.156908
6.581947
0.000000
1.272974
323.643677
0.000000
9.931665
63.419788
35.512760
38.849400
0.306016
0.000000
74.337494
434.659973
91.651405
31.585052
12.102290
0.000000
746.506775
10.663888
174.350113
22.468035
0.052028
6.629395
151.511200
78.870895
384.919830
2.725600
0.000000
5.502987
0.584587
7.491157
29.544933
0.000000
213.072266
4.315208
0.000000
0.000000
1.649837
0.000000
11.204964
1.807227
0.000000
36.626827
8.494149
3.884989
15.029841
24.267342
48.822567
7.576695
88.488564
0.241341
1.831529
0.000000
72.217209
31.963411
183.324280
0.906923
14.895264
7.883853
1.810791
7.553889
20.333799
28.955559
0.000000
12.607068
297.405182
338.082733
12.619834
27.993477
23.309126
0.306446
29.447424
993.361816
0.028157
246.790817
204.229782
0.000000
0.120169
7.059415
0.000000
1.677975
3.839016
0.000000
10.962033
0.000000
0.440303
478.441986
0.070889
8.659825
0.000000
0.000000
4.213527
88.578232
0.000000
2.444621
0.000000
45.444778
0.092449
199.932556
195.629303
0.000000
15.284031
2.064807
51.052330
21.767059
56.209480
0.000000
47.126900
1.538404
21.188332
0.090179
0.000000
72.283585
31.432230
316.339111
1.769477
6.168717
125.380920
0.000000
74.771339
0.000000
7.016614
6.347268
2.227501
0.443757
10.414755
84106.242188
0.000000
0.000000
0.000000
62.569431
0.688586
0.000000
0.957526
0.000000
0.024487
1.497222
1.419832
51.410179
0.000000
0.000000
2.348958
6.249697
0.705997
0.000000
1.521573
3.387184
24.474010
0.000000
0.368907
80.116219
9.511316
49.948082
9.133558
156.715271
39.182571
26.417080
875.548401
0.056212
0.279392
35.605381
112.683243
0.000000
0.000000
0.733555
3.885350
33.744911
0.000000
0.000000
3.901528
0.000000
101.467850
33.972038
16.191881
38.810234
14.412808
6.254752
1.119258
13.584476
2.657265
5.832973
0.000000
0.757585
0.000000
56.978466
0.000000
431.083923
3.113107
4.794633
0.000000
72.078751
0.000000
0.000000
417.684692
75.138664
0.000000
0.000000
29.646036
0.000000
0.000000
83.724167
0.000000
0.000000
0.599166
1.299739
0.000000
9.542321
91.055122
61.513466
23.944569
0.000000
0.000000
7.545263
0.110993
0.354097
0.000000
6.061919
56.184681
302.264679
7.720029
44.082062
36.069695
0.000000
0.372701
55.777256
0.550665
0.000000
0.405435
0.277312
0.000000
0.030172
0.000000
0.000000
7.675646
1.082928
0.000000
0.000000
0.829138
37.433590
73.150375
0.701746
22.035339
9.388429
117.517044
71.706070
0.305880
0.000000
115.812462
0.101540
0.000000
0.000000
0.000000
4.381905
0.000000
0.000000
0.000000
1.706486
1.988153
26.947977
4.303089
28.037334
6.918438
25.714554
9.510066
0.000000
73.491493
0.000000
0.000000
0.000000
0.000000
72.261406
22.132904
81.641777
5.687734
28.687468
1.335568
1.537584
0.000000
0.000000
17.828705
0.078199
27.722816
3.933389
0.000000
8.677698
7.220747
43.367741
0.005057
0.000000
0.000000
0.000000
7.003692
0.000000
1.534430
46.791954
6.421742
0.000000
3.275538
857.659180
0.208761
0.000000
6.617441
0.770894
2.035050
0.000000
0.064884
64.070236
0.000000
0.000000
18.622000
0.000000
0.000000
11.143393
0.118440
17.168880
60.100342
16.500917
8.647842
18.295082
26.192587
27.074081
0.153545
22.951054
33.764446
0.000000
11.271336
21.548008
0.981755
4.850482
0.000000
111.278152
15.072268
71.576111
204.512115
5.811360
64.726372
22.554014
0.000000
14.558495
0.000000
6.195068
77.958847
1.995345
53.619446
0.327714
0.527204
23.358587
5.824080
27.306870
10.404537
14.714128
56.087677
73.472527
0.483084
0.031463
0.000000
4.433896
0.913369
272.808350
185.868790
0.066187
0.000000
107.004578
0.000000
19.792280
0.000000
0.088626
0.000000
0.000000
42.465271
169.820740
8.318065
0.000000
0.000000
0.000000
46.029198
0.000000
43.012817
29.565828
125.453796
8.727461
0.127770
6.155557
0.016601
0.000000
143.716003
0.000000
0.697174
0.000000
153.622177
36.788616
0.000000
0.000000
5.768099
11.924926
0.000000
0.614644
158.069031
3.046441
0.000000
0.000000
2.296174
0.000000
0.000000
9.539985
0.000000
0.500034
45.878132
0.019589
13.436035
5.556097
0.000000
0.000000
44.005569
80.825569
5.725817
3561.555664
0.000000
9.376714
10.999528
15.386362
0.000000
4.299509
33.010727
0.467867
43.267315
83.452148
14.549468
44.105812
0.000000
58.788555
66.547318
3.903883
2.576192
1.235879
0.000000
0.000000
0.000000
0.756463
858.058777
1.724112
1.566893
0.411779
4.725293
2.675799
1.840434
36.224548
13.030812
6.713682
8.033482
149.997101
35.534859
10.692782
0.000000
4.393147
4.590504
10.953013
0.544426
0.040356
285.032288
12.011884
0.000000
1.872284
1.840241
0.000000
1.542072
0.094093
6.082395
16.151260
1.060641
0.000000
124.450645
0.061590
5.960073
0.810668
6.985099
0.000000
16.251034
167.104843
17.976583
0.000000
55.594685
85.066902
2.121816
0.106791
0.000000
0.446314
0.000000
0.000000
45.930614
5.393193
108.549271
30.812712
42.584671
108.686638
187.336807
1.382745
0.000000
183.754639
13.665418
0.015013
45.524174
27.763697
15.513610
5.296697
51.310772
0.021760
421.031158
5.536520
0.000000
0.000000
0.000000
0.071570
1.298309
4.817369
14.816875
9.125499
62.835781
105.598007
0.000000
0.000000
2705.205322
1.545064
30.871605
4.439850
19.344572
0.000000
0.000000
121.214890
0.000000
32.160206
40.638878
246.041504
0.000000
15.071926
0.000000
59.911331
18.076181
142.951782
6.281512
63.925125
45.491779
24.163595
0.000000
33.550556
8.638164
0.659270
0.000000
3.995134
1.081519
0.078765
0.000000
185.168045
0.000000
3.759848
9.098922
0.000000
158.910080
0.090018
6.257963
104.188721
78.353256
3.764457
7.411726
18.305992
70.772591
0.000000
0.000000
33.481022
2.747966
0.248254
50.110401
0.000000
36.050201
61.046665
67.576698
219.126617
0.787550
89.686165
6.478644
5.454866
95.756622
0.000000
10.579821
238.423538
0.000000
0.049847
0.000000
7.509540
0.218092
9.544063
16.915920
237.899734
22.209499
2.538485
32.398983
0.000000
0.195727
37.880695
0.318721
0.197828
0.000000
5.455357
37.322613
16.958794
0.000000
11.010254
0.000000
38.717342
22.027565
76.236046
0.000000
0.000000
65.147499
0.187985
7.887861
174.581009
0.000000
1.559621
15.901215
1.240121
0.000000
0.000000
0.116674
0.000000
0.539044
15.410165
5.106644
0.000000
19.356686
2.667429
0.000000
1.596734
18.900753
65.890152
5.762286
0.751035
3.911973
35.547482
0.000000
0.000000
0.079141
234.650986
98.159737
0.964707
14.846219
14.354666
0.000000
0.000000
0.000000
0.095731
1.243407
0.000000
24.453352
5.027489
23.744102
0.014853
88.939072
0.000000
0.000000
0.000000
56.223045
4.417518
24.124664
0.000000
0.775088
4.966472
0.538181
13.581705
68.283386
0.000000
15.911271
0.000000
0.000000
11.701962
19.087265
0.000000
12.377026
4.204306
65.645844
12.289777
19.016722
26.476505
17.567467
25.904289
81.923599
0.000000
20.450214
14.675992
1.429748
493.758575
8.640770
26.142330
1.398926
0.000000
1133.372925
1.834013
1.554834
0.000000
0.000000
11.341139
0.000000
81.193184
45.390141
0.000000
22.705599
29.914932
0.041828
20.308064
0.637192
48.783859
0.106490
27.852560
0.000000
0.000000
0.000000
0.000000
246.178848
22.270124
28.189442
0.000000
70.399750
6.259075
0.099339
21.090818
0.000000
0.020696
17.510748
0.000000
1.738142
243.891510
22.671661
0.000000
3.088609
6.486257
0.759915
4.027517
0.000000
17.548477
0.000000
7.430624
0.000000
26.433189
22.347225
12.753526
0.960124
0.000000
0.000000
4.916233
32.008099
0.372072
1.802566
1003.676270
13.209157
0.015217
36.843956
10.542575
29.804232
0.358117
0.000000
17.327291
6.158361
14.697513
69.773834
10.667680
5.996659
0.000000
2.911761
24.632103
0.000000
42.190029
0.000000
0.000000
10.146349
2.732010
0.000000
27.944784
65.161003
0.012335
44.625507
11.700418
40.311398
40.469440
21.376295
0.786014
1.447820
3.974170
0.906315
67.162842
0.000000
31.547462
2.432355
0.000000
0.000000
49.528408
16.625668
0.310643
6.682910
0.000000
58.112595
0.000000
14.831604
5.066826
151.423080
28.986425
4.448192
5.465945
183.383881
3.945669
3.698929
304.660889
10.044406
0.008149
1.710932
102.555984
15.111120
0.256088
111.099739
33.929955
4.845753
12.922297
2.340870
0.694098
76.121506
0.000000
0.000000
22.036867
7.674658
160.489868
3.218367
14.467103
0.000000
0.000000
0.654449
0.000000
216.017212
2.652362
0.000000
39.423660
5.349101
209.829727
1.177136
0.000000
0.000000
0.174577
4.709155
0.000000
1.041371
8.578275
7.846005
0.000000
4.201060
10.572231
17.084448
40.565128
0.201599
19.383163
101.334198
0.885039
13.940237
0.000000
0.000000
0.000000
0.000000
0.000000
32.544315
84.223091
13.918082
3.333864
0.000000
0.000000
76.254555
124.060257
0.451159
26.949137
1610.479980
265.514313
0.009985
3.386047
10.545349
0.000000
0.000000
1561.158569
0.020881
34.678837
1108.158936
0.000000
50.290791
10120.890625
13.177012
9.833649
0.220341
24.126608
10.998338
0.749002
432.232819
12.173795
0.000000
59.640411
3.164202
0.000000
0.000000
97.389954
0.000000
24.344292
14.016850
2.468331
726.457214
2.278496
0.000000
0.187116
0.000000
0.000000
21.570930
0.073020
78.782410
9.038051
0.189694
29.331024
1.914736
6.285389
15.681881
277.245789
10.154993
41.287579
6.711732
1.026741
52.618263
338.505524
141.571182
0.000000
0.000000
0.000000
27.774918
64.611656
45.492065
4.392675
0.000000
0.000000
23.813009
0.000000
2.591433
0.137496
48.918194
52.407188
33.671677
4.346091
0.781835
2.874516
0.080705
0.789117
17.751099
0.000000
0.197550
0.000000
0.000000
22.446953
0.720202
0.000000
86.128204
162.803726
25.246307
76.122627
108.639244
0.053174
6.996852
0.000000
0.022759
0.264381
0.000000
6.061187
155.841782
21.906410
49.806538
0.000000
0.013784
3.916375
79.157082
40.191048
0.277629
335.026154
1.166211
0.297449
0.000000
0.000000
78.056335
63.600948
1.873339
4.089931
39.398308
0.390615
12.828219
57.076431
8.868400
26.805733
8.542482
19.139118
0.000000
31.975302
0.000000
6.191518
0.000000
0.000000
16.367680
18.705856
2.822763
0.577872
2.742811
58.683662
17.984053
34.726025
21.353224
1.515105
0.000000
3.572326
1.025505
3.894939
0.489104
17.930727
2.881578
13.951681
24.011749
77.825439
51.839851
10.293725
51.670151
37.670418
0.000000
18.613894
193.171417
0.000000
33.395638
74.526833
0.000000
2.195200
10.218456
0.064992
0.000000
0.000000
0.239102
0.000000
16.527514
0.217389
6.670212
63.413288
0.000000
8.799587
0.000000
0.142790
30.572563
0.000000
16.942806
0.000000
200.166534
118.932289
4.493340
0.000000
0.000000
0.000000
4.833492
0.000000
37.044964
0.183197
36.087250
0.078679
0.000000
6.598813
0.000000
0.485741
0.000000
1.751964
0.519195
0.036798
2.639091
0.000000
0.000000
0.000000
0.000000
65.417519
51.901909
15.317245
0.630504
0.000000
8.999741
0.000000
0.000000
0.000000
4.153363
1.442429
0.000000
0.080564
0.900681
1.642483
0.000000
0.000000
1.190233
78.388123
0.137632
3.130410
0.000000
0.035331
0.000000
0.000000
0.000000
0.000000
0.129458
0.000000
0.000000
11.721696
33.635326
24.409260
0.527460
16.356865
8.776838
8.618652
0.414589
3.218621
2.642336
0.191255
16.996866
0.000000
16.474846
0.925743
10.075655
14.280823
5.620470
40.984467
18.022131
0.000000
17.034424
0.901566
0.511758
28.260954
17.025311
10.819419
0.000000
25.260242
0.000000
16.499313
37.859356
293.222687
0.000000
0.915871
50.225948
137.024429
0.030602
58.438683
12.555402
44.946056
5.739585
0.000000
0.000000
0.000000
7.547534
0.000000
0.000000
2.776990
8.827002
7.008335
0.000000
0.000000
0.000000
0.455582
0.000000
0.000000
9.758486
7.127555
0.886569
0.023597
3.900713
18.246506
22.723801
22.120102
5.274237
667.334839
0.000000
0.000000
6557.218750
3.277228
0.981982
6.896538
0.000000
44.010426
201.051651
0.000000
146.573456
17.331152
0.345585
18.239641
0.117404
0.000000
251.115540
49.899792
0.000000
0.141107
0.538748
0.000000
0.000000
0.000000
21.061834
0.771668
452.424896
0.820138
0.047759
0.677360
1.697305
203.409653
159.977524
1.487613
0.000000
0.000000
0.050706
0.000000
0.000000
9.276069
130.273422
3.734003
28.630632
0.000000
22.720020
0.229648
0.154923
10.139934
531.801208
24.849449
0.000000
25.244303
0.102949
0.000000
0.000000
0.171013
0.000000
0.000000
464.037964
162.074661
14.670229
88.839111
10.696575
15.747437
0.000000
31.278183
192.948563
0.000000
12.165857
0.806644
0.000000
0.849988
43.606064
0.000000
0.000000
165.053955
0.000000
15.129894
0.000000
39.994034
0.000000
0.000000
0.357824
0.000000
0.021409
0.000000
82.868210
0.000000
24.878262
69.590248
0.727788
0.047266
0.126709
35.538799
21.174244
0.254395
14.848948
20.440781
37.479156
2316.213867
0.000000
1.641451
0.011981
0.403838
0.376562
3.495400
14.545748
9.618423
128.982162
0.000000
0.053016
2.006569
0.000000
0.784810
0.328705
0.000000
284.796844
32.684345
0.597403
1.893275
0.000000
0.000000
5.779366
0.000000
0.032105
22.068693
18.495956
0.742790
59.245667
71.113129
104.339928
506.780334
208.812851
3.885409
0.000000
0.000000
24.154335
0.000000
6.112797
29.166769
0.000000
0.000000
0.000000
19.755011
21.925756
7.099297
0.403247
0.000000
3.679550
0.519800
0.187142
40.209045
43.111526
0.000000
410.381805
4.470366
21.794592
10.112103
0.000000
0.055823
1.342384
0.655207
2.649959
0.086835
0.041027
198.682053
0.000000
16.197571
0.000000
4.804413
49.805088
1.047813
3.522907
0.000000
0.000000
0.000000
28.440353
40.042866
50.191883
100.395233
0.000000
0.000000
2.114519
2.436934
2.367731
0.215377
26.939934
4.698086
5.000875
0.000000
0.000000
0.051077
0.000000
12.917378
0.000000
14.475075
0.000000
1.320994
0.000000
7.041860
0.000000
26.617685
0.000000
0.249917
12.950761
0.000000
0.000000
2.419471
0.000000
13.122876
24.688919
0.000000
1.242616
0.000000
0.043669
1.706033
15.528557
39.061321
6.948342
0.000000
0.000000
0.000000
1.908780
0.223770
5.667613
0.386308
0.012700
15.796836
23.006048
11.062806
0.000000
116.812943
0.542251
24.073978
2.127650
31.688658
9.531507
1.992854
1.952804
0.755160
0.000000
0.039546
0.000000
0.000000
7.995098
0.000000
0.000000
105.587677
0.000000
0.080788
8.083039
11.303200
0.000000
0.000000
1.928086
1.089076
44.461559
84.124550
1.562906
0.000000
1.560443
0.000000
0.000000
0.517382
0.278914
0.230712
128.304779
46.461220
0.000000
21.560787
0.977093
0.000000
46.006889
0.721895
0.000000
0.121114
321.051697
0.438564
106.836983
0.000000
37.172764
0.787327
0.000000
0.000000
113.039009
22.034723
0.000000
0.000000
0.000000
86.651825
0.000000
0.157972
0.000000
0.000000
3.440080
65.232643
0.000000
0.255664
15.996530
10.276790
3.972010
4.982450
0.000000
4.545322
5.548796
8.890422
6.388940
40.682941
0.752441
0.155916
128.598831
109.986526
61.245872
0.000000
0.000000
8.899933
1.927480
0.000000
9.021938
103.062241
15.340516
45.060303
2.587246
0.000000
0.000000
0.417003
0.188739
0.000000
0.000000
0.000000
11.600258
0.164348
0.208502
23.445669
73.707329
11.909752
0.000000
0.269629
4.476140
2.803969
0.000000
0.129050
0.000000
0.685225
6.049799
51.485493
0.070136
77.571915
11.472252
117.464218
0.067588
1.012816
0.000000
0.000000
0.000000
13.296524
0.000000
67.086685
0.504956
54.315727
10.214969
1.617273
28.599760
59.989567
6.575247
0.000000
0.774064
0.000000
0.000000
40.293774
0.036618
116.510139
0.081732
0.294891
0.000000
1.698371
320.635956
0.231292
1.878955
0.000000
0.000000
14.599993
0.192648
18.311272
12.914545
12.796594
0.079710
1.811453
4.136075
12.179735
89.416336
29.345669
0.000000
0.820803
8.717029
0.000000
0.302227
1.447363
2.788671
0.014609
9.866706
0.000000
0.000000
0.000000
1.755642
25.214521
168.928436
12.109468
0.000000
67.126610
0.004534
0.252789
4.264788
234.008163
0.000000
6.764362
141.399063
2.560468
12.500287
0.000000
88.239105
119.784309
33.592690
27.874790
115.196533
0.000000
0.000000
50.015610
60.431255
0.000000
54.778454
0.000000
9.048200
98.875404
28.185713
195.143051
0.000000
0.000000
15.314437
5.845320
0.028612
337.453033
0.000000
0.000000
19.993395
0.334329
199.072632
28.535879
16.718210
0.000000
0.000000
0.908522
0.000000
5.742236
28.275393
0.010571
28.418314
130.385559
138.093292
0.000000
65.955345
33.512844
0.000000
0.052617
1.639853
0.495407
0.024337
0.000000
0.000000
271.584106
0.000000
10.710038
85.713661
0.189182
2243.466797
19.458973
34.134289
0.000000
54.212479
7.969512
24.323565
0.000000
0.000000
0.000000
0.033098
15.289295
0.000000
9.399564
0.900707
11.936308
0.000000
20.083286
0.000000
0.000000
0.000000
0.000000
0.000000
0.000000
17.896452
0.000000
0.008704
8.259793
0.000000
0.000000
0.000000
0.000000
1.034250
1.485796
83.933372
0.606320
26.040659
2.470020
4.703360
1.529013
2.555646
0.000000
3.860331
88.974663
0.275609
6.043561
0.000000
0.000000
44.519794
0.000000
445.102234
1.693967
0.000000
0.000000
0.000000
0.000000
1.482407
29.666170
172.233322
78.685463
477.517242
0.181238
3.397346
40.900455
0.000000
2.496785
2.131856
27.839941
0.095274
1.668945
0.000000
0.000000
0.050097
31.617039
3.562036
0.000000
0.000000
0.000000
0.000000
3.058400
0.021517
32.214428
6.277450
0.842254
51.614315
0.218408
107.635216
0.294960
11.781053
0.071331
0.000000
9.288209
132.952194
0.259948
5.376131
15.754901
0.000000
0.000000
0.000000
21.552649
0.240308
281.415161
97.745354
1.241744
45.086319
2.194648
6.923514
5.692269
0.000000
70.752121
1307.636597
0.020550
0.000000
0.122005
0.000000
0.000000
0.000000
0.000000
20.267731
13.842594
0.697684
0.349139
0.030332
18.804892
372.232727
30.876581
0.053094
109.750549
10.095245
2.736299
66.730064
9.297648
54.663921
1.417721
0.000000
3.080406
0.000000
0.163387
15.601393
0.000000
0.435504
25.895992
133.244705
5.359432
1.104317
1.015567
25.871756
1.776103
0.000000
82.053917
12.610181
0.102691
26.279860
0.731035
0.000000
44.439087
5.223563
77.657990
516.647339
10.635624
7.200522
13.205326
26.773676
0.749383
32.968945
13.692245
3.258076
11.377247
0.090859
0.000000
0.044658
33.507793
0.000000
0.000000
147.051102
65.186188
0.000000
5.674723
0.000000
0.000000
45.830177
0.000000
1.737158
0.000000
0.878829
53.724602
0.000000
0.000000
16.487522
0.000000
0.012523
9.177368
52.563206
0.641439
22.704258
0.188354
0.000000
0.000000
0.000000
0.000000
31.696018
0.215466
0.000000
25.379326
2.796573
0.730775
5.389512
0.332346
0.000000
0.807227
33.877411
0.000000
0.000000
0.000000
0.000000
4.983851
0.484821
0.000000
0.000000
0.000000
2.314088
0.000000
1.965462
26.471973
0.000000
7.391192
3.906912
0.337105
2.729531
0.000000
0.000000
1.322137
0.251213
0.062295
0.000000
386.304749
10.420182
37.797722
0.000000
8.797808
1441.277222
2.351749
0.000000
0.298132
5.318323
1.035291
0.000000
0.511899
3.473688
90.298096
0.000000
14.849681
0.000000
0.000000
0.030424
40.008030
0.000000
0.000000
0.000000
7.824531
80.982178
13.650079
9.131624
0.401337
0.631499
1.175866
2.105385
0.955428
85.062614
0.000000
0.000000
370.563690
0.000000
17.362722
37.246178
50.498802
23.923431
0.000000
0.000000
58.422848
111.828751
29.326756
0.000000
114.009956
104.688995
54.316196
12.807725
20.948343
0.000000
0.000000
0.000000
0.000000
88.861839
1.968618
12.618829
54.920120
5.123123
2.338497
0.742254
32.189911
32.305569
13.880636
51.598183
15.531906
112.751434
51.678223
4.534508
54.307987
0.213052
0.000000
0.000000
86.377884
0.563206
12.257803
502.207581
0.000000
0.000000
0.000000
472.448853
4.557786
20.011820
11.119705
2.213177
75.631935
0.000000
1419.339966
15.082289
23.257282
192.354706
171.525162
40.532387
109.876923
9.159247
0.000000
459.805695
10.139160
0.000000
41.237694
127.194305
8.307915
31.220350
0.260101
0.021459
0.000000
533.921326
31.769672
23.757849
0.000000
0.604717
13.506017
0.000000
0.000000
777.909912
0.556113
99.020302
3.734638
0.000000
6.975428
0.000000
0.000000
27.861773
1.395033
0.000000
77.881004
35.631794
4.631302
30.810568
12.238957
33.073467
0.000000
0.000000
0.000000
2.494508
6.629918
4.126496
12.053336
6.358738
171.094757
85.524780
1.246874
89.273735
0.000000
85.293037
0.229132
7.250998
0.000000
0.000000
15.018467
0.000000
127.075951
1.219359
9.550758
92.422607
16.771059
16.146061
23.709602
13.319569
0.000000
41.456848
0.032186
0.000000
0.000000
16.729158
9.351795
0.000000
0.000000
4.272076
1.505455
0.224562
0.000000
0.311155
33.331776
0.000000
0.010097
64.954056
0.000000
0.000000
1.022909
3.820899
0.013452
0.000000
47.921093
0.000000
138.494263
4.736790
0.000000
27.358555
0.000000
168.520981
58.812820
7.013482
26.792814
0.000000
0.000000
50.246628
38.896721
0.118653
2.987193
21.747152
1.117569
14.214654
0.000000
422.471985
2.725741
0.000000
0.000000
1.939978
0.848578
0.000000
0.000000
2.249962
0.000000
85.226524
5.436761
583.526428
0.087859
1.962943
181.008621
65.696793
0.000000
0.000000
0.000000
1.030764
96.547150
91.059258
0.000000
0.000000
0.000000
0.162175
0.000000
0.000000
0.000000
0.000000
0.000000
3.827782
17.360062
0.026094
0.433962
1.432691
0.000000
0.277312
3.865805
30.875887
2.741790
2.956359
8.038760
4.344595
0.240327
7.389219
0.000000
0.000000
0.269944
0.000000
0.000000
1.062773
59.707130
0.086943
5.660906
0.012007
13.749068
4.947940
0.281720
5.938586
4.052892
12.231812
16.549980
52356.582031
0.593520
17.722748
0.000000
6.121236
1.297107
1.305686
6.538878
38.161938
0.000000
36.532181
0.000000
4.313968
12.834754
31.776531
1.636192
144.999512
12.249754
29.493607
0.000000
95.645020
0.000000
0.036121
0.155992
49.608967
102.895180
38.019833
0.860457
39.908005
0.000000
0.000000
37.046864
0.660960
5.205089
13.045101
13.571770
10.343753
0.416038
0.000000
0.000000
29.780369
0.000000
302.927673
60.223156
81.335579
0.000000
4.744029
73.883102
0.184892
0.000000
725.289307
0.202214
21.869730
96.295074
4.502746
0.000000
0.000000
0.000000
0.000000
0.108338
1468.238403
0.028548
0.000000
46.072636
16.821499
0.000000
9.856717
0.000000
0.000000
680.468323
0.232170
12.325360
0.406826
0.171983
8.723361
57.995731
1.813870
118.464050
28.452311
0.000000
0.000000
25.102613
10.723508
0.000000
12.113439
3.216809
9.220103
266.672333
0.000000
5.928059
0.000000
0.664623
0.000000
0.000000
0.000000
30.949608
0.000000
0.100796
0.000000
0.000000
3.325903
42.430740
2.998046
3.225848
0.912956
6.945379
0.000000
0.000000
0.417259
5.208978
10.872712
8.917939
98.218575
0.000000
0.000000
7.464716
35.403175
0.611281
0.431133
0.582934
117.063751
0.000000
0.000000
100.252007
0.000000
0.000000
140.257446
3.522534
5.354492
0.000000
0.029410
31.877270
246.880386
0.000000
110.221703
6.781747
0.000000
2.488032
41.514111
305.086334
0.229369
2.659582
0.764188
0.000000
0.250691
2.900491
0.000000
18.423376
0.000000
0.182550
0.000000
23.928568
0.000000
49.392036
0.047804
13.819657
34.241104
0.000000
0.000000
0.000000
23.392864
0.910499
0.000000
1.294559
4.128189
8.106744
0.000000
11.501411
207.890396
5.255834
1.605703
5.861364
0.025562
4.594488
0.063861
264.018707
0.028968
2.977254
13.751241
0.397234
267.107086
0.328016
68.942924
0.474954
111.291908
0.440884
0.000000
2.339172
0.721439
108.587212
4.003580
24.635521
1915.214233
0.005099
15.145123
17.537329
0.000000
0.000000
0.000000
24.552570
0.000000
6.426169
3.327141
0.000000
27.978004
33.025200
0.212236
16.393898
0.000000
37.986702
0.000000
404.439941
151.690552
7.367757
0.000000
0.000000
59.001518
0.000000
0.581279
0.000000
5.402314
383.315033
0.000000
0.859782
0.000000
44.761841
0.000000
0.000000
18.609501
361.413910
2.797845
0.000000
0.046334
37.202156
8.301331
0.000000
0.109423
6.610695
32.003117
36.543701
0.000000
0.982187
0.000000
0.000000
0.000000
0.000000
0.835339
30.152416
0.201097
22.280087
15.884188
0.000000
13.964588
0.000000
8.473802
0.000000
21.869366
0.251799
1.553232
128.917633
4.870119
50.815823
0.000000
0.000000
0.000000
4.981365
4.201548
0.000000
2.357756
0.000000
405.501099
0.087694
0.553298
203.036438
8.234785
3.352148
10.148644
0.000000
0.251705
2.455056
2.236171
97.518509
50.340244
0.459606
43.023361
10.699091
20.010952
0.022432
101.989960
0.000000
0.000000
0.000000
17.336458
0.796120
0.661639
493.589417
70.867004
0.000000
2.693487
0.000000
26.493393
31.287237
0.114308
0.168817
8.295000
11.328021
0.000000
1.477342
17.892344
0.000000
0.000000
0.000000
0.409030
0.000000
0.301029
0.380314
0.000000
26.427509
16.327715
8813.602539
0.000000
1.094373
7598.388672
0.000000
0.903655
0.000000
0.000000
2.108105
309.839050
58.979774
0.000000
21.107531
8.751139
7.890527
0.113551
199.334808
0.000000
1.208760
0.000000
0.000000
30.832636
0.071842
1197.942505
116.972572
115.466301
3.305920
0.000000
3.170086
4.026284
0.000000
0.000000
27.963818
0.000000
22.847080
30.093166
0.275335
3.204501
0.000000
23.764471
0.082417
34.914433
0.865642
11.690702
20.235033
0.003061
7.822603
0.000000
26.287678
407.284180
9.290477
677.760742
53.744083
2.942815
0.000000
0.195607
24.663340
30.552813
0.134972
0.000000
3.937682
26.251003
0.093234
0.000000
0.000000
0.067699
0.000000
0.000000
0.000000
6.668911
0.000000
11.406522
10.693039
0.000000
0.000000
5.149909
0.000000
0.018527
29.592552
0.000000
0.000000
1.071320
3.226167
15.657995
0.000000
0.000000
116.838417
0.000000
7.157017
79.427704
0.000000
0.000000
0.000000
56.523071
0.450459
390.912323
44.846107
0.000000
0.000000
0.000000
177.564774
0.532308
0.000000
0.068624
25.947311
1.578738
24.422754
0.085967
0.069081
0.000000
0.532955
703.991333
0.000000
0.018776
67955.523438
11.648679
0.011666
2.398096
0.000000
0.082709
30.015432
35.529488
0.000000
0.000000
64.902504
0.623304
8.302774
111.330261
257.375061
1.497213
22.972107
42.200462
67.191368
7.457726
79.485443
0.000000
205.369720
97.172043
5.694700
14.015816
0.000000
46.364201
0.000000
4.054680
0.000000
15.656735
21.609573
7.746795
0.000000
8.438961
0.000000
0.000000
4.923126
5.026584
0.000000
0.000000
0.830778
20.297352
78.147835
0.374993
3.293311
792.062500
0.601265
99.938324
0.000000
0.000000
0.730641
10.252023
0.000000
1.203211
8.664761
2.914463
15.766926
0.379285
22.551886
0.000000
19.401901
7.797747
0.950776
0.000000
18.363609
12.048673
0.000000
0.000000
1.030674
41.956043
42.101227
9.853906
18.415100
11.329413
9.320754
6.909440
5.815373
21.156710
0.000000
54.525097
2.346434
49.966351
30.637999
0.406981
0.022780
31.688183
1728.358398
0.000000
15.595485
1.578415
1.609148
1.797840
0.000000
0.000000
10.916682
27.953491
0.000000
347.774353
79.286263
93.412704
0.000000
297.870728
0.000000
2.454339
384.762177
0.000000
106.108101
0.000000
6.059037
4.270644
106.740982
31.965565
81.917221
2.072282
0.000000
0.000000
0.041239
12.956467
0.000000
0.877031
38.229027
55.360424
0.078079
38.600048
0.000000
24.387180
70.846153
0.380582
0.000000
1.789712
32.343678
0.206495
0.000000
0.391991
0.000000
0.000000
23.019205
0.956722
143.773529
0.000000
0.040433
0.000000
0.000000
11.050936
2.993444
0.339945
36.014072
0.000000
61.645821
27.369905
34.987144
249.158615
7.956521
0.000000
0.450633
0.000000
237.739639
816.608093
0.000000
49.439167
7.250166
0.167552
5.982347
0.425966
0.000000
0.000000
0.000000
0.000000
16.384409
32.892548
0.000000
64.097801
35.095646
1.943059
0.000000
0.000000
0.000000
0.898495
0.000000
3.130564
0.000000
21.470135
0.000000
8.403940
0.000000
73.555984
51.288471
983.471497
28.846043
10.964977
1.358564
2.756832
138.674866
0.000000
0.234195
2.402937
0.000000
0.643587
0.660753
4.217747
0.000000
107.789398
37.029415
7.569624
0.000000
2.385962
65.226013
8.449326
4.530496
0.000000
4.269023
7.307992
0.092006
213.282043
0.000000
0.000000
0.000000
0.000000
0.000000
0.000000
0.134292
0.000000
0.000000
131.687698
0.000000
5.574226
2.189418
31.146553
32.434326
45.878738
8.239042
26.802681
0.000000
2.146771
3.649063
0.081436
26.001041
0.000000
0.000000
0.642958
0.000000
0.513825
0.717716
0.000000
0.000000
0.000000
0.000000
319.596466
209.906281
0.000000
18.765701
0.000000
16.588974
0.000000
41.480465
0.524226
0.049297
100.475876
91.371277
1.680785
0.000000
0.292466
45.600159
5.560319
0.000000
48.111305
23.076187
1.840462
0.000000
58.425838
108.630524
0.340604
29.588203
0.000000
0.000000
0.322763
0.000000
0.000000
10.994664
0.000000
11.494059
0.000000
0.000000
69.644768
0.102092
0.000000
0.513758
0.000000
29.103149
0.000000
12.601444
0.000000
0.000000
14.116815
4.946944
0.000000
111.550636
0.120363
0.831088
0.833440
13.405814
17.737734
43.206570
0.000000
0.000000
1.583058
3.949242
13.036660
25.069010
0.000000
9.833258
0.000000
19.198795
0.000000
0.079212
1.497523
0.000000
7.894100
5.475075
0.000000
18.577608
0.000000
8.697550
2.682373
0.000000
1.534101
17.683374
20.430899
0.000000
0.000000
0.063586
4.846860
1.854875
0.000000
0.000000
0.111734
2.744876
0.000000
61.022732
156.119385
0.000000
33.906372
0.000000
0.551983
0.000000
0.106368
1.354241
12.786366
15.296965
51.484539
0.000000
0.000000
5.526287
41.041203
10.966711
13.632328
41.356770
43.978111
0.000000
0.000000
11.356232
0.949569
107.312851
0.000000
238.957031
65.043549
0.026483
0.053544
4.288603
0.000000
24.147909
0.000000
0.092437
0.685637
170.548264
164.818161
97.677162
1.753564
41.679398
0.000000
7.345047
0.740819
0.000000
3.777928
2.029754
0.313677
0.086495
9.202201
2.361401
0.000000
0.000000
0.135639
13.821233
0.000000
14.710197
0.000000
6.853923
48.577778
0.000000
11.855025
14.454843
0.954135
0.812201
50.094566
122.542931
9.654336
0.003243
113.339035
0.000000
2.899867
4.693640
0.000000
104.735497
0.000000
0.767561
0.000000
421.202179
0.000000
305.022064
3.785632
36.973179
78.682716
371.391052
0.000000
24.764746
0.000000
20.142025
0.000000
0.000000
0.000000
0.000000
0.000000
0.000000
16.694788
0.000000
20.043196
43.797779
0.000000
0.000000
10.091154
0.000000
26.839418
0.044045
7.139710
25.041384
14.769571
0.000000
61.705482
0.000000
0.000000
51.908264
17.972292
25.804462
0.000000
1.821217
0.000000
36.433365
0.000000
0.000000
48.648399
657.396362
23.693287
47.417187
0.728324
0.000000
16.836105
2.493134
0.000000
0.000000
2.518564
0.116866
1439.449585
0.000000
20.311325
0.000000
0.000000
45.322914
0.000000
0.000000
125.325401
65.105606
14.634873
3.579970
43.906353
26.394495
1.769804
15.311754
0.000000
0.000000
59.030193
46.972279
45.308647
0.019508
0.000000
32.478577
0.000000
40.171528
0.000000
0.000000
0.661693
11.381924
0.000000
67.745239
1.573614
0.000000
0.000000
1.315629
69.700699
100.888382
4.367254
0.000000
1.431847
83.708694
274.218323
37.760609
626.334229
36.061264
9.684231
0.000000
7.158699
10.576258
544.689270
0.000000
0.000000
1.891059
202.644333
0.000000
133.312820
0.000000
157.060776
126.552322
1.005444
9.097597
7.593688
6.748194
0.405818
15.468726
58.670998
11.144015
0.000000
0.000000
0.465654
597.756165
55.425220
0.000000
3.557956
32.776913
25.410990
0.000000
454.103760
0.673754
11.618475
29.311169
230.551605
0.000000
13.870234
0.000000
1.036282
0.000000
0.000000
0.000000
33.486729
1.692110
0.000000
28.526588
0.000000
21.676382
0.000000
26.525343
0.000000
14.673439
0.727633
2.450223
16.532162
36.859169
47.543129
12.904222
20.919914
34.691582
0.000000
0.000000
0.118172
0.000000
154.782242
12.968846
361.366821
41.769112
0.000000
0.041794
0.990152
19.962849
5.101697
36.630962
13.757158
2.239552
3.768189
0.000000
8.864445
0.789477
1.745092
0.000000
0.000000
0.000000
0.000000
101.865814
100.432014
0.000000
0.752403
7.032880
58.160393
88.967094
0.000000
0.000000
32.456104
23.308418
88.533318
116.050621
9.233498
0.000000
67.100815
2.381881
8.123634
0.619547
7.331387
0.960391
0.000000
6.742455
5.781630
0.000000
0.000000
0.000000
40.504925
33.822750
0.000000
13.763480
1.111365
7.532740
31.892256
0.402504
0.042088
290.947784
0.000000
188.431900
19.983307
0.000000
0.000000
0.000000
4.379890
0.000000
13.861813
3.404993
60.202782
11.905270
17.101360
0.000000
1.296462
0.000000
0.000000
74.689865
0.000000
0.988124
2.282563
21.465765
11.678350
53.886127
97.085342
23.729229
0.000000
0.297888
6.581399
1.078561
21.514391
0.000000
0.803801
38.972549
1.159214
0.037578
1.580842
2.017108
0.882210
0.000000
0.028307
32.772121
5.724426
0.000000
44.632862
0.000000
217.934723
0.000000
42.073483
16.215967
0.579331
2.986402
0.967463
33.040810
41.382816
1.032165
57.975182
1.415753
39.003479
43.888447
5.879653
266.271301
0.000000
8.758468
131.825165
261.497223
204.081543
26.187113
29.100426
11.760359
41.855389
1.030613
27.644665
0.000000
0.000000
0.364932
122.248444
262.814972
8.103048
21.911041
0.000000
210.574539
29.129660
225.375748
17.034033
463.129547
512.750488
1.635343
75.217644
434.606262
0.000000
141.371826
35.781612
0.014059
46.497307
8.359805
0.111701
0.000000
58.890804
0.255542
2.206634
0.000000
0.000000
15.888010
21.513702
0.000000
1749.898438
0.000000
2.559834
21.149145
0.802251
0.000000
6.649331
120.397552
0.000000
6.846229
33.746796
0.000000
0.000000
6.201567
13.089395
22.422016
0.716148
1.175260
0.000000
0.507608
28.908596
0.000000
40.218628
9.932528
0.403660
0.015554
181.382843
0.000000
0.673037
13.895208
0.000000
47.208637
200.362396
0.000000
0.058782
0.000000
0.000000
34.195061
29.174021
64.400673
0.000000
27.566942
1.590949
56.650475
34.183243
0.000000
8.045859
0.000000
0.505472
0.362859
0.000000
85.476303
0.000000
0.000000
0.000000
0.000000
1.076178
21.861952
20.965597
0.000000
27.987404
0.000000
10.879321
16.828596
56.529915
0.000000
0.000000
0.000000
0.000000
0.000000
8.255116
0.000000
0.000000
0.047036
1.051220
8.124269
0.000000
3.705244
0.090653
6.744539
0.000000
55.703739
178.252121
72.270401
0.143544
0.000000
0.000000
0.614744
0.000000
64.582428
15.360571
0.075264
84.145851
0.000000
0.000000
1.248471
0.000000
0.000000
128.529129
0.000000
0.000000
6.826677
0.000000
5.391434
3.460312
0.917690
0.063191
0.000000
165.222427
0.008408
410.768097
0.000000
4.653112
0.000000
64.690331
1.581886
74.655960
0.000000
22.897738
66.805016
17.163645
0.000000
0.718875
1.279049
0.024530
4.883649
1.469635
0.000000
24.697201
0.395008
1.737769
162.188889
0.000000
0.000000
2.399745
0.000000
0.000000
0.000000
44.231281
431.052582
0.000000
12.873738
0.815838
0.000000
21.862801
6.621938
0.000000
260.220245
0.119401
0.147938
0.016106
4.476886
0.000000
53.252350
14.178792
0.332940
0.000000
105.952278
9.578381
34.053749
0.701343
0.397947
24.504690
15.092115
0.005461
5.695264
0.000000
74.158661
0.000000
2.027901
0.356346
11.728441
0.524947
0.850689
1.038716
1.761891
0.000000
0.000000
0.000000
2.122674
0.000000
1.203077
0.280327
0.000000
0.581054
40.988861
0.000000
21.709028
138.659576
3.690533
49.203136
0.000000
0.019531
0.000000
94.469193
24.188009
0.000000
0.303303
18.158913
27.754089
0.000000
0.248939
0.000000
1.632665
0.000000
0.000000
0.000000
58.771759
7.432650
0.000000
0.000000
26.648960
5.052635
0.161925
0.051932
20.255440
23.224112
1.965952
0.000000
10.400194
0.000000
1.397230
1042.310913
22.523642
1.322622
6.294045
0.011859
32.291821
0.066655
2.805829
4.013168
12.664515
30.799080
0.545229
0.000000
743.698242
3.574307
95.120598
4.135066
0.092907
4962.322266
31.437860
1781.681152
208.713409
1.256548
249.569702
30.722452
20.782024
1046.702271
25.889324
0.000000
1.261841
11.615332
19.762453
37.128014
0.000000
0.000000
4.654070
28.132193
19.819471
0.000000
428.093140
248.757095
44.829674
0.000000
0.000000
3719.160889
108.381691
0.081694
7.803295
0.000000
890.117249
0.000000
79.404282
10.368971
13.730610
0.000000
52.424313
4637.013672
12.524607
57.135735
0.000000
0.000000
110.460678
2.926379
1524.095947
9.236109
70.174744
152.947250
39.204247
4.485093
1641.646362
0.000000
0.000000
1172.761841
0.000000
54.444984
6660.708496
0.380310
14.926370
0.000000
0.000000
0.000000
2.491818
0.227333
11.544743
43.643867
0.000000
8.753487
8.264681
16.704748
9.462446
0.000000
46.039055
7528.369141
28.366299
17.242439
0.000000
28.010605
2.545004
0.000000
17.081032
0.886241
15.951947
0.142273
14.951278
0.505921
11.268080
8.153007
1.152775
7.896172
0.000000
13.135562
11.747713
0.000000
0.000000
38.123497
1.005094
1.983658
3.125194
26.511377
6.530776
4.982631
28.287008
0.000000
10.360124
750.412476
11.656783
0.000000
1.176689
17.418863
0.145198
7.185519
1.500626
1.019304
0.383133
4.770803
0.000000
0.000000
5.581393
8.251143
3.188564
0.940819
24.421129
281.356659
281.458771
52.766365
7.727256
0.637355
16.802748
0.000000
31.344904
207.431519
2.508829
18.297041
145.011475
0.000000
0.212306
4.581136
0.069899
0.000000
0.124918
0.000000
0.627252
11.492856
21.223106
0.000000
0.000000
56.963089
8.259002
0.216303
0.000000
6.897477
0.126677
0.020258
0.462618
0.000000
0.000000
0.000000
1.388960
0.062272
14.054252
0.000000
65.013840
10.962898
0.000000
15.983154
0.000000
0.392652
0.000000
31.642931
0.529001
0.557052
0.000000
84.827820
117.075127
4.629903
579.706116
333.694031
14.241777
115.025383
0.057559
55.688911
3.556786
3.509302
113.844543
7.682485
0.097647
22.644709
5.672876
0.434136
177.828781
0.000000
0.259495
0.479077
0.109504
0.000000
0.636023
3.587097
58.017971
0.173203
0.000000
0.000000
0.000000
0.000000
0.000000
0.021999
0.000000
0.000000
79.616913
1.210620
1326.280151
74.796379
0.107505
0.000000
0.000000
0.011435
34.604763
22.087025
0.000000
67.932434
26.576605
0.000000
2.925775
261.355438
29.577932
28.600775
0.000000
2.795808
512.890625
0.000000
0.021114
2420.630371
0.165961
5.285728
38.224857
0.373674
0.087487
0.000000
86.186859
2094.640137
0.024401
0.000000
77.157028
7.761389
8.539396
0.000000
2.294625
2.131855
0.045242
5.287029
7.029775
13.720575
0.000000
0.000000
43.874321
24.588093
91.500374
17.670792
4.606658
124.364281
4.727390
1.730167
8.029862
2.152044
0.146268
0.000000
52.777500
38.043880
0.000000
8.062443
5.167964
0.945084
1.999891
8.144366
0.000000
156.622589
10.397573
0.000000
1.185893
13.912810
9.590433
63.099075
9.975178
24.476521
66.472588
78.807953
1.953473
40.588135
0.000000
21.459816
0.000000
100.444687
17.628323
181.967987
0.026333
13.568787
3.570106
0.700275
29.788399
12.877489
1.489364
0.000000
23.550423
21.831367
0.734091
0.000000
0.549788
0.000000
0.039973
0.000000
0.000000
503.945313
5.794459
2928.132324
3319.805420
0.000000
49.112965
8163.709473
2497.474854
42990.582031
0.295293
0.000000
0.000000
0.098378
0.080662
0.000000
1.034786
0.000000
0.000000
0.000000
0.000000
0.000000
0.000000
0.000000
0.000000
0.000000
0.039913
5.526887
0.000000
0.008098
391.316772
28.781549
0.000000
0.000000
12.418207
33.138977
0.000000
3.219854
6.736252
8.271439
231.321289
6.881837
202.611526
0.401885
2.223063
87.283432
0.606462
9.183405
0.000000
45.920155
1.689637
143.768402
431.684784
8.324039
0.000000
0.374285
0.000000
7.406091
0.167124
1.130175
0.000000
4.113303
14.749546
27.466684
12.080024
12.003978
0.240419
9.313077
95.166412
0.765401
0.000000
0.000000
3.332109
0.947810
0.000000
0.000000
16.337261
32.608788
4.936675
0.000000
0.000000
0.000000
0.613407
0.064191
0.000000
2.294069
21.288687
31.316191
61.406269
0.000000
15.196408
0.000000
0.000000
152.676437
5.858531
7.609840
0.000000
0.721153
4.570248
0.671685
19.996376
0.000000
0.466843
0.361204
2.666565
0.320320
6.233494
164.458984
1092.030884
0.942151
0.000000
212.689240
22.097109
19.818413
0.052190
68.172081
0.000000
0.000000
0.000000
22.249777
0.000000
0.701283
0.000000
85.478432
0.000000
54.789753
31.902935
0.027812
42.209415
15.991261
7.186143
0.256794
0.000000
0.000000
24.963251
123.549271
0.249680
0.000000
0.000000
2.629844
14.085316
0.000000
3.074225
24.962061
41.619991
0.000000
0.118954
2.047379
0.000000
15.508899
15.209282
0.000000
210.982086
0.000000
0.694066
18.766396
14.592138
11.584647
0.187072
12.581630
326.138824
0.000000
3.302966
25.410841
3.611033
3.328427
69.141014
0.571021
0.043017
12.476189
40.749969
88.195969
0.000000
0.000000
23.618011
1.075992
27.233322
1.476541
0.000000
578.565979
7.623728
0.000000
0.891782
0.000000
0.703466
0.112559
3.863981
0.000000
1.578397
0.155162
0.504926
0.000000
12.512874
0.000000
1.826186
145.234482
0.000000
0.000000
0.009730
0.000000
0.000000
0.000000
21.048822
6.593343
3.333012
17.236229
0.000000
7.208459
0.063441
13.002339
67.036194
10.300570
31.369301
0.000000
112.707664
99.615501
3.033362
0.279925
0.997261
20.464224
0.000000
0.000000
2.933194
25.364481
0.634361
0.000000
0.000000
11.486355
10.937292
0.000000
0.000000
29.168291
3.757164
1.004707
0.866528
1.472619
0.000000
0.658362
0.000000
0.390402
2.734757
0.000000
1.389977
21.029114
20.657835
2.496012
6.459020
90.621696
39.557064
0.000000
17.244244
75.905205
35.744705
10.405260
0.000000
0.280670
1.805326
1.210625
15.698750
4.832943
0.000000
0.000000
0.000000
0.000000
0.000000
35.971771
0.000000
11.189394
13.184030
6.751342
2.508128
1.976153
19.018789
49.750671
35.811050
67.341263
11.314551
16.206354
24.946400
63.084408
25.196350
12.435040
70.312141
0.042354
3.094673
7.867208
12.582075
3.449337
11.075501
6.925914
10.479432
0.000000
0.000000
1.154427
416.372742
3.503387
0.000000
5.755301
0.000000
29.583916
6.730203
0.000000
0.000000
13.971654
17.239008
70.157784
36.742058
12.514451
4.154816
66.870636
0.000000
0.000000
4.646797
0.000000
0.081155
0.072381
2.921187
0.000000
0.493894
1.345871
6.965066
0.398462
15.444970
0.000000
0.000000
14.552039
68.049355
77.420715
0.583756
0.000000
29.191534
0.000000
0.000000
550.015015
0.000000
0.000000
0.000000
4.411731
0.000000
2.046743
1.146909
0.000000
3.296474
0.191330
0.286826
0.000000
0.267788
0.178689
0.000000
1535.222412
0.894871
7.137765
31.934975
1.398152
269.470184
0.000000
561.981262
0.000000
0.000000
51.025566
4.531484
2.305799
10.755188
25.959290
97.968811
0.000000
8.351871
0.456343
0.000000
0.000000
4.172661
1.495339
0.000000
2.459197
0.000000
0.000000
0.000000
4.728448
1.616911
0.788208
4.289602
2.583417
2.091252
0.424701
0.000000
100.644188
0.000000
0.000000
0.000000
0.000000
0.808031
0.000000
0.656485
5.133588
0.000000
7.148578
15.881331
3.518733
902.000549
2.299759
399.791473
0.000000
0.388045
6.849672
3.122180
1.758853
37.960159
10.484581
23.030987
0.000000
0.000000
0.000000
0.000000
0.000000
0.000000
0.852562
0.000000
0.000000
149.629929
31.403244
1.954704
0.495259
2.831862
0.000000
11.561155
36.934093
136.644211
0.468693
0.058910
0.046028
0.000000
0.045790
42.920815
2.976879
3.375051
4.640983
0.000000
3.811119
0.040678
6.509044
1.617398
0.789354
54.685955
0.000000
0.000000
8.878403
41.610344
22.831247
0.035019
163.527451
53.191788
136.714996
2.458593
10.219667
0.000000
0.000000
0.000000
3.625172
50.980244
0.075991
1.342125
8.672681
0.000000
0.126284
28.131638
21.479654
20.968336
94.181458
0.463869
17.716114
0.000000
48.847179
1.435026
7.966694
72.377823
295.225891
0.000000
7.119649
0.423497
4.173974
0.000000
31.192213
42.999828
0.210465
0.000000
7.194262
2.140081
0.222979
0.000000
0.134130
2.242866
26.728777
13.511482
1.036334
25.514879
0.093286
11.914443
0.000000
36.430367
0.000000
0.000000
820.590454
0.105516
0.000000
21.827194
8.940011
0.000000
0.000000
0.000000
11.874526
7.351136
101.223701
0.065739
12.499129
21.564869
63.028507
0.000000
68.195869
0.126015
16.135059
7.115731
67.853882
19.025602
23.934729
4.998604
3.400657
0.000000
0.453620
57.628658
4.588917
0.000000
14.335936
39.303398
12.173123
24.959929
27.716398
1.823688
3.812258
0.843627
0.000000
0.000000
7.064067
21.596451
19.568987
108.479721
1.680279
0.000000
0.000000
32.958710
243.567932
240.967545
17.005579
0.000000
3.080658
0.000000
541.354431
40.189266
11.420335
12.570771
0.000000
0.000000
1.147903
46.979298
37.428215
53.974640
0.000000
120.854271
8.104793
0.000000
21.938059
0.000000
4.184164
0.000000
0.167229
448.231323
430.255768
7.223749
27.635607
0.000000
15.443239
0.000000
13.945210
0.000000
7.528666
39.844658
10.772579
13.776819
8.408654
66.298752
3.600085
4.869608
544.855408
0.000000
0.000000
0.140510
5.356862
0.000000
7.996363
7.847307
55.893440
25.479038
135.138718
4.897972
11.349774
0.000000
264.093445
0.000000
0.602357
1.484490
0.121270
18.808481
15.759483
180.581039
139.594696
19.678658
2.279302
0.000000
0.000000
1.372024
11.234734
19.211929
0.000000
0.000000
0.000000
0.391708
3.962613
237.980240
26.383179
0.435215
0.075057
6.761272
0.000000
2.103440
0.984950
5.469428
385.102783
14.851883
0.182386
156.352402
0.000000
0.000000
0.000000
160.210861
0.704248
0.000000
6.607850
11.918354
139.239944
0.000000
1.356923
0.000000
330.177307
11.398250
90.463638
1.272233
0.000000
19.931301
0.000000
353.211914
0.287047
33.031387
26.287109
38.313324
0.000000
0.000000
0.000000
435.273834
8.760606
2.051169
58.081890
1.239369
0.000000
0.000000
15.668321
0.000000
68.147263
0.000000
0.000000
21.469091
1.110168
10.290657
0.000000
0.631814
11.480372
0.169662
11.287273
2.565856
242.675552
164.295319
0.000000
5.747791
0.000000
115.531967
81.839241
0.000000
11.024100
1.220574
0.000000
0.000000
0.000000
33.828297
0.011408
0.000000
0.000000
40.390987
29.159052
15.895296
156.591919
4.656538
0.000000
6.858621
0.000000
41.092480
0.000000
0.350942
54.177738
0.000000
0.000000
1.884091
1920.077271
37.049324
32.350842
3.420822
0.276367
0.000000
0.000000
0.000000
6.077516
1.944032
158.757706
8.731771
150.262283
0.402406
32.760963
0.000000
1.298124
6.360251
0.766373
0.155650
767.423706
0.000000
6.163511
35.739498
37.951469
0.197273
202.707901
29.856253
0.000000
196.821991
21.922112
0.000000
0.757220
2.498253
10.384484
0.552879
0.000000
0.000000
3276.305420
300.886810
3165.054932
179.282974
0.000000
124.643372
3.094153
28.347567
0.010948
0.040524
0.000000
0.000000
815.312683
0.000000
0.000000
0.000000
0.530707
2.597406
91.916862
571.684570
20.477083
2.366617
0.732832
0.000000
2.321930
0.000000
1.960648
2.062151
0.000000
18.717604
0.000000
0.000000
8.479486
48.436199
0.000000
0.553534
134.160416
38.682827
0.536311
0.000000
3271.984863
2.391003
2.886490
39.504223
0.614049
524.651672
2.696625
56.664375
49.429958
209.837082
0.000000
0.252404
23.890387
4.935980
336.987488
3393.553711
179.353714
0.000000
29.726254
0.000000
0.000000
9.951417
15.116826
0.000000
65.290268
310.834015
14.874742
27.489668
2.163240
7.569608
494.703033
0.000000
79.976349
0.000000
6.835042
1.822528
98.685509
12.096347
0.702499
368.161469
0.060632
4.380828
0.000000
53.288551
0.000000
16.426165
1.563288
0.000000
7.114941
66.490417
2.701276
111.159554
13.958457
44.511505
27.399042
60.223103
11.291026
7.203028
11.542426
26.397253
24.971754
0.252029
0.000000
38.473824
88.826782
27.277811
6.774786
0.000000
36.368969
0.047743
0.000000
0.000000
0.495041
0.273378
0.000000
0.000000
37.560055
8.135124
276.275574
13.195017
0.590559
0.343234
435.148041
0.000000
0.354385
0.528400
0.000000
0.000000
10.502137
93.871475
0.000000
1.476298
0.000000
21.274723
18.225309
87.519951
22.065706
0.113114
37.257504
1.024624
237.189728
9.280189
11.329595
1.169249
7.261205
0.000000
3.976190
0.000000
18.810572
0.000000
20.879021
0.000000
6.683293
66.831970
26.492189
0.000000
0.000000
0.000000
23.555735
0.000000
10.152781
1056.190308
598.268433
1384.833984
0.911963
0.014605
91.944534
0.000000
171.724457
0.000000
0.000000
2.791667
0.559334
50.074272
0.000000
37.710880
0.011919
0.000000
0.264166
9.169704
0.000000
0.000000
1.284337
0.000000
2.058217
23.717720
0.061427
12.878826
5.329928
7.335675
3.647732
23.144726
0.037231
0.000000
16.581652
0.000000
0.000000
0.152459
0.000000
1.011126
257.405273
731.422302
13.298384
0.444989
22.507534
4.934471
0.000000
91.692162
382.307037
1091.999390
0.134977
11.142429
0.000000
4.249091
0.000000
0.109943
56.654922
63.940838
6.169422
0.000000
4.903311
25.338593
0.086330
19.497503
0.000000
29.552813
12.996540
3.380964
0.000000
0.820963
2.549684
0.000000
34.329193
27.406527
15.406859
15.214134
25.880301
33.907616
53.758717
29.555428
4.305286
0.000000
47.990829
0.000000
11.874172
2.947227
34.787724
387.376129
31.127218
2.771443
3.275657
0.016776
18.551300
0.000000
0.000000
0.043283
6.399159
9.099595
78.611214
0.000000
9.543142
0.000000
0.000000
2.259402
49.455383
152.353882
25.888720
0.315949
0.000000
0.000000
0.000000
63.664459
0.026333
11.655182
3.598521
103.566116
30.027632
0.403842
19.195499
0.000000
20.649799
0.376352
0.095682
16.574823
29.207556
1.253959
52.956947
3.332489
4.641017
0.095226
2.977091
0.000000
51.290951
123.843811
0.000000
0.141226
2139.667236
0.000000
82.321358
34.330669
34.952507
44.404911
23.646029
1.555996
0.000000
0.800279
0.000000
0.000000
0.000000
0.000000
5.019952
0.000000
0.058426
0.000000
25.359299
3460.338867
0.000000
29.788319
107.128754
5.830409
4.477876
1.496708
1.594850
7.984985
518.435608
14.503142
0.000000
0.517182
0.247908
12.184725
0.000000
5.762867
9.943309
0.372523
60.205891
36.977654
0.785532
0.222079
0.389058
30.465986
3.327667
0.335418
0.709895
18.901794
0.000000
5.489995
0.486389
7.319258
57.897774
0.000000
103.153816
68.600296
0.000000
22.252541
0.252844
0.086633
0.000000
4.816869
39.794510
10.580373
22.795010
137.341385
36.951630
5.239500
0.000000
0.000000
0.000000
298.865448
14.998034
0.120387
0.000000
0.000000
0.788474
1.529017
1.019764
0.000000
0.000000
0.000000
0.000000
49.534653
69.706818
0.618166
4.999877
12.715828
10.213761
0.000000
13.066254
15.178537
0.000000
28.070379
139.908768
4.268494
0.000000
0.000000
0.000000
0.000000
85.799904
0.324419
0.000000
0.000000
4.344942
63.187477
56.388481
0.728047
10.615002
13.322883
0.040668
1.208850
0.437063
0.329558
114.987686
1.605962
19.767294
0.000000
0.000000
0.026923
0.000000
0.000000
0.393348
0.508473
0.000000
5.053276
0.000000
1.247374
0.000000
0.000000
194.706284
1.886750
25.218321
30.398149
92.618172
0.000000
4.552609
378.341400
427.736328
46.437721
3.209723
19.154329
0.000000
0.000000
24.866957
7.377594
0.000000
0.099339
25.314558
27.419201
1.664242
6.582510
0.000000
0.000000
484.126160
54.361191
0.441768
0.000000
0.000000
10.938163
1.417950
1.194763
0.630792
0.000000
0.000000
3.995893
0.000000
0.393510
1.336003
0.899353
0.000000
166.865356
1.253294
0.435058
8.360843
0.000000
42.868111
0.241035
0.000000
0.000000
10.735257
62.090370
22.696701
0.000000
0.590097
72.907646
0.000000
0.000000
0.000000
1.874092
0.000000
0.636027
2.288222
10.209316
0.460991
2.126100
0.000000
0.000000
2.623858
54.657040
58.130695
141.868164
1.402155
0.068479
0.948164
0.126997
0.133361
1.754638
0.076546
1.841253
0.343234
1.199109
0.686468
0.147049
3.339350
0.696160
0.889312
0.597631
10.286084
3.632100
0.072381
1.403981
22.570215
13.485819
20.319439
0.637882
13.956572
0.000000
0.100682
2.568991
20.664961
1.260015
1.780561
1.388148
3.047008
15.681155
0.000000
0.471264
0.370547
0.454825
0.652509
0.000000
0.545156
0.909649
2.209148
0.453769
0.628633
0.460176
0.042655
0.389850
0.255737
0.272578
2.153531
0.067814
0.237315
0.000000
0.000000
0.000000
0.000000
0.000000
0.000000
0.000000
1.724967
0.000000
0.040375
0.000000
0.000000
0.000000
0.000000
177.151627
62.277622
114.672112
42.071846
884.707825
138.717316
0.000000
146.527695
26.127392
40.226089
0.000000
0.000000
0.380689
10.622516
574.301514
18.825586
0.000000
0.000000
0.000000
21.612434
1.536206
27.614668
10.794867
5.766390
57.555458
2.720205
0.000000
5.928038
1.325176
26.276230
6.371129
0.000000
76.421814
135.072433
33.410381
4.113017
0.042149
14.520918
3.235333
0.000000
64.305969
230.357910
6.566625
16.298290
0.000000
0.000000
18.431505
21.932482
4.424010
2.758787
0.000000
1.352142
9.244204
0.000000
0.000000
153.358017
13.680613
0.000000
47.376842
0.439639
0.000000
0.000000
0.000000
3.650524
53.882111
4.283342
69.633682
1.390762
10.237370
1.824828
0.687868
4.122381
1.044457
45.488033
0.000000
18.195568
0.003073
0.984382
0.354659
5.145284
0.000000
1.160284
1.026489
0.000000
9.094489
7.275407
5.290031
0.517858
2.592710
3.223362
800.179199
0.000000
1.334258
2.203202
1.511502
0.000000
0.000000
6.411317
44.414738
1.534512
4.106093
10.396574
0.000000
0.000000
1.119265
0.000000
85.556816
0.000000
467.793335
303.114532
0.000000
0.030627
47.209797
0.000000
0.837956
138.268677
0.000000
2.300551
0.000000
0.000000
0.339172
7.971600
6.141694
10.362095
1.280917
0.000000
0.000000
1.867160
0.000000
3.083810
0.000000
154.860291
3616.887695
4.443409
20.090622
0.000000
8.211457
0.000000
15.700065
0.000000
0.992252
0.000000
189.987854
0.000000
65.365868
75.352577
0.000000
53.070351
9.250675
16.303698
0.000000
0.000000
38.533447
0.000000
2.004706
8.271280
0.000000
3.337392
1.074190
287.055542
1.692774
141.730911
7.565340
1.906040
3.105965
142.974533
48.361286
0.000000
7.285258
96.949364
4.275084
0.000000
298.584564
0.571607
0.000000
1.795716
0.554937
0.000000
0.000000
0.000000
9.006794
101.886597
0.000000
0.000000
0.000000
0.000000
0.000000
7.532269
10.541004
0.000000
0.453739
143.806808
50.349964
0.000000
0.193364
0.000000
29.180801
0.000000
0.000000
49.027256
0.936800
0.284767
21.186321
0.000000
0.000000
15.624280
0.000000
1.868696
2.461841
15.541449
9.080151
0.000000
0.803299
44.657097
67.272896
2.261217
0.825418
14.552875
15.973217
11.949141
19.619997
26.219362
0.000000
123.961983
0.844150
66.469566
3.165184
0.000000
69.628929
0.000000
0.483144
90.766182
2.927972
2.650957
45.002026
6.120295
48.940025
0.136068
0.000000
0.000000
2.286703
45.827946
0.000000
0.000000
0.000000
0.665029
2.034358
4.346418
1.450294
0.000000
1.572694
92.742729
8.008425
1.040731
23.110676
0.000000
6.128760
505.378082
1.362969
311.118378
1714.624390
0.126839
30.821165
0.000000
998.739685
60.883301
0.349625
13.588592
9.192999
1.031053
0.349240
4.810809
133.833817
31.340366
0.000000
677.206543
52.128841
0.000000
0.000000
0.088234
0.000000
43.114780
0.016884
0.000000
5.175505
45.731499
0.059859
0.786481
0.215181
0.000000
91.346581
0.000000
22.059076
0.985510
25.929787
3.106998
3.764370
6.530095
4.187339
21.786945
0.000000
25.250523
0.015326
147.728851
0.000000
0.385206
173.268799
246.654770
17.445595
0.000000
0.000000
63.526676
220.608398
0.000000
0.000000
0.000000
4.283000
56.530117
0.000000
89.146545
0.000000
18.795126
237.448746
11.072767
110.191727
24.424664
7.226539
0.000000
8.429088
4.928894
5.789207
0.000000
0.000000
5.869422
0.000000
0.000000
0.000000
0.000000
1.203153
0.197844
3.736888
0.000000
5.464557
17.432301
18.908293
35.565712
0.000000
0.000000
0.427532
1.598301
0.021913
0.000000
66.093163
0.000000
160.146515
38.727085
65.285561
7.266313
363.919861
1.170232
0.000000
0.000000
0.000000
0.000000
0.000000
0.000000
0.000000
14.200123
0.000000
0.000000
35.462666
0.000000
0.000000
67.781250
17.461187
50.170769
21.184929
0.551780
0.061881
92.275192
1.251945
0.000000
22.677942
10.199046
27.335445
265.272247
0.719824
1.106559
8.360597
1.899612
0.000000
0.042879
0.000000
0.000000
0.000000
18.940527
1.930431
0.000000
4.561110
56.743996
13.450548
0.000000
8.004238
0.000000
1.085077
0.000000
0.000000
11.002041
0.172132
1.570235
121.323189
4.510442
0.000000
456.508087
22.232080
108.739059
27.033424
0.000000
13.632141
0.996744
712.604248
5.678392
2975.348389
333.922577
0.000000
4.155282
8.904377
0.000000
24.377422
10.825521
285.875977
22.143827
4.208586
7.635183
90.986382
0.000000
0.000000
0.000000
12.360656
0.000000
545.143555
0.201299
0.000000
19.699390
0.000000
10.859368
0.000000
21.708206
26.123714
0.000000
67.434906
0.000000
0.411922
0.000000
0.000000
1.093171
0.000000
1.151562
0.000000
0.000000
26.428070
40.077415
3.046785
0.000000
22.950203
2.865477
48.557060
0.000000
6.513303
14.352148
25.701654
44.976852
0.758156
0.000000
0.881257
0.000000
39.100792
0.000000
36.506599
43.647316
1.057502
1.021598
30.462048
0.968986
3.579038
4.553925
0.575431
28.499805
0.000000
0.000000
3.102106
0.000000
0.000000
0.000000
6.751208
3.766309
1077.951050
1.929134
342.157745
357.311401
610.547668
0.000000
40.492306
9.157434
3.859462
0.000000
1.110617
25.962383
0.000000
8.520744
5.429411
0.000000
0.000000
13.432509
10.843969
80.062851
0.029577
4.182144
106.578430
57.802551
151.216599
4.809602
0.029859
9.377554
5.892287
0.000000
0.902873
0.085553
13.243602
0.021492
524.358154
16.823534
2.201814
2.309410
0.000000
0.000000
0.157878
14.282271
1.767993
47.156075
0.000000
3.491538
5.724351
56.147926
31.788956
27.913822
18.237965
210.998398
20.466366
9.867910
24.923698
0.000000
74.229782
28.318060
53.655869
20.333122
22.245916
0.000000
10.432080
262.044495
40.581276
111.921967
0.000000
19.882328
201.235687
111.034821
3.752896
6.957563
0.000000
2.428139
16.847052
10.690348
0.000000
20.686428
3.903029
1.682790
15.372736
0.951250
0.000000
0.000000
0.431256
19.790823
0.000000
2.663959
46.481995
19.217402
0.438971
0.000000
68.445137
52.038097
9.554338
929.328857
0.000000
0.000000
1150.881714
0.000000
45.414532
0.000000
0.463962
0.000000
4.252038
1.725783
0.000000
0.000000
451.020569
217.140976
4.245813
0.636923
0.000000
349.243927
0.000000
0.000000
0.000000
0.742181
0.000000
0.000000
13.327880
119.267868
72.828934
0.000000
0.000000
0.792175
0.000000
2.826978
0.000000
0.000000
0.000000
75.501213
200.423584
0.000000
14.771751
0.245514
0.000000
32.948559
426.217987
7.427578
0.000000
20.741091
17.769556
0.123127
1.829564
0.000000
0.000000
143.849594
167.292953
0.216454
29.576023
0.000000
6.552527
0.336010
16.383686
328.321808
0.000000
0.000000
0.000000
0.450068
9.497225
0.478820
0.193938
40.801765
0.062944
0.000000
16.023539
0.000000
0.611986
1.037059
0.000000
12.149436
0.000000
0.000000
0.324405
0.000000
9.889647
0.000000
22.903641
7.075625
0.000000
81.303490
60.755081
61.528393
16.383610
0.000000
0.000000
16.746880
0.000000
19.389360
0.000000
0.000000
1.935171
0.503113
0.000000
0.000000
16.035244
0.000000
0.000000
15.244337
153.740158
53.175629
0.033449
272.547211
11.265392
0.000000
13.298891
23.267220
2.869323
0.000000
0.000000
4.692322
0.000000
6.562641
0.653549
18.770639
0.997110
20.527176
0.609155
5.044813
0.405292
0.000000
0.000000
0.000000
0.038056
273.044800
34.575504
0.000000
14.738182
0.624011
31.294493
0.000000
8.853127
0.000000
10.025887
2.583280
41.323063
6.538397
0.000000
57.335842
169.143234
0.720919
406.133179
19.537788
2.863681
1.886416
0.000000
0.000000
67.329872
0.000000
33.309185
65.133865
0.000000
82.972336
0.000000
0.445907
278.794830
3.546012
0.382844
0.000000
4.945764
6.383255
2591.877930
137.191116
47.747215
9.681996
12.199252
8.533104
0.207493
44.903347
0.000000
2.347750
3.248734
69.733734
36.450829
0.000000
0.000000
145.525406
0.000000
3.867428
17.643253
52.906570
5.941707
0.000000
0.226537
7.338159
100.238037
8.072812
0.000000
0.140026
15.127024
11.460037
185.889526
20.607494
0.523057
2.865461
1.693475
9.774137
0.000000
0.678547
5.626713
12.565829
0.000000
2.386472
26.182665
29.002609
119.286644
7.129930
10.828099
8.700397
11.651478
145.768677
2.491565
0.000000
34.607338
0.000000
0.000000
0.039322
6.658102
10.247911
0.000000
0.000000
0.510957
11.793284
1.429130
36.106216
253.845230
0.000000
4.497602
6.962043
7.871814
0.000000
21.401052
0.000000
23.179516
0.263798
0.072552
2.383520
5.609945
15.032642
18.707796
90.674446
4.865834
0.000000
0.023558
9.662133
77.735283
0.000000
21.168871
0.172265
14.744616
0.065087
0.290417
861.879333
0.000000
77.578232
6.410847
45.414459
22.915838
13.058210
2.603025
0.000000
2.218759
7.834077
5.865797
0.607290
21.797024
50.236736
113.658310
0.053933
9.346402
17.051867
4.416508
2.968300
1.600737
30.837616
0.000000
0.000000
15.769755
0.000000
2.259091
18.837557
158.784897
0.728529
0.390174
0.000000
2.225326
4.429236
0.011902
2.209799
19.249578
0.292384
31.591415
0.258193
0.000000
16.910576
2.019913
0.884890
0.000000
5.735605
19.783644
0.000000
6.015840
14.257742
0.000000
0.000000
45.746464
3.743844
54.731586
0.000000
0.000000
0.013883
22.419147
99.521309
0.000000
0.000000
174.946869
5.569185
0.000000
1918.265015
55.810646
144.086639
0.361589
1.714237
57.002907
0.919944
36.231010
111.265717
0.000000
0.632867
20.888739
0.000000
4.095637
16.056990
290.538574
107.095818
650.031433
0.938651
0.000000
13.874220
72.157318
14.889325
6.021205
23.924696
0.000000
42.258400
0.000000
81.083862
0.000000
10.029999
0.000000
0.463332
4.696457
0.000000
62.342476
2.881229
0.000000
49.683807
39.661140
0.000000
0.000000
1.751735
0.144510
17.336088
46.345486
0.000000
0.000000
8.812859
0.000000
0.000000
3.505948
6.113136
36.003876
53.416267
0.000000
10.132029
7.234838
10.831548
0.000000
0.000000
0.000000
139.976151
6.446736
41.109722
0.000000
284.724976
0.000000
10.884203
0.000000
0.335628
91.714767
1.986515
28.585541
36.000336
0.887185
12.496583
0.000000
0.000000
29.106699
0.000000
48.477051
12.039950
0.000000
0.191508
0.122519
0.000000
41.918724
0.000000
11.324614
0.000000
49.083755
70.100975
5.242218
0.000000
0.709118
0.000000
0.200161
26.731642
0.000000
1.393788
0.000000
0.000000
2.110546
94.970001
0.000000
0.000000
16.208445
0.626284
141.403214
37.706974
788.044678
43.178497
0.018423
0.000000
0.892065
0.000000
0.000000
0.000000
5.364786
17.431747
1.952992
14.707162
384.318848
1.350680
24.295683
38.268772
0.029034
20.149645
0.000000
3.506204
123.663971
30.212765
46.042431
0.000000
57.717934
20.914890
3.877587
37.997452
0.000000
4.249653
37.731277
0.000000
0.000000
119.288109
0.000000
0.000000
16.920111
51.101234
582.344543
6.618277
9.237493
10.369102
0.000000
158.624084
16.678158
1.338854
0.000000
4.032180
216.347031
96.082764
0.000000
0.000000
38.187149
0.000000
0.173612
639.785522
101.821556
0.000000
47.919884
11.500090
0.000000
7.451814
23.068256
0.000000
154.008057
56.273033
0.000000
0.000000
7.693195
0.050477
0.000000
0.000000
25.911686
0.080459
0.156303
1.152290
254.935959
56.725128
0.000000
0.000000
0.021525
0.000000
19.347008
8.129727
225.946259
0.000000
88.733299
0.000000
0.014905
1.163165
18.006557
0.000000
0.082235
5.910828
0.112051
4.654139
0.494112
0.671548
80.690880
45.218540
3.272909
0.000000
0.000000
0.000000
0.000000
0.245265
18.320374
0.374298
26.222013
173.275742
0.000000
0.447934
0.440949
13.984819
50.442535
36.989700
15.873404
55.650833
0.000000
0.000000
0.000000
297.722992
0.000000
0.000000
7.357706
0.557281
17.029093
1.473428
0.000000
8.553422
0.000000
0.000000
0.000000
0.000000
0.955004
2.451053
0.000000
3.768777
0.392923
0.000000
4.795403
145.366211
217.438812
124.104378
61.054539
0.000000
14.000277
39.166313
0.285580
0.000000
0.388963
3.668586
37.902550
2.905476
74.317307
36.301502
0.937922
0.197439
0.000000
14.585807
0.000000
0.000000
43.755222
0.000000
11.473198
1.539164
8.089417
0.854850
26.184944
9.489573
3.002142
0.000000
0.000000
0.000000
0.000000
127.491142
5.724495
4.285515
377.774597
10.118461
32.974167
46.211727
173.703934
30.058538
0.000000
45.574421
38.609058
9.274043
1.830873
11.151449
0.000000
291.251648
0.000000
0.254239
1.623549
0.000000
61.706635
7.017663
0.000000
0.000000
0.000000
1.181566
23.954035
0.702035
3.070511
91.170807
5.202127
26.478931
1.609471
8.759349
2.179146
453.970398
0.000000
100.934525
0.000000
21.609352
0.000000
0.000000
494.378448
11.224635
0.000000
0.000000
29.697954
0.000000
6.688174
2.576119
3.757457
0.000000
35.357681
0.000000
24.444181
0.000000
4.642110
15.638723
13.111106
0.000000
0.000000
45.063137
0.000000
193.666733
26.384920
3.742370
130.026230
0.000000
4.378649
0.000000
0.079023
6.570781
0.000000
8.017422
0.000000
3.551202
1.986160
18.824697
0.000000
0.000000
6.608831
8.992185
338.452759
2.187413
0.000000
7.199760
274.166748
0.000000
0.000000
261.721771
193.937302
0.000000
0.000000
1.070926
0.000000
3.292370
28.463905
12.090552
0.000000
10.406515
14.405099
18.941772
38.033913
0.000000
0.000000
5.756452
2.302198
42.293385
0.000000
0.000000
7.154981
0.000000
16.987495
1.115694
0.000000
67.336678
94.018372
0.000000
1.513855
0.000000
0.000000
14.258446
0.333437
5.368787
0.134108
38.877518
1.501959
1.850620
22.730566
122.733238
0.000000
0.000000
14.862675
13.769241
202.028381
48.783714
17.297564
0.086498
0.213861
0.538269
84.223419
1.496430
1.594314
1.913145
10.041672
5.780991
1.176389
0.000000
0.000000
160.969910
0.059047
20.390392
921.176453
21.262749
2.446632
11.651651
0.000000
1.753475
39.395905
2.255923
2.302637
0.009892
27.983711
0.000000
0.161942
26.843813
0.000000
2.076945
0.000000
0.000000
0.368938
1.110945
1.097169
0.000000
186.149521
0.000000
0.000000
54.349895
0.000000
0.000000
1.933578
0.000000
0.548366
6.053596
5.835327
2.502353
0.000000
0.000000
226.711044
0.470069
4.478946
0.000000
0.157760
0.000000
0.163056
0.000000
0.000000
31.398212
10.248038
25.885290
0.028281
0.000000
3.674015
472.087616
0.000000
53.578560
0.000000
8.351325
0.000000
38.085037
50.121014
3.784673
1.721335
85.176888
132.783722
5.798847
0.000000
106.540199
8.858315
10.691089
29.975515
2.499492
9.931698
203.178787
871.638000
16.767439
0.000000
2.503931
0.377053
35.800453
8.080876
0.000000
0.000000
121.838081
2.363932
12.457733
67.323128
0.000000
0.000000
0.000000
11.756550
0.000000
1.419384
176.661758
0.433557
0.000000
154.923660
4.267557
0.000000
0.000000
15.123568
88.126137
398.060791
0.000000
0.000000
26.940130
19.869259
103.131584
0.082627
0.009107
37.600044
0.502112
0.000000
0.396397
294.694458
1.987822
0.000000
15.890920
0.039842
0.183380
0.833817
0.000000
207.863419
7.218796
0.000000
8.885509
24.908033
69.953262
161.890198
0.000000
0.000000
0.000000
49.340805
2.956564
59.040936
0.000000
501.277374
75.727737
0.000000
0.000000
9.597513
65.432663
33.006710
0.000000
7.953253
1.891571
109.657669
16.776697
13.924123
0.000000
16.538370
0.000000
6.200905
2.315766
0.000000
0.000000
6.450727
0.000000
75.977524
3.251130
3.309204
1.538736
9.304485
9.669861
1.038511
0.000000
1.363008
79.390572
0.000000
0.725816
0.000000
2.443069
0.000000
0.048973
19.154621
4.604392
12.073654
0.000000
28.281002
0.460769
0.859969
36.717705
29.169556
0.000000
2.756611
5.848745
21.267309
70.933075
8.180881
6.947917
13.236326
0.638424
0.000000
4.954013
0.000000
18.503738
10.412455
16.934156
156.697571
355.663300
4.400804
187.653107
1.332329
0.643543
0.000000
8.815256
0.000000
24.333918
167.808685
0.000000
2.284868
0.000000
42.719498
3.037004
54.795330
0.000000
130.580261
0.100200
0.075425
1.010172
0.000000
6.777263
0.220090
50.064663
22.516497
1.218788
70.027153
20.317015
0.000000
4.964105
0.000000
33.750092
10.736050
0.000000
0.000000
219.408310
3.802908
117.624580
0.000000
4.669971
2.662898
0.031348
0.000000
0.000000
130.846954
0.000000
45.899239
15.987107
0.757256
7.075953
0.000000
0.000000
43.125790
6.859184
9.029016
0.000000
0.000000
0.000000
1.445925
0.000000
1.305690
0.000000
33.708668
0.000000
31.892063
3.640997
0.000000
0.000000
0.000000
0.000000
17.090839
0.094089
0.052864
0.000000
27.202063
0.151679
0.000000
0.000000
14.567345
1.916591
20.823786
20.197260
0.359192
30.503223
0.000000
328.767120
0.000000
7.573788
2.040650
2.251281
0.000000
0.000000
102.249611
0.136026
4.714293
36.980297
0.000000
79.997894
12.696780
0.000000
0.000000
133.336304
54.515659
0.000000
14.145870
0.118483
31.952404
0.000000
0.000000
1.844910
0.734021
24.172518
0.179435
0.656428
0.594452
2.558229
56.542130
362.800507
66.506981
15.111647
0.000000
0.000000
14.372860
0.042819
7.620114
0.000000
28.607115
0.000000
102.316551
169.442047
0.000000
0.248073
13.109294
0.578197
0.023758
73.497482
78.060768
63.170090
22.627258
0.283765
408.295929
9.181025
0.000000
4.864311
0.000000
0.000000
0.000000
6.286497
888.394348
0.533449
5.162472
30.116259
16.552631
26.471693
1.942720
99.863350
0.789527
1.723487
0.000000
0.020866
0.000000
6.843355
1.524941
0.000000
0.000000
43.254246
0.000000
0.000000
16.217360
1.710644
19.019056
0.311403
1.306640
6.559677
1.228448
0.292567
4.560738
17.685167
44.843769
69.892197
23.990683
0.630078
20.802956
0.000000
1.420745
0.638084
0.000000
5.562059
0.268412
0.000000
0.000000
242.064362
10.431381
0.000000
6967.565430
35.250610
0.316391
8.643943
214.535080
27.753489
39.803799
0.000000
1.564337
0.918300
36.724133
7.260930
1.429457
0.000000
81.058838
14.073338
15.657299
0.000000
61.201809
4.639395
0.000000
144.558258
0.105611
6.744653
0.000000
0.000000
0.000000
0.000000
0.549954
2.851699
10.485390
0.638622
74.672806
4.259378
0.000000
40.944012
4.677063
0.000000
0.000000
2.106151
0.000000
0.000000
0.000000
0.987751
28.665848
190.882996
46.571388
0.000000
11.355305
120.740150
40.125702
0.000000
3.638546
155.049088
3.979980
0.000000
28.400259
3.239823
1.702875
8.896988
0.000000
0.000000
0.000000
5.520158
26.653204
17.925621
19.828541
8.958048
10.111388
23.073648
1.359289
0.000000
3.236247
0.000000
129.308182
3.909061
67.148613
5.329478
0.256716
0.000000
14.709687
0.982286
1.630759
0.000000
3.826508
37.484165
0.000000
0.000000
0.000000
38.915657
0.000000
0.000000
52.761223
5.245760
0.000000
1.078850
1.528601
102.368248
37.014584
0.000000
0.000000
30.152287
0.000000
0.461103
0.000000
28.638628
3.133626
17.893597
91.557060
29.659441
8.043959
0.000000
5.767652
0.000000
1.182480
289.238159
103.451210
0.515063
100.500435
59.129826
0.073380
0.687297
11.916809
6.483804
16.963638
191.745651
1.384397
0.085181
2.203481
11.701245
0.000000
0.000000
0.126682
0.000000
27.615252
0.325898
0.000000
0.000000
8.752930
0.000000
3.794336
7.994295
1052.281738
1.641505
13.530587
1.746951
5.683850
24.257086
5.027668
0.000000
0.000000
140.527130
0.000000
78.186646
0.000000
2.946598
0.027608
138.043625
0.000000
4.140034
0.000000
55.077206
0.000000
0.000000
0.000000
0.522965
0.793577
10.645380
15.493293
14.335529
0.000000
22.628344
0.382729
0.202144
0.000000
14.789286
2.489734
52.323231
6.232381
0.282579
22.324532
2.889624
0.278348
0.903086
0.000000
89.656853
22.737696
0.000000
2.246535
0.000000
33.060593
0.000000
0.060181
0.000000
14.291847
0.000000
0.000000
0.000000
5.218692
0.000000
0.000000
3.769334
0.000000
3.559474
0.000000
9.762125
0.000000
1333.818115
0.000000
0.000000
20.881985
0.000000
45.292812
8.908220
18.172739
28.286154
73.033707
0.000000
7.772525
5.634544
0.053076
0.000000
84.277039
0.000000
44.599564
4.575324
0.000000
1.187182
0.000000
0.000000
0.172529
21.753626
146.785858
17.837254
0.000000
0.661020
94.241898
0.000000
8.538137
2.376630
2.617658
113.186157
0.000000
58.298489
15.726948
0.429834
99.284668
0.000000
0.000000
12.277840
0.314956
0.000000
0.000000
44.132404
1.803083
10.830067
5.339155
73.196358
0.000000
5.847941
0.000000
0.000000
0.000000
30.311684
16.075405
59.556335
1785.653320
0.000000
88.522064
7.488668
0.000000
72.347923
27.605293
0.000000
5.263913
0.052517
0.000000
1.644078
2.977373
1.253381
0.000000
0.341583
0.763891
0.000000
11.098525
0.000000
9.575182
39.108257
75.609703
0.000000
33.959187
31.013550
2.863411
9.185358
13.610630
0.073139
15.149569
6.501695
2.523410
7.078857
0.000000
343.367645
1.332628
0.021870
8.658013
0.000000
9.802340
10.410363
69.564674
0.000000
19.923977
0.791291
2.634175
32.636059
0.000000
7.272789
14.206772
7.456379
1.966800
0.000000
26.547264
7.013973
4.141311
20.271566
0.000000
0.000000
2.047827
49.021126
26.122129
32.459480
0.000000
95.445961
0.000000
7.772708
5.467682
0.000000
0.195848
0.000000
0.221740
0.070199
22.591272
116.388481
20.414492
1.604196
7.986938
81.685638
0.451413
43.498962
0.000000
41.039604
51.714485
0.041314
0.192245
3.000972
8.184502
1.206840
25.566748
14.556466
0.000000
0.000000
0.000000
2.982330
125.861595
37.426159
0.000000
103.695915
0.000000
0.000000
0.501473
0.000000
0.000000
1.639292
0.778300
22.093191
0.830020
0.000000
0.000000
13.104209
9.824036
44.935444
0.586267
0.000000
0.000000
1.104945
1.284562
23.333143
8.179831
1.217864
3.111970
0.000000
2.783234
0.000000
0.527418
151.108475
0.000000
0.029901
0.000000
59.769493
2.151701
0.000000
42.894424
104.537437
0.000000
0.388000
259.938446
9.943679
0.124533
0.308549
99.371002
6.590827
11.191912
0.000000
42.240467
0.727962
218.187485
0.000000
2.184093
0.000000
0.000000
0.828910
34.230419
0.196794
0.000000
15.502538
0.000000
0.164115
0.000000
0.000000
0.000000
6.223482
0.000000
1506.095581
3.383080
0.010813
123.127693
0.053695
0.011690
12.983534
0.147827
0.000000
21.512415
0.000000
0.000000
9.424119
49.158524
3.733315
47.968155
0.665443
8.024632
0.000000
0.634606
0.000000
0.863188
0.143278
0.000000
2.793923
0.000000
2.054678
16.661497
17.561991
22.444983
0.998322
4.549585
0.000000
22.532854
44.044445
3.198734
0.000000
7.720373
79.967949
1.287122
0.204933
10.173232
2.415923
0.000000
0.000000
2.613565
0.000000
0.000000
0.000000
73.118469
3.760406
3.305475
0.000000
128.398712
0.193110
53.569897
102.109695
4.918055
0.000000
9.994554
0.000000
0.000000
0.721214
21.798784
4.989148
152.701050
3.773402
0.000000
0.806457
0.000000
47.671532
3.971947
0.000000
0.000000
1.940293
90.786278
7.474141
0.000000
6.078141
3.122296
11.496346
0.000000
0.000000
0.000000
10.410892
0.000000
0.658254
0.561593
123.145142
0.000000
4.474535
11.294623
33.719894
152.015259
137.229553
7.184422
0.618474
77.715302
1.393231
119.160194
84.029625
0.000000
6.391114
11.682254
6.710692
23.001896
0.000000
0.000000
39.470428
0.000000
7.175481
0.672200
11.778035
32.923058
20.623911
540.793152
0.371163
0.000000
84.817337
39.791237
1.451582
0.000000
0.246568
1.406750
56.810623
3.638366
0.000000
0.034081
0.000000
4.084925
0.000000
0.000000
4.422273
21.843941
0.000000
9.124094
0.000000
15.206425
9.107019
21.577284
10.796270
0.000000
0.000000
0.000000
0.000000
0.000000
0.000000
22.253765
6.635396
1.525909
2.891887
0.000000
1.609503
0.000000
4.394927
23.837166
0.315866
32.396984
118.284897
14.960692
0.545814
36.217640
24.912104
1.505338
0.652271
7.824385
0.000000
16.828316
0.000000
54.224716
55.873894
22.966106
0.566575
1.002347
46.823036
0.000000
0.000000
0.000000
2.042150
23.007574
0.148574
0.000000
0.603118
9.697512
0.504649
15.621067
8.265041
0.728277
7.837619
0.000000
46.097984
1.427910
12.216782
6.011528
0.574513
32.337940
0.000000
0.141488
46.196384
9.374510
0.000000
0.000000
48.784767
7.094118
0.000000
14.491450
126.908112
0.000000
4.009799
0.000000
2.089028
6.585372
0.867269
35.165375
2.493855
0.000000
0.008262
0.127323
0.000000
4.909615
33.779007
0.000000
0.223131
13.219466
7.996121
123.862740
0.000000
49.734524
5.082993
27.351110
5.675579
207.151535
2.515214
0.000000
180.762970
10.575294
17.135246
2.181282
0.000000
0.000000
0.000000
0.000000
13.792696
0.000000
0.000000
0.635719
2.242301
6.451266
27.159636
0.000000
0.939825
108.974701
100.546478
0.000000
1.137100
0.000000
10.718625
6.178080
59.540016
51.432217
1.897476
12.476048
0.000000
0.000000
0.000000
22.240938
0.000000
48.083542
48.255093
0.150881
1.233313
0.000000
1.062566
64.673355
0.000000
8.999588
15.654787
0.144456
2.771587
0.695623
1.751775
31.000561
1.209582
7.678438
0.000000
0.000000
0.000000
0.000000
6.087851
0.000000
0.000000
0.166690
0.000000
0.000000
0.858305
0.000000
6.619428
15.813043
0.000000
0.000000
28.303438
0.000000
18.376072
23.734900
117.627258
75.398598
9.662135
52.597511
3.988328
0.174911
7.363130
4.508751
17.949583
0.000000
22.383850
0.000000
0.000000
175.307953
66.011169
0.000000
4.943527
0.000000
0.000000
6.598649
4.912985
18.873951
394.135559
0.000000
0.272284
0.475218
178.238251
0.000000
11.868972
0.000000
0.000000
0.000000
0.167479
235.719254
0.000000
8.309444
0.000000
29.666719
858.074646
0.000000
163.777939
44.482780
4.131441
29.134338
9.859451
105.566605
107.096222
11.497211
74.256531
47.526344
53.085144
26.475546
0.000000
6.010118
466.618073
1.174843
0.000000
5.592384
18.203203
2.738173
0.000000
3.413550
0.000000
64.634949
4.163476
0.000000
0.000000
64.380562
0.000000
0.742002
0.000000
0.000000
106.052048
0.000000
0.424934
4.090529
0.022509
14.284013
0.000000
0.000000
10.018344
61.322163
13.406034
0.000000
2.875040
0.000000
1.095197
1.995041
2.670068
80.274200
26.985825
1.007145
19.603542
10.361568
0.000000
0.000000
0.810302
0.000000
19.752634
9.873460
1.376323
0.568688
0.000000
5.190886
27.067039
167.424210
0.000000
14.078289
8.917868
0.862594
38.973942
6.804830
0.000000
0.000000
0.000000
0.000000
32.474384
373.513702
0.000000
7.088403
0.000000
1.759990
33.487511
12.986456
46.867229
0.000000
0.000000
15.233035
129.563950
0.000000
0.000000
3.096156
0.000000
40.286007
18.987463
16.838875
0.000000
8.251867
362.222382
37.814697
8.053971
0.000000
0.000000
31.242140
0.000000
12.132866
0.056248
58.839008
0.000000
17.231926
0.000000
27.336840
29.988220
0.000000
0.000000
29.789055
6.127470
1.445266
9.835908
252.616730
85.081528
0.026367
160.907394
498.486328
1.492386
948.349915
0.000000
0.000000
2.834155
2072.092285
3.846961
0.000000
0.000000
0.000000
1270.322388
27.975903
0.000000
18.484369
48.052261
4.038912
113.744835
14.247448
11.213935
210.371475
22.845312
0.000000
1.059781
0.000000
19.734211
0.642164
0.000000
0.000000
1.635564
26.397617
8.572793
0.292473
0.036474
23.739294
0.026526
0.000000
0.437076
1351.386597
0.548026
24.980026
16.125097
0.000000
0.000000
0.000000
1.910197
0.000000
45.997650
11.752593
28.512743
0.392263
2.044780
0.000000
14.175296
2686.459229
193.411270
112.078766
36.302876
6.246113
9.219004
0.000000
0.524854
0.000000
0.000000
4.150190
0.000000
111.482231
3.876300
0.000000
0.009359
1.668589
0.000000
0.723067
55.785435
0.574475
30.637726
43.352757
0.000000
0.934775
264.789032
14.238974
5.647593
270.733429
1.400774
5.919630
10.924161
47.285988
0.000000
0.000000
3.079565
0.000000
6.178855
225.885208
51.762325
1.219216
175.813751
30.468798
1608.776123
1.817895
6.920029
406.632263
49.721458
0.000000
63.689938
57.089745
0.000000
0.000000
4.414687
79.695641
24.502207
36.733707
0.000000
0.503157
37.582642
0.000000
0.000000
0.000000
84.840263
65.932030
10.064136
0.000000
0.071901
17.538603
21.725391
9.624489
1.786428
11.264879
36.390308
7.737986
9.089081
13.505958
0.857139
3.436277
30.630653
24.911398
80.195999
29.324421
2.004267
6.564298
2.309507
49.424427
107.653732
5.327969
90.459839
0.000000
303.495483
0.000000
7.177851
0.000000
32.369209
7.628135
159.877167
119.724739
2.648867
6.678837
19.485525
0.491971
3595.078125
1.207781
18.329710
346.120789
0.508192
0.000000
0.905645
160.310989
10.090492
1.480624
55.034908
232.838943
214.769150
0.000000
0.000000
224.037918
91.102478
8.245339
25.556084
88.168083
0.000000
75.791191
41.761597
29.085274
2.649562
6.019514
0.801785
0.000000
5.505422
0.000000
2.656009
57.898708
0.000000
0.572848
26.026709
0.000000
0.401880
9.096168
98.552238
779.151428
55.069462
104.489540
2.167948
42.924461
0.000000
110.200172
119.145622
5.471794
15.826484
1.868254
181.967499
0.039405
0.111665
19.992004
1.928691
0.661284
2.752006
0.000000
0.000000
19.320108
1.038633
0.000000
0.000000
0.386112
0.000000
4.728183
3.101446
2.784771
71.338074
2.791296
84.651741
0.000000
15.049155
80.604492
0.000000
27.360878
8.358311
0.000000
0.000000
15.796862
120.890938
0.000000
0.000000
0.000000
5.069861
7.133878
0.000000
5.777360
0.450437
0.000000
2.016807
607.445679
24.687527
10.995888
3366.072021
1594.546143
0.000000
0.000000
0.939801
0.303216
1.391043
1.592426
0.000000
0.000000
4.546670
164.905731
34.983093
28.703867
0.000000
0.000000
2.346793
2.802420
8.405372
65.582573
0.000000
0.000000
0.000000
0.000000
19.330793
24.434326
0.000000
0.000000
124.539200
68.039337
25.084015
0.000000
0.000000
0.000000
0.000000
346.593994
5.426981
0.193406
1.615508
0.000000
0.000000
3.629222
0.000000
81.292747
39.097721
0.000000
11.358642
7.016173
0.515221
76.087738
0.000000
0.000000
6.506856
0.000000
24.941986
1.119158
18.095942
0.234367
0.000000
0.846865
3.802439
34.717129
0.767755
0.000000
0.114754
0.000000
1.450977
0.000000
2.159823
0.629510
4.757185
28.058889
0.000000
0.000000
0.000000
0.000000
0.000000
0.000000
167.801117
40.748627
6.136426
0.717440
0.000000
1.220414
0.000000
3.688666
32.307236
0.301502
11.339718
4.439770
12.640671
0.000000
18.155611
26.760214
24.251711
12.822113
0.000000
0.000000
7.800012
38.357582
0.000000
0.000000
80.668480
10.434566
0.000000
24.655949
4.541060
113.497025
0.000000
134.225128
59.108189
0.000000
5.669308
0.000000
0.000000
3.917329
3.668000
83.721703
1.552490
0.016351
0.967204
1.070521
0.182272
0.421462
53.875698
0.000000
765.436035
11.816940
0.000000
17.674309
48.693630
2.849172
126.208351
0.000000
0.148207
0.000000
0.000000
16.745924
0.000000
7.689287
161.142990
0.000000
56.398144
2.280530
5.256516
4.241738
3.716083
15.397578
36.623001
16.609596
0.000000
2.577351
0.000000
29.489706
1.669060
8.868816
1.174287
0.000000
147.298813
0.019396
0.000000
0.000000
0.000000
206.587601
0.000000
24.828339
0.000000
0.000000
2.256845
20.858038
0.000000
0.000000
59.948414
0.903845
4.396140
14.124180
4.706320
340.937012
27.745375
4.431370
0.536414
115.322189
8.353114
0.000000
12.043851
0.278978
136.217331
5.928874
4.510424
10.688730
161.010437
0.000000
172.348038
0.000000
0.000000
2.545828
0.000000
0.000000
1.619159
0.000000
6.995554
5.937116
344.355164
203.777405
441.646149
0.000000
0.000000
98.531456
0.000000
95.881927
96.522896
53.347706
0.533160
1.585823
3.072996
38.902950
0.598270
5.381821
7.915916
3.320414
45.177578
8.431067
61.436623
1465.274658
0.000000
0.000000
0.000000
7.756442
343.826324
0.000000
142.334747
9.200908
1.819510
0.000000
65.867470
0.000000
13.083894
0.000000
21.267311
429.971924
402.515747
3.545588
0.000000
100.130875
0.000000
0.000000
57.560215
0.000000
0.164658
13.976563
0.000000
31.160894
9.707114
0.000000
3.605740
0.000000
2433.752441
0.000000
458.574768
0.000000
49.249249
4.548319
10.562785
0.000000
0.434938
244.984894
0.000000
0.125480
0.000000
20.153959
79.075195
0.000000
0.000000
24.047369
4.792499
11.495851
448.564148
157.213699
0.000000
0.000000
13.587791
0.000000
2.573170
203.367081
311.587097
0.000000
0.000000
0.000000
131.042892
83.431793
0.000000
0.000000
0.000000
7.849219
5.182952
460.023163
0.000000
11.064102
20.626532
1.007353
19.855036
10.295268
0.000000
133.115036
0.437461
12.993110
0.000000
1.391769
0.000000
0.000000
14.250894
9.005385
2.325772
0.000000
458.013153
32.128605
39.983456
1134.339722
7.929031
2.962056
1.900267
41.267719
0.000000
0.000000
0.000000
0.672908
0.000000
1.848777
128.479523
0.852474
14.879163
6.632194
2.140016
413.424896
0.000000
116.070450
884.674744
5.118812
0.000000
43.994255
0.000000
0.000000
23.770830
0.000000
11.548837
12.102554
0.000000
5.248761
0.596810
0.000000
0.000000
0.000000
18.290157
0.000000
8.991236
462.458588
209.774551
16.771889
10.446025
1.389441
69.888855
75.739304
17.460350
0.000000
373.396729
0.000000
1.777599
0.000000
0.000000
9.159892
0.564759
108.677879
5.836373
0.000000
0.000000
0.066562
9.260193
0.688462
253.889984
16.139383
0.000000
0.000000
0.135187
1.202736
0.000000
0.000000
0.254072
0.000000
0.000000
103.309631
0.000000
44.001724
9.887802
0.000000
7.537478
37.270557
4.093498
0.023090
0.000000
7.545566
1.741603
0.000000
0.637498
0.000000
0.000000
99.065506
35.697124
6.664600
0.362463
0.000000
0.000000
17.404575
0.000000
22.662340
10.414884
22.591267
72.864700
0.000000
36.808060
0.000000
2.887874
6.072954
0.000000
4.072495
296.545074
18.852182
9.459587
100.199219
0.000000
6.711882
5.562066
80.657661
107.496086
18.224308
0.000000
0.113861
0.000000
0.000000
0.572110
24.498766
102.369926
83.360550
44.693974
0.063283
3.934218
34.713520
0.000000
0.236285
0.535410
0.000000
98.279877
10.737125
201.031464
6.516792
0.000000
1.820689
4.469904
0.000000
6.977304
0.000000
2.198328
0.423680
0.000000
1.021116
63.057011
7225.812012
0.000000
1224.152100
26.190464
0.000000
17.264282
0.000000
12.759214
0.000000
3.660412
0.000000
43.412724
19.215322
85.183083
73.951431
100.304359
8.752716
0.000000
30.580475
0.000000
20.707119
0.425159
0.000000
0.860775
14.575026
255.831497
2.773766
3.255455
5.390398
0.000000
0.975141
43.623241
75.668015
30.099453
4.292601
0.000000
142.833038
31.573973
46.800949
0.644321
3.895006
0.000000
0.000000
40.932674
1.280814
18.402180
0.000000
3.894888
37.492630
0.000000
0.352041
0.059915
3.353068
0.000000
0.000000
65.264099
0.000000
23.036217
0.000000
0.250367
0.000000
0.000000
1575.018555
0.000000
0.550006
0.297458
1184.675293
3.210434
0.000000
2.915811
0.000000
8.350644
47.456203
0.000000
0.283523
4.010356
18.177603
0.000000
42.633442
0.000000
16.393408
0.000000
0.000000
0.565611
9.997640
106.799492
140.298447
0.311215
9.134207
14.002502
447.293182
0.000000
8.302305
0.000000
11.880424
9.596088
12.622427
13.912058
11.725363
4.632680
33.732994
0.000000
12.306049
0.581266
1664.324829
17.290989
6.854321
0.000000
37.681610
11.100830
0.000000
10.559166
68.517693
234.466461
8.375929
0.129050
0.000000
24.292301
344.735535
228.470703
8.848077
47.439045
3.040190
4.104670
145.680298
38.796700
0.132728
0.000000
0.000000
16.354149
0.000000
2.073870
176.555664
1.729983
18.966669
33.804459
18.914406
0.000000
39.781696
6.902065
5.048948
0.000000
0.169277
0.000000
4.385773
10.885695
20.978531
20.195641
105.314651
16.674223
1.594909
0.000000
22.066748
7.724888
6.765958
57.836468
0.000000
0.139149
35.957733
7.516680
1.124341
1.348708
0.672721
0.000000
743.503845
0.578769
61.305180
4.374113
0.291173
0.402121
0.574728
1.141399
46.837101
0.485929
6.203470
59.082294
0.000000
0.000000
23.572809
12.455052
0.000000
2.566414
0.000000
116.058891
15.200437
31.752312
136.907913
52.042866
0.000000
0.000000
461.802612
35.184345
0.267489
202.601334
0.000000
917.194641
4.771146
85.574585
1071.994995
31.773491
159.410767
0.000000
3.519414
45.548096
164.463699
0.000000
0.000000
0.369986
0.000000
0.000000
0.000000
0.000000
0.293948
56.896938
50.857330
0.000000
1.004294
238.101059
11.166430
0.000000
51.581627
25.800186
0.000000
0.155218
170.502335
68.617424
142.084274
17.033173
0.260723
40.692863
0.000000
911.163635
916.871216
0.000000
0.000000
0.000000
8.357733
8.757096
1.991421
97.282059
2.703156
12.033916
0.413087
3.312573
29.152840
4.968024
0.000000
625.326660
0.485719
31.664610
37.592697
1.399260
69.358635
0.000000
5.850438
5.000669
126.018707
0.591656
182.866669
17.357897
4.582009
0.000000
83.665390
27.842682
27.164206
3.680186
1.048133
0.000000
18.575256
239.903397
0.000000
0.000000
130.027252
0.000000
1654.051514
87.282463
118.186653
1.463483
6.071955
255.698318
0.000000
17.853958
4.226429
1.452941
64.039177
3.189997
27.130245
60.397667
112.673790
0.585053
0.000000
0.000000
44.679905
50.975346
0.000000
6.792367
36.525990
0.621201
38.577579
16.557928
2.309469
34.107414
4.040000
0.000000
0.126990
0.000000
12.062521
183.934296
24.249393
0.000000
2.279293
0.661992
20.124887
0.000000
0.000000
9.712972
0.000000
0.777165
0.000000
4.967484
1.042999
16.675728
0.000000
0.008643
10.953205
0.000000
11.521754
0.000000
15.158616
8.953668
1.879964
23.958740
1.419750
24.037104
501.593323
17.484285
291.186798
0.947070
15.472221
0.000000
0.000000
17.030506
448.520325
0.000000
17.309639
769.369324
35.296272
18.127317
421.980652
188.640182
15.618006
0.000000
1.087720
82.737282
12.420263
0.545852
10.813823
23.002861
0.000000
0.939833
41.085777
0.000000
0.000000
18.135878
74.808273
0.008203
37.706532
5.401280
0.159927
63.678001
0.000000
0.000000
0.000000
0.000000
0.000000
401.994904
49.682995
1.447094
30.109814
19.401882
3.564754
53.942547
21.817202
5.015115
54.478313
0.000000
0.000000
0.000000
74.478249
0.000000
55.843643
1.666262
0.000000
5.146668
0.000000
66.267395
0.000000
0.000000
316.170380
13.415111
45.555935
0.000000
10.085674
0.083463
0.248696
0.000000
11.118024
111.586281
7.775181
0.000000
0.000000
0.000000
0.000000
20.390970
56.960449
0.000000
0.000000
0.000000
19.177376
225.730728
27.228279
0.000000
7.558727
0.000000
0.000000
234.082748
21.054205
0.000000
2.916735
0.557159
0.000000
0.000000
161.198959
27.399988
0.000000
0.000000
0.474615
0.000000
95.173897
18.536335
6.555687
1.085829
73.165024
8.218468
0.718437
54.753918
0.000000
37.709579
3.763273
0.000000
0.000000
0.000000
0.000000
13.759982
1.220545
0.000000
6.509275
97.370422
7.019657
14.491922
13.007839
0.000000
0.447924
306.663910
0.739648
16.857407
0.000000
77.012589
72.804016
8.725428
48.223801
38.456478
13.548587
6.124947
0.000000
0.000000
72.884567
3.984913
9.783798
0.000000
120.159683
0.000000
3.756419
18.441269
15.627611
3.061485
7.345484
1.416502
37.896481
0.287760
71.074173
4.033927
1.935743
47.088428
79.791443
28.889124
7.509559
0.000000
1.766584
0.000000
136.662384
8.994021
85.596748
0.443095
2.963075
0.000000
1.907146
26.545702
242.384552
49.968269
20.435064
11.094652
61.806625
40.832069
6.106724
2.640249
196.684097
9.402694
57.275219
0.000000
91.940842
743.641418
31.323580
26.354044
0.388492
4.071172
0.000000
397.429443
0.000000
249.871353
0.000000
0.000000
29.463772
31.141800
0.000000
0.000000
39.718678
26.664604
0.000000
0.000000
0.000000
12.643353
542.349792
0.000000
0.000000
37.713013
3.712672
23.967129
10.936876
0.000000
12.488345
0.000000
0.000000
0.000000
0.000000
0.000000
0.000000
0.000000
0.000000
0.000000
0.000000
470.527649
0.000000
180.823593
93.229652
0.000000
9.862214
0.000000
2.039227
2.929793
0.000000
424.293823
0.000000
26.969442
16.602030
70.006989
341.972778
33.159775
29.179867
88.064514
0.000000
0.000000
217.858627
0.000000
165.010117
297.192657
27.780695
0.000000
32.352158
49.059898
0.000000
17.622988
118.118683
1.256882
4.963025
465.039948
134.833267
91.869385
0.000000
34.816067
54.256546
4.964525
0.000000
77.303535
0.000000
24.224159
1040.059814
128.490128
1.406627
11.575858
0.000000
0.000000
2.117157
0.000000
11.054065
141.220428
404.258057
77.411705
2.537652
496.136536
0.000000
48.117191
17.771202
13.371350
13.103012
51.404697
1.997748
0.160645
0.000000
3.284675
107.887291
1.646037
0.411467
85.507721
0.078481
2.193086
167.372711
64.928078
4.014864
0.000000
47.399647
0.000000
12.930733
19.477602
326.405334
0.000000
59.474564
5.786948
38.448837
0.000000
10.044265
258.244080
0.000000
69.891556
0.584213
2031.640869
119.952072
3.332699
0.000000
0.000000
0.159979
0.742607
19.621119
1.190740
29.297335
0.000000
0.000000
0.000000
1.278417
0.000000
6.517073
18.224638
76.563171
9.154869
26.001747
0.287905
11.639733
4.286299
0.000000
95.381195
63.929798
14.969214
226.907257
911.809204
0.892674
13.554440
1.124526
19451.968750
74.218178
75.642250
0.377686
13.344206
55.052086
138.044861
69.795570
0.000000
36.631756
296.240723
103.592316
25.167133
0.000000
0.000000
0.000000
0.000000
0.000000
3.120830
47.424038
63.851978
9.121191
0.000000
214.819275
0.000000
27.856226
0.813386
0.040773
7.564101
0.000000
0.000000
50.712257
1.331324
84.402039
0.000000
28.538742
10.230146
0.413302
73.106499
98.090981
0.000000
51.241722
0.000000
23.394035
0.000000
25.198071
9.806850
8.228164
1.968659
1.237784
16.193201
39.175747
36.458233
0.000000
0.000000
0.732521
3.189379
14.301720
15.105056
29.821587
55.757168
