104.185455
17.009260
108.350258
81.953163
0.254169
23.362923
8.510238
79.483124
1.707297
41.478260
3.700942
3.537405
0.000000
0.000000
0.000000
12.942725
51.174026
87.595566
0.000000
7.432623
0.000000
0.000000
30.700132
0.000000
298.462769
0.000000
3.204285
21.991066
0.298904
3.971004
46.413212
0.099256
26.974663
49.813419
0.000000
15.039094
0.007539
109.782417
106.371025
0.000000
0.000000
11.186824
44.062061
68.048203
0.064792
17.399029
0.000000
3.154619
0.000000
116.600960
86.677231
226.414459
0.000000
253.213974
13.641091
30.379160
43.986931
47.414410
0.000000
45.539619
179.643890
0.210319
24.547596
0.000000
0.000000
3.872896
0.000000
24.119696
0.307357
0.000000
0.000000
0.000000
0.000000
31.934628
79.362473
7.392070
0.275160
13.709024
0.273341
86.359756
0.831317
1.266195
0.000000
0.000000
58.332985
0.030011
0.000000
0.040867
22.358328
18.569052
0.079450
10.195492
233.576080
8.576448
26.303541
0.000000
52.588154
0.067805
61.099606
30.386030
0.158973
34.045040
9.856074
3.299468
90.469742
100.611511
1.510691
25.370573
247.586838
32.369785
1276.091187
0.000000
0.000000
0.000000
41.519035
0.086184
0.395930
55.073017
46.745152
0.101815
24.672085
3.347906
0.681597
2.889607
0.000000
0.000000
732.973328
69.365372
0.000000
24.565962
3.863338
32.736675
4.856634
17.118645
44.745705
0.000000
54.017769
235.618500
83.545174
0.131871
0.255779
0.000000
0.000000
0.000000
0.000000
0.000000
0.060530
0.000000
112.864037
13.703014
0.000000
6.430307
3.665987
0.000000
0.062531
5.695939
17.449524
28.960541
0.013504
127.190086
112.753120
4.407373
0.350112
371.708679
15.188484
0.000000
36.751373
21.611288
0.000000
7.445602
3015.836914
1.861306
113.033859
23.045059
35.245647
75.742310
33.325886
14.717045
7.880265
0.000000
125.458511
44.689529
2.199438
30.383837
3.296829
0.000000
516.919495
248.538086
6.981748
62.706421
0.037717
49.898876
51.133965
27.302479
76.377899
940.489441
38.790493
62.259754
0.000000
0.000000
0.000000
14.018514
74.865891
135.595322
115.440704
0.000000
1.109320
93.965805
135.960800
96.966209
6.932364
25.842695
13.751968
81.983765
43.143372
77.497589
35.517384
40.839775
157.149017
0.000000
0.000000
68.698608
19.248095
5.265989
0.075600
42.399601
0.079108
105.498062
27.501444
77.330391
22.269043
0.155287
28.665907
78.657127
0.000000
0.000000
0.000000
0.184680
21.192219
41.618923
1635.137817
6.003588
0.000000
0.026774
177.807983
0.962422
0.000000
0.063709
33.075031
0.051131
0.000000
71.106468
0.620526
39.373554
83.498032
14.480771
0.000000
0.000000
0.000000
0.000000
88.318352
17.139229
6.243697
0.000000
8.880469
31.103483
0.357495
0.117702
14.651396
34.401886
0.000000
0.000000
0.034120
0.000000
16.493515
11.449913
20.673906
8.446247
15.167670
3.356779
130.491119
31.948101
13.451003
1.429402
55.834793
38.359623
23.254553
39.899940
10.583492
0.000000
117.138817
14.730768
0.000000
0.767113
1.357517
0.000000
46.413334
0.000000
0.000000
0.388664
63.692814
0.000000
0.000000
78.087952
0.000000
0.065401
0.841304
12.534733
121.713326
0.000000
0.000000
763.972961
0.000000
0.000000
0.000000
180.369736
77.188370
0.667391
0.000000
5.240106
0.000000
0.254435
99.642471
15.270461
295.059296
0.021397
7.473704
10.809939
1.348953
57.878246
3.121865
0.000000
107.993965
0.000000
0.000000
51.484203
73.548851
2.416165
0.480565
147.242065
0.000000
239.271011
24.597794
13.740493
0.132955
33.982464
23.118425
53.722561
4.318724
0.405988
0.088611
0.000000
33.192799
0.000000
42.790291
0.000000
418.783325
2941.990967
63.947781
114.740509
2.463820
43.806389
0.321183
18.476782
57.830086
66.942917
0.000000
88.598030
0.836289
102.225487
65.978531
237.510162
1.428733
6.115583
258.901123
0.000000
6747.152832
0.000000
33.065701
21.951593
36.192978
67.745491
0.000000
0.000000
50.963554
1897.046631
0.000000
10.253478
30.839855
131.732712
0.043140
87.738144
1310.289185
43.659550
4.908941
155.063965
24.719240
37.961399
80.061646
0.501306
2042.311401
62.040363
232.709167
0.000000
14.596354
0.000000
0.000000
0.157732
0.184950
20.359127
16.140083
0.000000
19.077778
3.457242
0.000000
0.697220
10.564991
42.764973
18.118450
5.241038
0.000000
0.227870
46.058952
98.967979
873.369324
1.325614
5.061021
42.265484
163.804260
41.043453
115.254013
40.105171
0.102222
0.423086
0.021951
1.807190
19.708626
0.537584
3.737682
37.279678
39.495758
0.000000
0.023140
20.028950
71.690750
0.052946
35.355190
74.377914
0.000000
126.560333
0.865045
0.179848
11.381650
6.615061
0.319102
69.462746
8.635447
0.000000
9.970140
0.000000
41.565018
0.000000
29.509663
1.791478
34.863144
64.071770
37.750664
197.295273
0.000000
92.955627
0.025810
38.424580
0.000000
31.955828
23.176441
0.022232
107.891548
2.035281
1870.227539
16.259869
41.596760
73.790794
0.000000
23.069181
0.000000
112.314087
3.925366
174.937164
143.113510
38.277561
41.106480
97.029953
0.033110
0.063332
3.666869
0.000000
94.939758
0.000000
0.243178
10.746059
3.686583
10.671082
3.486965
0.023619
38.247520
1.629532
0.693214
63.010910
122.124870
2.928372
2405.601074
10.923628
0.000000
0.000000
142.524933
47.556259
1.082078
427.582062
0.653552
0.000000
0.575983
12.793859
1.241800
21.437647
20.609362
1.281621
0.000000
50.054829
41.988220
4.349739
106.332466
44.425091
0.000000
0.000000
0.565316
12.597736
3030.093506
139.100021
55.373386
176.847122
0.000000
52.458870
12.362406
28.100256
0.000000
17.076738
173.306686
79.996712
8.237963
0.000000
22.844896
15.650597
0.000000
0.000000
0.037049
240.368469
52.801414
0.238224
0.000000
0.000000
14.706604
6.347600
358.766235
173.360229
10.160563
15.049919
0.000000
105.740318
0.528804
122.288353
59.893913
24.341625
1.200744
0.000000
336.283264
1.738326
0.187076
27.632387
54.570427
14.280812
1.791886
8.834549
26.604916
75.319321
66.763603
0.000000
18.400343
6.470748
164.582214
22.076193
66.586761
50.975883
70.758087
16.572252
41.414589
15.845490
0.000000
104.316978
15.241369
61.345528
1.956715
0.187461
103.189667
2.473940
44.240101
12.103177
14.720713
0.718763
0.000000
15.172961
2.289930
20.221319
0.000000
0.000000
1.582305
14.317521
0.069173
4.774773
72.662102
0.000000
52.661221
1.825075
23.559578
46.718365
0.000000
77.952637
0.094596
66.910301
0.000000
0.033913
106.542206
131.695923
5.882062
0.603037
35.812958
0.603055
14.021137
59.315041
43.237789
4.688314
0.000000
95.959343
65.873543
37.455128
0.000000
0.798081
221.537354
13.476352
3.757455
5.815339
37.929577
0.688071
33.462101
0.106788
0.134429
0.000000
26.945539
23.263899
45.013691
1.474204
18.553734
26.212643
0.160592
0.156217
0.046670
0.251837
0.000000
0.158226
0.000000
71.012802
88.073257
0.181471
0.000000
0.308071
50.802330
188.007004
3.666713
50.151749
11.062754
0.040399
23.545357
74.955826
88.536804
0.000000
7.828794
1391.639038
0.000000
31.820086
8.257880
20.005987
526.063110
0.509742
9.719404
0.079084
48.473450
0.138758
13.799377
137.594681
0.000000
0.000000
26.248447
90.537071
49.301319
0.000000
74.506607
0.000000
0.039559
157.950180
0.000000
0.000000
1.338157
5.099693
24.906448
75.125359
0.267752
85.201584
89.226875
0.000000
0.000000
46.176205
0.190403
18.770811
0.000000
0.000000
331.647095
104.300743
8.256473
3.523483
122.166283
60.616348
12.129182
9.708398
0.033501
19.074631
0.302548
57.258003
68.470871
15.784014
2.096210
34.889854
576.353943
30.391539
108.378021
24.347790
0.186587
0.000000
26.113331
0.000000
0.000000
17.096394
70.167221
55.777336
59.336948
11.639590
55.679398
4.297314
0.778880
112.621841
1.084414
4.844200
8.570796
629.980408
25.247953
2.906136
0.000000
29.103453
26.073938
0.386018
170.838135
0.098402
16.035990
16.715536
0.000000
67.716896
0.000000
0.000000
29.479343
0.000000
24.397898
0.083214
112.168953
236.471573
0.625530
4.315809
15.330315
14.361534
19.417509
6.447062
0.000000
16.554493
120.215591
0.000000
0.432438
0.000000
22.244530
15.120112
0.000000
13.793006
97.054550
233.218765
0.000000
13.708265
0.000000
4.943423
26.744501
0.000000
0.846450
49.877380
0.736939
0.048600
0.048267
0.000000
47.088512
0.685171
1.577811
2.259218
0.000000
0.084976
29.883406
19.827858
69.217789
0.000000
0.042836
20.775761
29.704527
3.732202
0.000000
0.000000
24.719645
23.840126
0.000000
0.235557
0.418657
4.504030
146.432571
16.533957
48.925156
33.741684
51.546837
138.907394
94.588501
12.798342
126.361977
32.042519
0.000000
13.348559
0.369059
27.673227
39.077263
0.000000
0.000000
6.733949
0.965383
123.592178
42.767876
52.306992
93.841705
0.000000
2.939036
10.144036
12.986718
19.328611
24.938774
0.000000
0.000000
0.603233
37.913406
0.000000
344.354248
0.000000
12.749694
0.000000
30.624605
14.223021
52.447758
1669.513672
70.111168
2.336915
0.000000
34.109478
0.000000
0.106436
7.148472
0.000000
0.000000
0.000000
9.400385
0.000000
23.729589
116.887581
47.022549
18.325930
9.400817
0.009028
0.000000
0.000000
67.527061
3.522479
0.943950
4.546145
153.295303
41.554031
3.467138
0.000000
2.962827
1.788255
84.054413
2.997378
0.470531
6.210831
0.288706
0.000000
0.062823
0.463694
0.000000
32.581886
0.000000
0.010743
0.000000
0.000000
47.386681
37.080215
5.031692
0.230501
40.006439
0.000000
20.692305
1.343459
0.000000
37.280113
14.196653
0.000000
0.000000
0.000000
0.046061
0.000000
0.000000
0.000000
0.000000
9.228096
18.849472
71.194618
15.957788
31.095005
41.495045
25.550240
0.082280
104.309555
0.000000
0.000000
1.113590
1.810267
6.307362
48.660301
68.148308
21.532930
237.606079
8.927575
3.163520
1.827433
42.799343
81.720482
1.783751
1.196131
605.423218
0.000000
0.000000
26.158590
155.690308
0.017549
0.000000
0.000000
0.000000
51.744949
0.000000
8.756289
78.185822
0.000000
73.662109
58.568409
549.252258
0.169041
15.239786
21.469240
25.247501
15.320882
152.611374
0.036027
31.727253
0.061560
0.000000
1.104484
0.000000
0.110944
32.574265
0.000000
8.737404
10.453294
0.000000
6.106236
19.803247
233.098907
0.000000
0.122964
45.773060
0.830804
0.000000
43.962433
15.993794
157.304367
0.359047
0.183730
56.004951
2.763169
35.289925
126.160797
30.994867
0.906331
19.968309
0.459152
218.373550
4.083774
58.677914
0.000000
6.143516
7.258691
6.642136
0.067498
18.462107
19.696047
45.740536
12.324313
78.562553
12.553816
9.591739
26.709391
0.000000
0.000000
34.926266
0.000000
9.160387
0.628650
0.034453
17.139584
221.741013
0.251843
75.057686
53.969299
0.876536
0.227599
0.000000
53.161331
0.195738
1.633140
1.276802
0.280384
0.050586
90.740623
0.000000
1.490406
0.000000
0.738721
0.166443
1.581302
35.556145
0.034566
0.000000
0.000000
0.000000
5.455729
0.000000
21.310793
786.558105
15.174270
1.468725
72.385918
0.353030
8.186000
18.943657
152.361694
37.838459
0.000000
0.000000
1.679237
0.498636
0.000000
224.273071
0.000000
8.571487
0.112675
62.328991
59.507484
37.559429
0.201658
0.000000
0.000000
9.514330
1.771562
0.126741
0.037282
9.202787
146.852722
51.529095
2.855929
3.476135
223.673172
0.000000
9.734223
103.796463
7.839012
57.251717
0.072518
16.317858
98.990417
11.938787
9.843699
31.216974
0.824743
0.000000
0.000000
49.392361
37.560913
38.001404
13.397347
0.000000
51.007694
55.740700
7.239211
193.355209
37.874855
31.587908
38.861794
20.825369
40.242546
16.993467
0.055529
94.938072
12.990833
35.967285
49.356216
0.029211
6.523889
42.764194
0.000000
38.572376
3.823610
4.702990
77.722038
0.126258
12.408703
0.428761
69.064606
0.000000
4.495788
0.000000
34.666008
42.420879
17.557276
0.000000
71.468971
296.993256
124.341675
2.156327
131.767487
173.409744
24.103226
4.039495
0.000000
29.337301
0.000000
0.012232
28.286179
22.190891
270.035309
160.555450
161.876419
10.388371
14.717293
10.208570
0.350092
146.862961
27.033382
10.478209
22.520969
27.303820
0.000000
0.000000
145.865448
13.139050
95.910149
3.744604
0.000000
4.586878
24.942963
0.000000
13.527235
13.540550
49.089436
46.902279
12.172776
9.805761
0.000000
0.000000
0.000000
2.538059
14.174141
45.261742
44.820625
184.500961
0.029523
122.088104
0.000000
9.766767
2.552196
101.552338
2.316885
0.000000
0.000000
17.088192
12.600450
0.000000
0.439226
260.517487
287.972565
20.620663
1.045691
0.090912
13.141421
11.137545
16.480942
14.695602
0.000000
0.000000
0.000000
60.441811
0.000000
16.142246
35.113972
0.000000
128.433914
0.000000
14.299068
19.559074
29.579659
0.327611
57.393265
40.869038
55.944870
8.132497
0.000000
41.540012
20.486889
152.684067
25.567060
0.000000
1.093814
30.243031
35.730328
37.027767
0.000000
7.848228
8.131180
30.928854
79.763763
20.315226
4.917077
425.494995
0.000000
3.399566
0.000000
1.886424
1.356309
3.466170
38.204449
116.161278
0.000000
0.170590
187.955444
0.000000
10.550093
123.604485
0.029217
79.643730
0.000000
24.454723
39.749695
24.028393
11.991220
14.283333
0.287954
43.848804
0.000000
0.000000
40.056114
0.540055
5.549878
6.886263
22.230572
33.529072
5.022978
5.115922
112.091080
13.671227
71.584648
0.317420
0.000000
0.000000
2.786981
92.521706
54.643787
113.618309
0.000000
21.341324
0.000000
0.000000
51.578526
0.000000
4.760977
6.894093
107.593132
88.374931
0.000000
0.664788
0.012555
1.902083
3.614913
7.489856
205.112671
0.000000
0.000000
0.000000
0.000000
70.108856
1.447019
11.265321
97.515907
1.990910
30.999924
0.020618
29.547039
0.000000
9.918880
0.000000
60.940189
5.136657
23.393003
0.000000
32.801365
8.397461
1.997613
7.628002
1.344492
9.564890
7.711143
0.587515
0.067523
2.106105
0.058189
46.799614
81.091187
54.752392
1.193679
4.487712
58.282753
27.703251
0.000000
78.217659
5.104567
0.000000
85.137634
221.913910
55.164398
186.748566
42.450188
52.864193
22.494713
109.205261
217.762085
14.059252
1.079875
0.000000
0.128224
14.683320
3.723907
36.825043
46.429905
0.000000
65.251839
14.141660
0.693127
23.129784
10.223444
27.545994
1.056527
24.939266
0.000000
0.000000
0.000000
0.520330
98.789604
24.956593
2.429211
0.000000
26.471514
49.714443
0.528596
44.282822
0.000000
0.430921
17.438421
5.831651
26.874311
29.713953
7.235803
0.165201
1.190929
31.219929
35.942772
34.787685
0.000000
0.000000
0.000000
65.214752
0.162972
0.773801
15.636154
66.156380
20.071684
0.266466
0.115683
31.441574
10.227492
0.534351
14.305329
192.953552
0.000000
0.010562
30.634178
28.699350
40.085041
50.523869
0.038315
45.925186
0.000000
13.892503
9.235334
3.415820
0.000000
0.480610
7.913474
55.656044
0.218306
39.863659
1.268483
0.000000
15.927567
7.664973
0.000000
33.023998
57.556244
0.000000
15.663513
4.600554
37.073051
3.419756
5.536567
3.393586
0.198085
1.006066
2.068843
26.040287
199.861206
89.228622
12.329918
13.606436
0.235822
16.869289
0.515054
32.159420
4.390691
0.000000
25.671343
0.000000
47.821400
25.587051
45.479630
69.108688
0.956909
36.104366
0.000000
10.438917
35.456345
0.000000
0.000000
13.998529
7.423902
48.265278
0.000000
0.071096
64.013466
55.279205
0.000000
54.148376
6.405670
0.499541
3.294664
0.000000
7.282401
123.582039
40.181332
8.880870
35.201508
22.575369
0.555510
36.295849
11.943961
0.495122
270.216705
1.335701
4.113522
95.594589
34.726307
2.965097
0.128623
0.057314
0.000000
15.947373
9.996992
0.000000
1412.106567
32.425709
14.091908
4.578151
6.048470
38.481602
43.579659
280.988708
4.658552
34.023983
24.175396
4.570134
124.489441
1.091041
0.000000
4.180994
0.000000
0.000000
16.620161
71.065437
13.115277
7.078610
0.000000
0.000000
129.922592
335.834991
0.000000
193.023132
69.408821
71.438560
0.138609
14.249132
47.529743
0.000000
6.918672
0.000000
0.028986
69.664536
0.090808
78.323906
69.928558
1061.305176
61.067028
43.570477
0.112148
20.711010
66.607704
17.457878
472.628571
1.252468
0.000000
37.155708
26.889233
0.000000
1.409893
11.875590
10.909817
314.085907
35.660225
4.910767
472.215912
80.871536
0.000000
52.115898
0.000000
0.000000
73.737259
12.555313
36.527405
203.838104
0.000000
27.612158
3.618296
14.648986
31.494570
42.753010
1.208117
10.801628
23.638723
13.113161
7.530294
916.787048
58.290089
0.000000
34.962379
0.181414
15.585791
58.810043
25.463671
9.118742
0.000000
0.000000
86.427917
6.364586
34.933552
0.314920
537.217834
0.000000
62.876427
8.261303
12.377696
18.400930
59.144989
8.422385
0.000000
0.000000
0.000000
0.000000
0.000000
138.458511
0.038384
0.008594
73.013893
81.974709
4.508499
23.275028
0.995556
18.184076
41.974503
0.590939
33.279861
179.289673
0.000000
58.536697
0.000000
10.945910
7.612858
0.000000
10.513655
0.493027
85.475410
150.503693
28.839022
42.691986
35.383781
0.000000
0.000000
0.000000
82.792870
99.772568
1.016503
87.843521
0.000000
2.268754
4.121185
17.534796
52.319809
29.760632
81.933907
44.686275
0.000000
41.765350
0.000000
60.513458
0.000000
0.000000
195.006622
84.219292
8.686888
11.097120
23.003218
16.261326
0.000000
142.252594
41.158222
22.997274
0.517528
95.063507
21.850904
0.375079
0.118421
0.303297
8.893692
206.320038
38.682407
32.652035
13.583365
21.051010
30.357697
14.208814
69.814590
9.811068
73.375877
0.288056
8.250754
0.000000
26.492708
15.442410
10.418723
0.035084
0.000000
0.431289
12.685695
20.151718
0.742177
230.825073
61.180855
7.824136
0.000000
23.027901
0.102695
0.099104
20.012432
3.585365
24.936359
0.000000
14.109186
0.000000
15.381621
9.474996
0.193443
0.000000
0.128314
2.129921
27.463787
0.191394
89.660156
1.441462
1.733312
5.094029
53.002663
0.624133
2.403328
0.299321
3.572655
30.673826
11.948478
12.748658
132.059448
2.868899
0.000000
262.459015
38.900402
25.046219
0.000000
0.000000
6.301883
11.586560
0.000000
0.000000
40.945965
0.996307
0.000000
5.013996
11.947356
3.551400
85.113495
0.044104
8.783186
7.362591
0.000000
38.350136
28.272717
0.000000
50.355713
72.952309
0.064974
0.000000
0.596016
0.000000
0.392546
21.793537
7.911118
60.318714
100.451721
25.585909
9.277074
24.119268
0.218533
26.326866
0.604519
0.243361
29.586147
0.000000
35.509579
19.946600
13.298784
52.794922
15.879882
32.843227
109.068336
0.000000
232.615402
0.280380
6.505254
0.000000
100.355629
57.728935
4.182981
13.688543
0.000000
2.564237
0.000000
65.066521
0.000000
1.675192
59.407055
309.028442
38.825382
40.398136
37.484989
2.267664
20.089289
0.000000
0.000000
0.094133
72.515198
0.000000
0.007704
1.868628
52.384171
8.464134
0.216383
0.000000
0.160775
70.266953
0.000000
5.988936
11.500982
1.421251
24.824389
1.809757
25.092138
37.587570
0.952364
4.949174
88.281822
0.000000
13.740444
0.000000
0.513874
6.312037
0.000000
13.231684
0.000000
141.301483
30.114843
56.903851
24.861366
50.351643
0.018450
112.028770
4.010497
35.528854
289.019318
2.888693
0.000000
28.646425
1.729172
0.000000
1.212724
0.000000
37.843182
12.850286
51.951260
1.171312
0.132591
0.528263
5.356891
343.550934
101.868927
21.859720
0.020726
0.000000
0.000000
0.000000
0.000000
15.559459
57.130444
11.341435
32.553169
0.000000
0.000000
16.217295
0.221244
10.456806
27.426958
11.062016
0.000000
25.213505
0.000000
0.000000
0.209864
0.445098
0.000000
0.000000
0.000000
64.867363
104.709785
20.682316
32.652142
13.833694
0.000000
115.635605
541.732239
23.742393
0.000000
5.294758
0.000000
12.091878
59.253563
0.075416
0.000000
12.519845
0.000000
8.920895
1.022184
360.731201
0.986284
0.080240
0.424574
0.000000
0.371483
0.000000
1.524948
0.000000
6.240911
680.188293
52.142334
0.324840
0.087943
245.064651
25.662804
6.906675
0.000000
36.204433
0.243917
0.540832
0.000000
3.223125
0.033261
3.708859
0.568164
0.000000
178.700760
10.594794
0.000000
0.000000
0.183979
2.192707
0.000000
0.169463
0.000000
0.000000
24.819929
40.922104
63.653778
1.005832
0.000000
0.000000
15.083290
11.764419
0.122554
98.013641
0.075896
416.094818
38.492218
117.604881
122.188087
0.000000
225.259232
38.495110
0.000000
68.319565
86.814598
0.000000
18.689631
20.253416
0.000000
0.000000
0.000000
73.919769
34.484768
76.219109
756.325623
0.000000
2.088229
25.188126
295.998138
0.379692
3.884706
0.000000
28.623789
8.595564
137.422638
34.869434
0.045788
24.576679
21.660610
4.756638
77.975388
0.893030
0.199325
268.060547
20.828632
22.451071
0.000000
42.686516
261.649170
8.559643
36.793915
2.365459
0.000000
0.000000
52.827618
29.927200
143.892532
0.000000
0.076772
0.000000
3.210667
88.321182
65.897606
9.212904
14.019197
0.066546
49.441544
0.000000
0.000000
45.769825
0.000000
28.832775
0.024094
164.162888
160.291016
21.606348
1904.728149
0.203644
0.068241
103.828171
9.759818
0.244880
0.000000
0.124039
0.040568
1.092996
1.433656
17.428963
9.197977
13.014734
9.560866
0.000000
0.721344
15.798189
26.374847
21.790941
1.767040
0.000000
0.000000
0.000000
0.283957
0.576862
16.491262
19.057076
0.000000
0.000000
13.082476
9.898115
0.010767
126.486168
1.616603
46.365475
0.013776
104.431961
81.369568
36.453995
0.000000
0.000000
0.000000
12.577666
2.604375
0.000000
6.286456
55.306293
0.000000
152.373016
0.000000
12.680063
21.098766
92.107582
0.040191
0.000000
0.025013
8.566326
19.998499
52.646355
1.414176
8.124004
22.820715
0.423806
0.000000
6.850312
9.958228
24.985575
0.000000
0.000000
0.000000
96.956947
7.091181
0.321337
1084.789063
0.000000
390.856934
14.520667
906.517578
0.263697
540.949402
0.181236
32.976585
95.896324
0.016282
0.000000
53.746628
50.008282
0.000000
155.329071
0.330130
19.205297
0.000000
9.489663
0.000000
0.000000
50.619972
50.259777
0.000000
110.294365
65.581223
22.561413
15.402577
1614.014404
0.711287
12.369936
9.729797
4.422755
16.145607
14.626370
114.450752
1.287371
0.000000
987.165527
36.543785
0.000000
0.000000
13.263975
42.999325
0.000000
18.633167
17.300295
510.496887
6.430863
3.275244
0.000000
0.000000
0.163588
193.015121
11.575570
0.658080
0.533522
0.000000
2.688250
0.385899
27.936491
23.672066
0.122324
0.000000
32.583771
26.405764
1.744168
0.000000
0.000000
0.013420
3.838653
54.944374
31.299198
27.619705
170.528656
39.752518
262.365265
0.000000
166.609207
0.330268
0.000000
0.000000
29.967937
0.016862
4.523489
0.000000
98.247719
69.950531
0.257845
51.190014
60.981888
13.973555
137.707153
5.943611
0.207338
32.093182
11.112340
0.152488
0.000000
0.000000
0.000000
0.000000
0.000000
497.017151
17.330088
0.070990
0.000000
0.000000
79.780212
19.922901
836.625732
14.552300
0.000000
0.926185
1.824147
65.252113
74.145874
38.373650
114.794716
0.000000
1.563524
44.162781
0.000000
0.000000
12.027852
8.418789
0.436243
6.604239
0.000000
0.019002
0.000000
0.000000
39.401764
49.488201
79.601631
0.000000
135.515640
0.003147
14.963258
8.631997
34.285984
0.000000
114.242439
103.280945
0.740463
55.179802
0.063267
55.602928
0.543558
12.619439
227.016159
107.666214
7.853557
88.596848
29.766184
269.761597
38.997356
0.024334
1.082710
20.000572
47.774933
94.030731
150.860413
0.000000
0.000000
1.212329
13.799811
79.761566
112.381996
0.000000
0.659043
70.474899
105.920464
32.691212
6.480762
20.500378
0.000000
0.000000
4.053643
0.005979
68.078720
14.571313
0.000000
97.957527
44.991253
0.000000
0.566877
192.960785
66.695480
0.014991
0.222317
41.077988
145.710312
0.202698
0.000000
0.000000
0.000000
559.627808
0.000000
0.018277
51.457077
2.146405
138.731598
42.338799
0.011488
39.499714
68.138779
46.602795
0.873289
0.476253
0.000000
0.508565
353.026337
0.000000
61.783501
7.075526
81.590599
0.404515
15.173958
0.000000
0.000000
0.183479
0.000000
0.000000
0.000000
110.194160
0.000000
3.835999
30.361023
0.000000
0.000000
83.583214
0.707606
0.000000
7.670156
24.822004
70.100647
20.923717
29.194078
1.901408
0.000000
79.599998
0.000000
11.209807
40.200817
0.322295
16.115534
40.951313
0.232933
89.543533
0.088890
493.049347
155.747284
31.585829
0.044056
0.000000
0.064423
40.805683
25.895954
101.838608
48.587063
0.072661
0.430332
0.258163
176.818024
32.624435
0.028643
2.663851
52.436527
0.000000
31.669899
0.946322
0.812596
7.633627
61.529221
7.962524
0.000000
0.000000
0.000000
0.000000
44.879711
0.044801
17.384415
60.653843
21.968082
33.658810
4.244102
173.537323
74.967239
54.564705
0.611424
0.000000
56.066853
0.408632
5.470495
95.849602
32.167828
0.000000
0.541336
0.000000
45.151211
0.049377
130.538239
26.751806
10.040458
0.000000
13.133244
63.995132
18.269810
0.493618
118.359390
803.392517
22.687363
0.000000
46.133484
7.782354
0.000000
0.000000
0.000000
26.739784
15.152511
0.209043
0.923848
4.994052
31.972343
25.666716
23.123755
0.000000
46.650856
59.665249
1.099837
0.000000
6.809688
108.014832
30.909752
0.000000
2.455187
5.011469
1.978833
1.798014
0.286644
0.093004
109.024315
183.524673
22.691940
68.317711
47.250023
29.507868
25.837202
5.930988
10.148606
16.353016
4.208175
63.432842
60.511845
90.662270
61.815434
28.114510
17.477057
1145.888794
178.807098
15.309959
57.015213
56.772808
9.524210
13.558945
55.811729
25.504780
21.969948
0.551789
0.000000
3.378486
115.342247
0.693992
0.230713
0.349288
120.105171
0.000000
12.108255
0.000000
0.000000
1.835904
2.288641
0.000000
0.000000
0.761553
33.864136
0.000000
0.137129
47.716694
0.000000
0.017384
12.147419
8.679026
4.705588
2.797605
6.173581
2.489477
0.000000
0.000000
0.530891
6.256426
0.127267
0.024044
0.000000
17.813103
77.179504
8.079761
1.107203
0.000000
1.015419
139.393082
0.125788
0.047481
0.000000
0.765582
70.387093
164.976151
0.000000
0.058709
0.000000
0.000000
9.619461
38.404118
14.024329
37.650795
27.095205
11.489507
6.747692
21.146648
0.556056
0.000000
0.151259
133.367218
0.000000
0.000000
158.137939
149.467377
50.849335
0.065586
13.670556
0.352912
3.012710
0.058497
11.958194
21.857862
1.661546
0.000000
2.243975
236.710281
38.581310
0.000000
3.749932
0.000000
0.000000
0.014077
47.792698
0.000000
2.273830
0.046447
7.446335
12.208241
63.589031
30.817301
0.279475
16.352776
0.000000
3.213241
35.008316
33.552727
0.411610
26.664190
55.021465
0.234969
48.990524
20.067486
10.789362
0.817437
0.000000
0.951835
17.914793
0.437304
18.351362
0.037776
0.308915
384.735352
115.307709
21.849094
32.665344
0.324195
0.250618
0.000000
16.854134
71.306648
9.511784
11.444988
66.936310
0.000000
1.111193
0.088901
83.245026
83.617836
0.015439
17.971924
75.612480
0.000000
32.846786
24.620079
17.659245
0.691619
0.000000
0.109866
37.142242
0.357494
0.089168
509.816010
0.000000
0.000000
0.000000
45.028633
253.385529
71.613770
17.802406
8.608705
127.089043
0.000000
4.045532
56.239944
23.759691
0.881176
12.600866
125.500610
107.883301
18.290775
47.411629
0.222890
38.351204
0.467804
20.560411
20.512674
7.702380
27.139000
0.000000
0.059574
340.708344
2219.453369
15.444180
54.275322
91.143890
2.128043
13.866591
0.000000
0.000000
372.570160
1.485050
41.119015
146.347488
1.139988
15.128177
0.889682
0.370267
24.467546
15.088456
0.000000
57.249592
49.304577
0.649207
19.034870
39.495430
139.342743
0.000000
0.019637
0.000000
54.376701
14.652901
27.059725
2.318718
2.352618
1604.302124
24.150515
13.418277
69.341225
101.793114
0.812672
5.297204
7.114897
0.194497
0.000000
5.066007
0.000000
39.926361
14.401906
19.861181
21.854456
71.693466
33.253689
7.781028
11.493542
0.736752
11.443443
1.386380
1.064627
0.000000
11.250645
0.000000
0.000000
0.101881
0.101907
10.221434
25.142588
0.000000
0.000000
125.048988
0.000000
0.028032
346.719910
0.000000
0.054015
153.979553
0.000000
0.018673
0.000000
53.199482
8.480977
345.330353
20.477468
0.068521
0.536126
0.000000
141.430893
0.000000
16.391706
63.718544
0.000000
5.342401
47.001595
39.560673
0.000000
17.780275
56.236317
10.976279
0.000000
0.000000
0.000000
38.570938
0.000000
0.224535
2.790113
3.044390
0.219812
7.128916
2.682281
0.000000
127.342369
16.141294
0.000000
0.701262
25.961428
13.312997
17.288994
0.016577
0.000000
0.000000
5.302361
458.136627
10.089712
0.000000
0.000000
0.000000
3.982360
0.053273
23.777086
0.000000
0.000000
0.615129
41.674973
22.157085
2.715433
20.223110
49.862667
58.383530
6.086887
9.408482
36.633030
25.127108
1.277349
1.544312
43.205124
0.415896
8.218299
127.501335
0.000000
0.000000
0.000000
0.045413
20.190199
36.335621
0.000000
41.000881
0.324996
64.628563
4.526191
0.119018
32.812756
26.694046
39.984787
24.203287
0.403288
5.058046
45.356682
30.808287
13.549849
80.840317
22.709827
9.289052
202.309753
0.000000
142.517639
2.824554
129.025558
85.216660
26.767651
0.000000
887.855286
48.802486
18.477880
35.706352
26.753239
301.801971
0.046814
4.051847
4.946772
0.529089
0.000000
76.913414
40.097256
0.000000
0.019971
6.179433
0.000000
27.053209
48.440601
179.186966
31.817659
4.891183
44.775318
10.066761
34.472790
0.000000
1312.650391
49.615746
29.957882
78.234718
14.967998
133.585007
0.060284
15.709398
217.373962
0.093565
287.200989
16.279549
4.619676
180.030853
0.000000
0.000000
11.682477
2.848977
0.256026
0.000000
1.421288
35.698795
40.485844
83.529480
12.354770
72.145828
0.000000
1448.010742
0.000000
0.000000
39.249485
5.851345
5.372805
5.379878
40.494488
3.074579
4.351583
0.241353
0.070463
115.810509
60.134903
0.000000
54.588245
13.391634
50.690624
0.000000
0.000000
0.000000
0.000000
0.867624
0.000000
0.000000
0.000000
15.957998
35.150440
0.000000
0.000000
0.040910
1.816863
324.081940
3.778287
6.882533
14.567173
30.798748
0.000000
23.679058
6.134685
0.000000
10.781683
50.337986
32.919304
3.077205
0.000000
9.746472
170.307739
5.275219
67.978104
0.000000
0.000000
0.000000
35.512409
12.520240
0.000000
0.000000
34.698765
0.000000
1.223445
0.000000
0.160860
46.357861
924.383057
0.000000
0.885040
9.810591
16.848835
12.391598
1.140623
0.000000
0.000000
195.101547
160.997620
0.000000
42.304405
25.677727
0.000000
192.441864
0.000000
112.188492
0.000000
33.298119
16.713551
34.820255
10.230994
101.586060
0.000000
11.337167
2.442071
0.016746
131.009369
2.273755
8.903475
25.598837
11.976953
17.483664
0.000000
37.964699
24.230797
19.412683
25.700926
5.339790
0.571374
5.732738
0.077566
5.614226
1.950200
16.949011
17.865498
36.695496
0.000000
175.192337
1264.626587
1.704711
52.911732
0.148064
0.000000
6.899224
6.017131
3.226639
22.007839
26.606867
36.848892
10.298212
51.526508
1.737910
0.286449
2.979525
0.000000
51.125168
0.107432
1.459679
0.000000
0.000000
21.043037
34.848587
2.538356
46.921009
0.096341
9.144300
0.000000
165.416367
4.537831
0.113860
0.000000
0.000000
0.011274
3.087386
0.200718
0.142957
45.448444
0.013846
0.000000
0.000000
0.000000
64.484093
0.000000
0.000000
13.067058
815.493896
21.142715
1.830626
0.000000
0.288517
115.225357
0.000000
1.291074
13.079797
31.378853
1.592533
2.235618
62.605289
0.000000
0.000000
0.773750
0.129276
0.000000
12.938414
0.916655
70.230461
70.618355
7.796897
8.027304
3.920223
8.477698
1.776136
32.587509
23.174263
1.998303
129.672485
12.842351
4.557389
0.000000
13.856054
0.000000
74.311447
1.694232
72.248138
54.302273
0.722053
128.227234
0.180122
62.396584
20.058966
241.300217
19.408192
59.532684
0.000000
0.349395
0.023999
2.905920
1.358169
228.829208
0.470095
24.769854
0.000000
29.766167
0.118422
27.896936
0.485635
0.000000
0.000000
40.634884
2.568854
0.000000
2.279516
100.483788
0.629452
0.000000
0.000000
47.394993
36.118835
0.328159
0.000000
79.741409
10.363848
0.000000
0.112487
47.473713
4.018627
0.393118
0.573264
6.981377
0.000000
0.034822
342.967804
0.055692
1.732128
28.104734
4996.047852
150.849411
224.991959
1415.441650
0.000000
22.681595
0.000000
0.000000
0.345112
381.548004
128.813538
0.000000
5.031307
51.652481
3.249634
5.653192
10.577121
0.000000
0.139318
0.000000
3.285321
3.660686
0.000000
0.000000
181.067490
370.735657
18.832750
0.000000
56.753738
3.477146
0.000000
0.050335
108.145378
5.676090
18.255075
3.039814
0.130751
3.718632
71.025238
39.576229
27.955338
6.584686
51.594189
6.074869
16.955353
2.133156
0.453919
0.194334
7.270066
0.000000
12.603292
0.000000
3.779310
59.343212
0.000000
0.181017
41.585800
134.208694
0.093678
0.000000
11.033601
23.138374
0.016177
0.050107
0.000000
13.214985
0.693315
0.040596
0.000000
3.590573
232.514984
2.230186
30.787533
0.000000
0.000000
21.277086
0.000000
0.000000
93.144302
0.000000
0.000000
0.460141
0.000000
63.954960
0.097281
0.000000
278.114410
0.000000
27.561613
17.331768
0.093339
0.000000
0.000000
26.764929
5.479745
0.000000
39.865181
0.879709
0.000000
10.986125
430.074829
15.086709
0.554288
12.930691
33.625904
25.142483
77.763733
0.000000
1.081276
0.093079
3.656723
1501.204102
0.000000
0.000000
0.679317
16.360561
5.362251
5.653739
0.000000
0.600789
45.064507
130.457932
4.565645
0.179823
0.780513
3.180158
34.420265
15.458868
9.892694
23.012415
0.000000
77.968910
282.783234
1.470133
84.068199
0.051131
3036.210449
11.843301
32.326893
33.867645
0.000000
14.969578
0.000000
73.693466
0.336237
37.851501
30.644123
46.272682
0.779551
76.491577
0.000000
0.000000
1.502002
10.669641
0.000000
0.000000
7.686065
200.950119
495.682495
13.173412
5.348536
0.196424
0.352481
26.337254
0.000000
0.000000
6.809897
29.731255
0.000000
46.943947
20.275364
14.621614
111.812767
0.000000
50.453999
1.209076
0.000000
0.190567
73.242836
0.000000
9.925095
18.168243
21.643618
0.000000
85.961456
36.508949
167.789520
1.075788
17.013103
19.511116
33.483582
52.821636
18.490379
5.362161
2.323608
192.394897
6.784439
46.104210
63.282303
0.918021
0.031621
0.359155
292.605774
0.000000
72.144554
17.163038
4.497357
19.364241
0.000000
0.000000
64.108490
0.000000
0.000000
0.000000
234.424301
13.263700
1.482663
0.045005
87.037781
7.081892
0.451959
0.000000
24.757769
0.000000
0.000000
23.987272
0.488039
15.928541
2.496385
47.952702
0.000000
0.626219
0.014311
0.000000
18.358616
0.000000
4.855320
130.935135
3.109898
76.156555
4.068930
23.423008
2.529010
19.058853
0.000000
0.968471
117.848900
0.000000
0.000000
8.682495
0.000000
0.000000
95.411552
25.935543
0.000000
3.897542
0.042094
2.421674
0.000000
44.661282
1.302591
0.575107
0.000000
0.000000
353.834045
2.803208
95.725029
64.654129
155.474808
0.000000
1.538334
8.215110
271.551453
402.984161
2.492155
45.607250
0.307135
18.444250
17.438858
0.000000
0.049018
37.257423
0.000000
0.000000
73.810890
121.432091
0.000000
0.000000
44.903019
16.463894
0.000000
0.091313
12.110946
0.110048
0.000000
0.310229
0.000000
323.232025
0.307330
20.889919
0.000000
762.004639
173.663910
278.274719
7.305948
48.973808
25.386091
23.681042
56.031742
19.255241
28.763191
9.259143
0.612683
17.870707
0.000000
59.464184
18.913376
129.506790
11.941975
22.513704
0.749752
1.827510
0.149341
14.557240
166.617950
4.832650
20.248226
8.031725
0.218298
58.957664
0.000000
43.411697
0.000000
6.011174
0.000000
0.000000
0.038308
2.043570
0.000000
24.312346
0.000000
0.000000
3.983353
23.063135
29.083609
505.646332
64.036537
85.622581
0.923672
2.976484
4.046775
0.103622
31.454950
0.000000
46.728302
12.690695
0.000000
0.204354
54.040817
2.402159
12.158322
0.000000
0.236784
48.908333
19.343233
42.453503
23.507618
0.363817
43.686333
0.000000
36.313637
0.000000
5.166485
10.789068
1.889199
9.592536
0.062456
0.000000
33.811863
12.381095
0.000000
47.202003
2.429730
1.419318
0.000000
94.649971
0.000000
0.000000
6.793515
0.000000
11.643960
4.018672
31.083229
0.000000
10.768037
0.000000
22.037655
0.000000
0.000000
40.945099
1.457647
0.000000
33.425785
0.000000
30.358404
23.797674
10.143655
2.949327
2.626947
47.479210
39.838303
4.655829
0.116338
236.264038
12.821849
1.967573
23.934036
36.616573
4.874348
0.000000
0.000000
3.156605
23.414604
66.757568
48.228287
0.000000
12.973841
0.000000
14.318172
0.000000
33.593719
33.686024
0.000000
30.413330
54.650204
0.000000
49.904724
0.000000
54.642326
38.148857
0.000000
40.615108
20.934639
1.222652
0.836301
0.000000
25.881929
19.086252
32.983772
0.000000
71.754898
0.891762
0.247554
0.000000
4.285615
41.104351
17.870846
95.733391
0.000000
13.540293
0.000000
1.574850
7.193216
13.564516
378.609772
26.955357
0.000000
0.000000
9.170524
25.927742
44.640385
29.245655
13.269446
76.538933
0.000000
0.335723
33.184067
1.368807
244.160721
0.000000
0.238882
58.902393
0.000000
20.129648
1.530462
0.622461
4.500851
56.577827
0.834040
2.656903
122.775307
22.170031
106.323196
0.889737
0.000000
0.000000
12.316184
1.133501
0.000000
1.286747
42.625416
0.183853
14.385461
79.931557
112.720886
0.000000
0.366697
0.000000
0.000000
2.442171
19.924067
0.000000
12.017898
249.611923
17.551313
240.226669
7.811660
16.365875
2.605804
28.370331
31.788130
17.422192
0.000000
186.002167
0.000000
50.042465
29.586161
8.818653
0.000000
0.000000
39.336830
0.663938
91.049271
3.024054
1489.199463
10.852979
39.781906
98.999367
0.000000
0.087447
0.537000
0.000000
0.503354
0.000000
9.519254
0.575523
0.000000
0.595752
0.000000
8.939429
0.000000
149.867157
100.098572
0.000000
39.603031
2.399884
0.000000
36.173649
0.682725
24.688047
1.518170
86.061882
1.243279
35.198204
0.275056
0.000000
78.348846
46.460384
0.000000
0.000000
12.595712
0.159109
97.664322
0.024512
2.192437
36.403625
25.911919
80.018509
752.870667
16.627810
30.123198
14.987044
17.991005
0.000000
0.000000
31.177401
5.630343
64.805077
0.000000
9.073872
0.000000
0.000000
9.751198
0.000000
0.000000
847.717285
0.000000
119.580307
69.019295
43.945736
205.456146
96.105423
91.452988
0.642122
0.862037
76.430176
71.275177
103.981750
0.023747
88.290451
16.385820
0.270052
61.582726
27.483545
0.045387
73.820641
0.000000
0.000000
378.836151
3.994704
0.466208
0.000000
0.000000
9.622266
0.000000
51.892258
0.000000
14.526524
0.000000
135.740509
17.079725
1.042758
94.183502
53.909737
0.000000
7.525976
15.609857
434.963440
548.625732
0.000000
7.670402
125.985565
22.128195
302.373474
0.000000
0.244197
8.588818
0.978372
129.857925
3.019376
23.043077
0.263794
17.344362
9.011310
0.000000
0.000000
0.019518
0.223747
6.159838
68.862457
0.000000
7.602866
358.687805
21.390587
7.446665
93.171936
0.127271
13.154771
43.741859
34.764347
0.000000
69.185425
16.044199
0.000000
48.246487
0.033462
0.000000
53.552826
1.887250
0.000000
34.465549
48.303795
137.509521
1.200865
129.246017
1.954406
34.269135
0.000000
36.854660
26.195494
15.989017
30.023643
43.632996
50.207684
43.171326
0.057450
4.709685
8.727277
0.000000
0.000000
0.000000
0.654492
87.525513
0.535314
0.926595
29.946142
48.355175
60.186440
76.128326
18.975899
0.350826
44.482449
0.070708
0.000000
0.401400
5.818744
0.000000
236.479309
0.384627
0.000000
0.000000
34.655788
0.000000
2.274518
15.802582
23.168968
8.233196
0.000000
0.000000
145.711731
13.503900
13.879044
0.000000
43.509323
0.000000
3.133689
15.543344
16.191526
17.308685
43.928200
19.006584
0.000000
86.991829
58.534992
0.000000
4.511314
9.308349
179.670685
0.209226
59.649357
38.433495
0.000000
28.519758
165.859421
13.903653
0.009737
1438.356812
197.376816
29.466816
16.974089
32.213001
0.717165
6.159568
14.523084
2.991727
12.520325
34.705219
52.745899
1.785563
127.335762
60.491688
0.308083
0.000000
0.000000
20.338434
0.059041
6.864441
5.040995
12.620870
21.875767
32.066044
42.977711
36.159931
0.000000
73.499741
46.864388
1.978715
141.645691
0.135953
0.813911
23.440554
46.291271
0.000000
8.072948
0.457049
2.272947
0.000000
0.564729
309.436493
6.688947
8.482727
30.231171
0.000000
993.496277
0.071900
106.249352
45.113914
0.000000
3.352924
7.566038
0.000000
1.727103
26.282669
0.000000
1.759269
0.428110
33.009415
21.142614
0.479462
0.000000
3.077944
30.739870
0.000000
0.000000
347.316864
42.721359
0.000000
45.215340
0.457302
1.943348
0.034080
2.862988
219.019775
0.734298
27.505974
24.086096
30.058563
0.000000
172.889450
17.549891
1.406916
132.713287
34.584358
125.304031
2.270713
81.565186
26.832830
1.174402
20.364048
7.639376
41.300022
0.496558
68.126442
0.125981
0.000000
22.693529
0.302991
115.185181
0.000000
2.595871
17.672541
26.517923
0.065957
2751.887451
0.003857
10.922431
44.299995
150.706589
0.000000
38.314743
41.573257
0.000000
58.617775
75.009735
1.085989
0.000000
38.851856
37.847439
32.192757
32.902164
599.275574
0.000000
0.000000
11.602821
0.000000
20.945198
0.000000
27.465174
558.877563
14.560253
0.097614
13.242364
122.608009
0.108941
24.007832
25.795595
0.000000
0.006748
11.356003
0.000000
12.892957
3.741958
1.205439
0.000000
39.950497
21.785992
60.698849
35.445835
0.000000
1.686868
0.285307
4.719251
0.000000
0.000000
9.440753
0.839072
0.000000
0.000000
0.000000
44.243877
72.910934
2.709629
2.643213
9.175688
25.982384
22.290594
37.967754
155.908630
0.893175
0.000000
0.586865
0.000000
0.000000
11.343843
0.000000
0.000000
0.032645
75.416641
9.536066
0.616708
0.000000
0.050335
34.910053
2.727204
0.000000
21.813665
120.191315
0.032303
4.593962
0.078924
0.332900
0.000000
13.403476
23.571569
29.519264
6.430946
0.100374
6.777459
7.321043
0.000000
0.000000
8.246802
0.000000
0.000000
13.804316
156.689865
4.812691
11.500477
17.685434
13.280155
0.126469
0.000000
0.075862
170.758575
12.588207
50.326694
0.000000
15.982422
45.269257
49.151505
0.000000
86.008217
138.689102
0.094669
166.072952
0.139991
0.000000
0.034050
0.000000
23.777739
109.120888
29.492689
1.071082
4.384352
0.000000
0.000000
0.000000
53.612297
0.000000
0.074389
41.271435
47.820938
347.323669
10.158255
0.000000
1.804081
1.148119
4.376085
17.141430
0.227465
246.199478
0.044616
34.860359
0.128550
116.472298
72.732452
1.770876
209.090607
5.086104
0.000000
23.391788
7.430666
1.268910
4.410755
12.877748
81.433144
31.154177
0.128872
9.728251
0.000000
12.343719
0.000000
8.162494
27.867935
10.995697
18.417852
1.054546
56.577606
17.600939
0.000000
0.229691
0.000000
19.068430
0.000000
8.236442
0.133878
15.254780
18.523527
1262.150513
0.003954
116.240257
0.000000
10.035411
13.164299
0.000000
0.067778
0.000000
9.806633
78.489906
7.374560
33.797844
15.305571
2.923834
84.004181
0.654871
3.052041
85.588234
0.000000
0.000000
0.000000
0.000000
59.322899
3.523982
0.000000
64.491463
28.417562
2.157280
0.162196
46.765755
11.292929
39.511002
0.000000
16.759619
0.000000
21.786860
703.191406
51.816059
36.090176
7.082733
0.000000
14.165693
10.071270
14.152946
77.703819
406.473114
29.111439
34.174786
0.397365
2770.889648
0.000000
13.098272
11.020650
0.000000
8633.082031
44.910740
1589.772461
549.357788
1.000931
670.723145
49.432095
36.771275
2164.172607
41.400028
0.000000
71.030823
13.370407
0.000000
53.197041
1.361105
0.000000
74.287476
31.595837
184.999924
2.650627
856.122925
11.427564
208.752106
0.000000
2.142186
5518.960938
0.000000
0.294840
27.109114
0.000000
874.202454
0.000000
32.723579
0.000000
3.290590
0.000000
32.638355
9001.902344
0.000000
8.736086
29.025017
0.000000
21.486732
3.874396
2803.463135
42.581951
31.305023
12.058631
3.430991
4.297627
2337.657715
0.000000
673.659180
15.453181
4.118824
209.517029
7201.349609
93.178879
44.615803
0.000000
2.799550
0.000000
42.215584
0.980031
12.381698
26.301140
5.362958
35.530968
8.696301
51.395489
6.361257
0.000000
14.985680
6226.737793
0.000000
33.823200
8.213030
0.000000
12.287176
48.353867
39.262020
14.749676
112.438919
0.135577
3.356356
28.569860
93.907692
20.622974
4.171977
33.271248
4.399196
11.710116
27.928551
5.965254
0.101570
101.495285
0.876264
4.663229
0.585468
61.167736
6.393045
7.755439
2.219517
36.006989
96.189194
43.341713
9.320401
0.000000
19.676722
0.171055
0.853029
93.037369
32.019958
0.000000
0.402633
20.787172
0.120369
89.564995
78.327034
44.326981
0.000000
32.029896
0.938278
0.502886
0.272904
5.738146
0.000000
0.000000
41.801498
0.000000
0.096615
165.403366
27.953875
0.000000
55.053844
0.000000
15.235159
92.401718
1.207858
0.000000
0.000000
0.298006
11.997535
223.347153
36.467964
2.300303
0.000000
18.816668
14.412065
0.000000
0.000000
51.649616
0.302838
15.200009
43.553944
0.000000
0.000000
0.000000
38.995518
0.439405
44.795620
0.000000
76.799774
32.712223
0.000000
51.927635
0.000000
11.216583
0.055207
0.000000
18.332911
7.629545
0.647806
23.677616
4.900049
5.967457
0.000000
0.000000
101.030754
0.735660
0.071909
74.697777
0.000000
55.175133
148.429993
8.922816
0.812144
171.149933
51.313332
0.000000
18.505081
0.000000
3.065536
8.362264
0.705735
0.000000
0.161534
4.254647
0.106511
0.000000
0.000000
0.000000
1.909556
13.282706
0.505371
35.488045
108.384727
31.147717
0.062432
0.080801
0.000000
63.644527
81.760689
0.000000
5.283676
2.275407
37.031254
149.112183
0.000000
0.000000
1.024488
0.000000
0.000000
0.000000
78.254494
13.060113
0.000000
3.247337
0.000000
0.013951
0.029309
619.882813
0.000000
6.078161
36.343796
0.000000
5.418294
32.912415
34.852303
0.000000
44.916130
0.000000
184.206497
52.484814
10.702352
4.046797
10.643932
10.850001
7.958230
60.765179
25.444450
29.700867
0.000000
0.000000
211.042877
0.314618
36.920982
21.258841
154.441940
43.648014
22.093216
9.049796
9.530854
65.908928
1.928930
0.000000
15.337228
33.309475
0.567379
8.110852
0.000000
0.000000
0.705111
0.661391
0.024901
6.239523
4.545798
0.000000
60.194618
15.684881
2.333999
4.831356
11.877249
19.808647
52.928795
1.742145
26.239513
66.088158
0.576541
99.679367
0.000000
263.273468
189.581390
95.593208
0.000000
9.155771
14.803016
0.000000
13.462125
75.860939
306.300293
0.403746
22.428835
27.561274
0.458264
301.203888
109.470039
0.440161
6.714359
8.441750
9.267571
0.000000
19.855370
133.511322
1824.770020
0.000000
0.000000
0.519082
0.000000
0.302466
0.126123
0.015778
0.037077
0.204839
0.514817
0.000000
0.000000
0.244304
0.050042
0.032867
0.021356
0.098267
0.317011
0.063007
0.031841
0.031634
0.055404
23.921623
0.380314
0.016862
526.500916
32.582802
0.000000
0.426369
5.614621
103.475204
0.273476
4.335433
82.492699
6.457210
132.743134
46.674385
0.107482
0.000000
2.471550
5.458465
0.000000
22.933500
0.000000
27.406132
64.766411
0.129301
236.625458
5.335789
20.284943
38.719936
0.000000
21.927835
4.172429
68.831642
0.422329
8.151856
47.123283
17.177572
32.182224
47.001667
4.865421
0.235523
1.801389
1.288671
2.569487
0.000000
3.075228
0.000000
0.011774
14.992412
101.142502
26.587677
12.091352
0.000000
0.321820
0.000000
127.911766
0.000000
8.580550
0.363548
0.000000
6.282137
137.889465
1.226356
0.415051
0.000000
0.695846
12.261081
23.754885
87.809616
0.027312
116.485062
64.664780
64.057930
251.501770
89.381409
32.604145
19.273703
9.970813
8.651773
1.500728
156.392715
0.086388
0.000000
0.000000
63.368595
16.133381
68.137062
0.718425
21.981544
0.859208
0.126035
0.000000
63.850193
0.235437
4.006525
0.000000
55.520248
0.000000
52.746975
58.628548
18.125172
21.135410
36.064636
35.016357
0.011882
0.000000
0.000000
59.223236
183.404724
0.069317
0.000000
0.000000
29.623737
23.867445
0.518243
13.567144
106.956642
21.282312
72.998192
3.590379
30.904629
0.000000
47.797905
41.601563
0.000000
1143.917358
0.000000
29.187513
35.403545
33.573196
18.618631
0.000000
0.000000
2.314481
0.000000
8.471060
20.302048
0.000000
29.572886
35.973354
27.629244
1.761500
34.866184
18.920464
300.811096
0.000000
0.000000
117.361778
0.000000
5.562363
8.477926
0.031353
152.020935
29.901859
0.000000
1.424655
1.070012
16.905144
11.692687
7.770188
11.574280
11.922976
3.231649
78.968895
2.037962
40.094086
0.556013
3.207022
244.278656
0.000000
0.000000
0.040518
0.000000
0.000000
2.076702
20.190479
27.391991
11.319102
46.017971
10.371150
0.000000
116.251686
8.437248
38.804695
176.631424
119.681084
0.000000
1.627683
0.714687
8.477296
2.932192
20.386028
31.493898
0.744573
0.000000
2.326202
49.913639
1.504526
0.533709
0.020953
18.475744
65.145119
0.000000
0.000000
0.000000
39.980076
37.881374
50.828777
0.187538
0.000000
0.000000
0.000000
128.570251
36.319000
0.000000
0.011594
89.326500
117.268219
0.027942
0.000000
55.886089
25.386868
1.263481
24.850628
10.153361
45.947048
26.305960
0.000000
0.214601
28.528561
1.338358
49.662624
2.097509
0.000000
0.000000
0.000000
0.000000
0.000000
55.568443
0.000000
7.905360
39.413746
29.778824
16.203667
20.121937
62.632618
52.816772
2.339604
949.571838
13.690399
24.595200
25.480593
43.587215
96.192612
2.365855
22.929657
37.087696
3.530140
64.000999
13.068259
39.839787
16.406227
5.554097
0.169773
0.747708
0.011943
1.437273
0.000000
0.610027
178.709244
4.791680
35.293388
0.000000
71.400017
0.000000
0.000000
0.000000
27.343798
2.363518
8.461988
17.571003
33.912632
337.956024
0.000000
5.672053
30.304174
3.009443
0.696452
0.630255
3.173491
0.000000
74.954025
30.474562
233.082397
0.455503
20.925385
0.000000
0.000000
19.851299
62.903671
5.853227
0.282975
0.089023
11.460979
0.000000
0.000000
1525.693359
0.000000
0.000000
0.000000
4.349284
0.000000
6.948564
1.157908
0.000000
6.919564
0.000000
0.082667
0.000000
4.037055
0.000000
0.000000
0.630885
20.983465
15.041877
967.205383
0.665305
16.719320
1.630322
28.208338
29.201756
12.602098
10.973178
3.043906
21.286350
51.795811
36.856068
102.009888
0.000000
87.541290
5.448836
0.000000
0.078409
7.951115
0.873980
0.000000
40.506630
0.000000
0.000000
0.000000
29.539940
46.500038
5.826541
40.612774
73.849831
65.199005
91.222298
59.791004
28.111046
8.115974
0.000000
0.000000
0.000000
0.000000
0.000000
0.037523
45.507072
106.851669
5.380663
0.970844
1.872122
12.945408
54.280064
16.757397
0.000000
26.461218
45.089745
117.376160
0.000000
0.000000
70.505867
40.903297
34.681034
0.000000
0.000000
0.000000
0.352571
0.000000
0.189161
0.076194
0.000000
72.294388
13.504751
0.018089
7.081192
38.086945
0.000000
20.227924
50.933754
14.658572
76.883659
4.662486
0.019966
0.052178
0.338992
56.988575
8.079493
48.809986
44.348942
0.182406
2.825637
0.112932
33.733955
14.995532
6.662643
63.786636
4.728438
0.424049
57.247044
280.866913
41.849468
0.332648
0.000000
35.540459
29.261736
0.000000
16.112202
0.000000
40.427761
0.000000
93.142242
21.827791
15.436495
0.000000
66.650909
1.272277
2.753829
11.266264
85.890152
0.000000
8.731766
10.713007
20.299726
0.000000
46.667255
5.696537
130.364655
0.000000
35.173267
2.122046
137.924179
4.403523
28.413610
12.045962
25.039358
6.052932
0.328668
1.507461
45.161282
0.637736
16.285856
0.000000
0.000000
33.193478
1.657387
205.416733
0.031758
27.437571
0.043164
166.228897
0.000000
24.845345
0.000000
0.000000
36.117207
3.580342
0.000000
50.679359
24.274866
0.717481
25.875607
0.000000
85.498100
12.533904
7.623974
0.215499
0.844158
42.060471
76.794510
0.198143
298.573517
0.000000
9.173259
30.111282
95.248985
122.997711
81.155991
49.829346
12.533319
43.471676
2.859787
44.634529
70.723656
0.124524
110.835602
21.539845
11.618811
76.279068
36.482357
2.396374
1.111294
2.188665
0.000000
0.000000
100.468048
43.826027
45.749382
34.312462
0.329917
4.822497
0.000000
40.305935
1.486087
2.925015
25.717505
1.229821
3.638308
942.286865
0.000000
153.643967
24.586504
2.063737
0.000000
0.000000
1.638600
58.489391
44.628220
1.804331
0.000000
11.239787
0.000000
0.378554
80.576073
0.000000
1.552543
0.000000
0.000000
0.000000
0.000000
91.658783
1.808303
0.306757
38.148693
0.000000
43.885052
0.135233
333.067535
45.384632
10.314196
78.473938
10.189263
71.554497
211.263367
0.698903
0.000000
0.000000
87.719673
37.638210
22.893576
0.000000
41.344440
9.507058
26.316193
20.026913
462.757690
9.051221
3.921707
0.840954
1560.169678
0.687365
183.721512
13.365374
0.000000
78.107964
0.071227
0.000000
0.000000
32.783905
1.290103
0.000000
0.024556
3.877583
41.806129
115.888947
38.406857
24.882553
0.000000
12.549456
2.006774
0.000000
29.075314
0.232526
0.000000
22.272821
0.006454
2.180063
0.288648
0.000000
0.582424
0.399908
0.189879
13.181083
155.338425
96.859924
58.931072
12.002493
0.792890
0.000000
0.030780
55.954777
0.548808
2.951061
18.606670
43.412567
0.000000
38.547150
22.343653
29.082809
0.000000
59.274998
0.000000
4.644355
87.655495
26.399899
38.290562
45.214561
0.300642
0.000000
2.970213
227.746735
24.258244
0.000000
40.739185
12.079178
10.390527
0.000000
1.157759
0.000000
0.000000
0.000000
1.039386
39.439598
0.000000
140.369339
15.475468
0.240885
5.232178
0.338765
43.643364
21.516180
8.705209
0.000000
0.000000
2.022208
0.000000
0.000000
79.159973
0.000000
31.997784
2.034479
28.918709
0.000000
0.193309
57.163631
0.071263
2.407317
0.169666
54.477856
10.980397
25.663555
27.344156
0.102668
0.137284
47.740150
0.000000
5.798158
1.961932
0.000000
0.000000
0.000000
9.458154
16.904900
761.157532
34.218555
3.414087
64.012062
0.000000
41.291492
0.000000
0.000000
28.103436
39.588730
0.000000
17.213278
177.977997
1.442429
0.376381
0.000000
0.261413
25.172287
0.000000
0.000000
69.132332
0.245861
16.139734
59.051704
47.304359
0.093975
0.000000
34.868767
1.752927
0.000000
11.480957
0.000000
61.066086
315.759644
18.852203
1.022699
27.398487
80.914604
29.709988
11.063768
18.611835
6.364364
0.000000
0.000000
8.077164
11.014373
0.129175
0.000000
0.000000
0.000000
331.809723
0.000000
0.000000
0.487673
0.000000
5.203535
78.637085
92.263680
56.097481
0.000000
0.000000
0.324028
0.734551
0.111766
0.578474
1.164400
0.000000
4.034911
0.000000
0.000000
46.265217
77.499985
1.415800
1.180645
47.141163
14.573174
96.184685
0.000000
93.262924
31.349331
14.516224
28.941301
4.622055
0.000000
1.651420
29.818621
14.755752
102.056198
0.000000
1.610337
44.632278
5.676909
9.497461
82.639404
227.206802
0.159384
5.984994
0.000000
0.000000
53.533920
10.768949
0.000000
0.446894
173.374588
162.297180
35.168224
18.337551
12.312460
2522.224854
1.248327
28.657358
0.000000
2.922047
11.107449
36.294643
13.586740
39.289112
0.707413
0.399898
8.407314
0.439692
37.756813
0.181629
13.112050
32.513878
0.000000
3.048272
0.015144
1.301542
3.039339
12.099772
100.850121
45.747410
39.208267
13.001375
0.000000
65.772804
18.741680
29.648308
100.758575
0.773822
0.000000
0.000000
63.698856
40.637123
7.282176
17.747278
0.000000
0.000000
0.000000
2.428532
13.806746
0.000000
0.025415
14.967736
1.232825
0.819300
43.750088
0.624040
0.000000
13.652739
0.000000
21.126659
55.543407
72.452080
0.000000
217.832993
290.895020
0.000000
7.733472
0.091862
0.594016
7.282938
0.373793
5.231067
22.723764
54.599953
0.000000
0.975666
26.437281
55.993694
4.242809
20.005455
11.153040
34.377075
0.274815
19.198484
5.824619
17.262199
0.000000
32.925552
129.493423
19.873919
0.000000
0.000000
7.783644
95.069817
130.112030
29.693480
0.000000
28.770807
56.898273
14.100232
0.020273
0.034095
0.416274
228.538055
0.332900
0.000000
14.831495
12.981381
245.856171
0.016833
100.075203
2.490111
0.000000
0.355128
44.321712
1.349902
2.808786
8.138475
0.000000
29.462938
30.815275
1.236390
64.286697
38.465748
40.356709
13.167038
14.992829
0.441060
0.000000
5.638524
46.887611
11.792392
90.045662
0.407814
9.168098
842.966919
1942.506714
101.863304
2.885663
269.378021
7.033075
0.000000
0.893722
13.388873
48.859505
1.016122
202.336960
0.000000
23.552504
11.555994
0.839373
0.000000
76.859573
6.654723
0.000000
53.897278
1.523000
0.289366
78.763268
0.000000
26.096813
55.547295
3.428580
0.000000
40.657665
41.802387
0.000000
13.114569
16.010818
33.056236
16.802076
13.329515
14.958714
30.935339
15.205289
101.463486
0.000000
82.283165
4.212120
34.262737
171.417816
18.024103
79.097588
14.486107
2.005235
83.239571
1.326889
79.683594
0.000000
23.272066
7.426018
0.000000
2.637313
87.504272
5.859729
17.685869
0.142853
15.816300
41.032928
0.000000
17.255568
10.234010
28.782059
0.000000
0.560458
0.072513
2.143306
0.395952
0.000000
0.000000
166.088257
186.943634
39.115604
39.044861
0.281943
0.000000
97.911072
0.442727
0.577359
0.666994
5.623024
177.153610
34.885338
30.437126
0.159099
19.780493
1.823918
20.972572
16.590118
0.995499
14.980571
0.735015
0.000000
10.822650
63.092735
10.493315
46.669487
57.464188
39.071495
9.085768
0.000000
0.000000
10.532175
1.836625
0.000000
15.620624
0.000000
0.170314
0.045360
56.480755
814.407898
0.000000
21.528229
108.979080
30.837780
1.469190
26.866129
0.000000
41.702984
5.581431
151.792191
17.068922
58.016735
1.864630
37.112885
0.000000
8.076672
7.207766
0.573160
165.437729
42.196529
1.072176
2.120877
0.821337
84.134933
61.579189
0.007275
9.522976
13.856728
0.000000
6.605275
576.927490
189.576721
76.017784
0.563175
315.928406
219.145264
0.000000
20.423618
62.255966
11.551118
1.302361
0.260491
0.123682
0.000000
82.920029
253.377136
20.137316
20.435942
0.000000
0.000000
3.959587
358.539795
12.569633
35.271996
12.938220
0.000000
3.360407
1.400829
0.000000
0.000000
0.000000
0.000000
0.000000
0.000000
0.000000
8.096395
0.000000
2.912930
100.782906
0.000000
24.896862
4.379938
0.636421
2.833575
22.090025
30.594324
0.056659
0.000000
0.000000
0.060504
0.036301
2.245963
0.000000
0.446193
2.594492
38.624733
29.055340
46.002266
0.000000
76.304863
0.000000
0.000000
10.015780
3.685133
2.432472
0.092165
6.539858
0.000000
0.000000
0.835124
0.158693
0.000000
0.000000
38.130802
6.488164
0.000000
0.000000
146.024155
0.000000
0.372190
190.067505
1.221324
22.280447
0.000000
322.430542
0.000000
15.003636
0.000000
0.000000
0.000000
7.427430
38.744423
0.000000
0.083614
31.534941
10.482052
0.000000
0.068947
27.586348
32.769043
17.443417
79.773155
0.029414
0.000000
0.000000
27.479553
21.308065
30.261375
0.000000
1.370731
2.065714
48.381554
25.231339
0.078637
0.000000
37.492821
2.229413
7.811148
43.116226
3.705667
0.000000
0.085415
53.294407
19.062757
2.645314
0.000000
51.248478
0.000000
212.125214
0.013111
44.359955
0.323440
211.600342
0.000000
0.000000
1.731103
0.000000
88.964043
0.161833
9.002907
6.903815
0.049311
15.496760
36.078640
19.132864
4.457116
0.000000
0.000000
14.230751
122.682930
6.475096
1.928019
0.000000
0.000000
0.000000
0.000000
0.000000
0.000000
0.000000
0.000000
0.000000
0.000000
0.000000
0.000000
0.000000
0.000000
0.000000
0.000000
0.000000
0.000000
0.000000
0.000000
0.337242
0.125918
0.167891
0.000000
0.235377
0.000000
0.017470
0.137042
0.611441
0.000000
0.962695
0.061172
0.000000
0.053091
0.000000
0.000000
0.000000
0.000000
0.000000
0.000000
0.000000
0.000000
0.000000
0.000000
0.000000
0.000000
0.000000
0.000000
0.000000
0.047296
0.000000
0.000000
0.000000
0.000000
0.032471
0.020607
0.000000
0.020673
7.779384
0.000000
0.761871
0.000000
0.056045
0.000000
0.000000
0.000000
0.000000
0.000000
0.000000
0.000000
15.633913
911.528503
0.844725
1.024398
113.667656
0.000000
69.433350
0.000000
0.000000
0.214288
111.420799
1278.478882
12.628885
1.981524
0.000000
0.000000
16.491161
1.178433
236.440277
69.349182
70.618721
50.982731
17.345013
0.000000
4.751003
27.626915
12.315633
0.000000
0.000000
77.541901
227.257294
42.433010
30.597620
1.843257
25.010210
51.907417
0.000000
4.601176
191.413361
108.927940
127.396576
0.000000
0.000000
59.080460
54.907276
11.087751
12.543672
28.805687
21.891584
1.000290
3.069328
19.063988
0.000000
49.345455
2.638259
28.635418
10.651235
0.000000
0.376401
0.000000
18.824373
171.651596
0.536207
7.474728
0.000000
15.316893
2.368125
0.055058
0.516986
11.671525
0.000000
25.185560
0.000000
0.000000
8.051100
0.109402
62.803516
0.000000
0.408837
7.846244
0.000000
0.000000
13.892295
9.039122
3.789497
14.615561
2.169814
166.907471
0.000000
19.462048
208.979675
0.584340
0.000000
0.000000
4.701290
100.248398
6.942105
41.862049
37.318127
0.000000
0.000000
0.000000
0.137997
110.541115
0.000000
1.482600
0.000000
45.077682
0.063770
6.222676
131.261444
1.103698
822.026550
1.451867
28.951538
77.855812
0.000000
14.928071
31.976048
3.462245
28.230967
0.030375
0.000000
54.816986
12.598763
11.753847
36.409157
0.000000
59.020802
0.373712
10.699348
77.682236
0.011151
0.000000
217.130157
0.000000
0.000000
3.564278
7.526609
43.467148
41.894417
5.794611
13.313391
0.000000
91.571320
22.359463
13.819678
0.000000
0.000000
4.735855
0.282857
6.931264
11.202362
0.000000
0.000000
10.006032
279.653809
14.333938
96.724190
4.171578
3.308010
110.821136
0.000000
60.306198
0.000000
37.034252
180.645218
6.776147
0.000000
97.933334
0.396306
0.248479
0.515094
5.880626
0.000000
45.247631
0.259953
4.569453
0.000000
1.173896
0.000000
0.018005
0.482880
14.053573
69.121475
7.235954
7.577140
10.480473
689.504456
2.615276
7.207927
11.073777
18.672197
53.317619
88.044891
0.000000
4.988465
8.241047
0.000000
1.300487
0.073327
0.000000
28.252119
0.255641
3.767480
56.936523
150.651672
17.587170
0.000000
0.000000
44.621613
118.172333
29.593090
0.896966
35.829731
15.056256
31.076279
137.040283
5.384619
0.000000
416.521790
36.875469
115.069824
0.000000
4.540089
42.043163
56.108833
8.367146
0.000000
102.536819
0.754621
907.839783
57.547207
128.530701
6.225605
0.000000
0.000000
0.000000
103.811279
0.000000
0.249299
3.786971
22.130661
12.617933
5.232454
0.000000
0.000000
10.948987
66.724915
9.071908
0.000000
1.947061
0.055365
5.730917
21.717604
0.000000
765.815002
304.549896
48.170448
44.466122
0.000000
4.732664
72.900276
0.000000
17.154938
39.465347
2.308719
0.000000
3.224963
1.164833
351.270294
0.000000
95.856117
56.972637
0.294718
0.283748
47.234177
50.878193
25.923120
0.434088
0.030466
8.596923
5.002638
0.581639
13.538590
0.160611
111.634148
347.279236
49.001579
22.327688
0.000000
0.912135
32.909271
15.462919
9.096033
1.924704
16.847649
0.044966
8.564645
0.000000
68.065865
1.118257
0.885417
0.013868
363.592133
0.375371
0.242617
0.000000
13.310159
10.059206
16.015869
30.886892
2.067715
2.621317
64.269142
58.740513
2.535707
0.000000
43.551849
14.506060
0.000000
2.935125
54.495304
28.071703
54.726456
38.674629
85.982605
6.500879
0.000000
0.104201
96.274567
20.747932
0.000000
0.000000
0.000000
18.669975
0.307459
0.768378
1.904542
4.172588
0.361044
215.402374
13.369597
0.000000
0.000000
0.000000
0.000000
0.778812
62.884708
147.969574
0.000000
169.183029
0.097838
37.007973
76.573730
537.812561
12.187445
0.000000
0.000000
0.000000
0.139138
0.050608
0.000000
6.184652
27.152887
1.079290
1.652115
204.441940
0.000000
0.011487
0.000000
21.945127
4.546493
27.000893
0.626831
0.386540
10.910529
7.715960
2.498561
3.198986
0.000000
69.543266
41.134567
0.000000
0.300292
46.603542
34.590698
0.000000
1.903260
0.050053
26.737492
0.000000
232.559891
7.910837
0.008617
4.911031
219.935455
4.326270
0.000000
27.423750
0.988293
1.537795
0.000000
0.000000
210.065125
0.062353
4.097087
520.266357
54.352119
0.173015
1425.283691
18.289227
1.222032
1.683308
0.850985
44.005901
112.694946
1346.355713
4.314584
5781.121582
570.311218
0.000000
35.181858
24.151152
1.988574
0.000000
24.410006
0.000000
125.814987
6.105449
25.145197
0.447011
0.000000
0.000000
22.680330
23.662132
0.000000
0.000000
0.000000
0.000000
35.990685
3.266290
113.964645
0.000000
22.662483
18.938749
0.000000
82.689888
0.000000
6.988585
4.084303
0.025176
1.684802
0.000000
0.083378
0.000000
0.000000
9.409357
70.062920
17.257803
47.486000
13.448348
20.283436
43.554356
0.471711
0.000000
34.018150
5.742116
0.000000
4.534773
0.000000
0.000000
55.371815
51.402699
0.000000
31.994413
7.812210
0.240857
0.000000
0.329882
1.274586
11.927485
3.301148
46.894638
179.659927
0.000000
0.000000
0.000000
73.104530
0.365699
0.000000
5.093785
0.000000
0.264901
16.316395
0.000000
0.450752
0.122635
0.000000
0.354769
1.969589
0.000000
0.000000
22.096340
0.000000
0.000000
1.980576
7.845371
0.000000
23.288725
39.260014
10.763206
55.535915
0.796462
46.769520
11.297237
62.202030
0.662855
57.878735
0.064504
67.457802
16.047174
77.246864
0.000000
0.131482
28.305737
22.349031
134.778656
0.000000
3.326086
31.512514
0.000000
0.000000
6.603989
28.280590
0.509386
68.951828
0.000000
24.575100
14.755612
37.836529
18.566702
35.174927
22.778273
356.563080
54.931385
7.851349
12.637353
0.000000
2.786097
1.668574
180.604584
77.840958
4.237157
7.633554
2.021180
25.035284
141.646530
74.673470
0.000000
39.357487
0.000000
24.858181
3.685967
0.000000
0.000000
32.987370
49.339554
60.506588
19.530581
3.500905
4.529743
5.695715
324.022003
0.000000
0.000000
0.013167
0.299316
13.400390
3.496369
142.994064
86.343475
15.446507
0.161297
0.062843
58.800709
36.944008
21.870890
407.556122
0.364567
0.000000
576.875671
3.417147
88.581703
0.064459
0.000000
0.000000
43.923721
4.613305
0.000000
0.100020
419.154968
200.033417
7.498107
2.319753
21.429176
180.002472
0.000000
0.000000
0.000000
10.540339
0.000000
0.000000
15.819965
0.000000
123.270294
0.000000
0.020053
4.352760
0.000000
4.296106
0.000000
0.000000
0.000000
122.617943
368.608490
6.345495
23.947670
0.000000
0.322458
20.512522
0.769430
4.210206
0.582246
5.614184
62.019230
0.105131
8.120064
0.000000
1.107159
232.062485
0.113144
1.934471
6.756288
0.000000
146.012192
33.306919
48.856892
0.000000
20.150253
16.096043
2.794412
6.103708
92.125679
0.000000
1.299714
45.678722
5.630294
64.204483
1.601373
1.549087
0.276035
1.553130
32.845589
16.039936
47.316311
1.508364
0.696610
0.000000
0.000000
0.159873
73.669479
12.908394
6.883474
0.000000
42.502808
119.684647
30.617142
0.609579
1.072768
108.114204
0.000000
19.778423
0.000000
0.000000
17.807274
0.142430
0.000000
0.000000
134.188202
0.000000
0.075453
40.315086
886.392456
22.986698
1.401927
0.000000
7.729984
7.025945
232.669952
51.197647
4.549037
0.000000
0.000000
2.359715
0.000000
3.067951
0.428401
18.023237
17.569601
33.172516
0.712411
125.568680
782.137268
4.362099
7.755215
0.180753
31.753138
56.245770
78.943672
0.000000
10.846838
5.416007
176.530579
0.000000
85.735840
0.000000
69.245155
24.516508
1.297862
11.229435
0.000000
160.344711
4.171890
0.000000
428.369751
33.371662
66.732651
18.073309
0.000000
0.000000
636.252014
0.556745
86.919693
120.283325
0.000000
0.460369
0.000000
1.871927
12.640032
15.444590
0.000000
0.000000
80.283218
6.544468
0.413634
30.490311
178.857529
13.010036
20.879637
19.530718
9.797942
160.552429
11.632980
3.697084
11.999994
108.895088
0.481853
0.000000
0.000000
0.980636
104.419601
21.281485
5.903556
0.317954
1.141444
0.000000
9.573109
1.813883
0.000000
15.796058
0.013579
3.783113
2.313497
4.798470
19.756462
0.738621
75.458725
0.000000
0.441835
15.314316
0.000000
0.000000
38.900845
12.491529
1.758946
3.999424
32.734802
3.751689
636.633789
8.524216
10.514688
12.048507
45.534077
389.671570
0.000000
0.000000
21.087694
2.379663
8.871405
0.009920
70.721954
9.495790
0.000000
0.048454
389.620819
50.892391
5.165267
29.109249
0.000000
0.000000
3.893797
3.854218
84.815331
5.431056
1.212662
58.700180
0.682045
0.000000
6.529336
105.911789
43.320427
21.987642
1.043235
14.500771
6.075825
0.000000
27.439896
18.430923
0.000000
3.297153
33.879215
3.748729
141.180557
0.051823
0.000000
710.976501
0.000000
3.514356
102.975517
389.179871
0.000000
23.843662
0.992474
0.000000
12.316783
12.715721
6.754519
0.000000
137.982773
170.023788
56.244568
0.000000
108.394516
1.203114
119.791176
36.104492
0.000000
15.138558
0.000000
0.000000
30.552963
0.322653
2.134223
52.535645
5.587451
5.521793
12.352344
0.000000
18.866861
47.292618
0.093313
0.000000
19.605364
0.134123
0.178723
6.442775
0.000000
53.368298
34.334370
14.525778
0.000000
0.000000
31.993536
0.000000
27.543432
21.971617
0.000000
0.000000
19.555578
169.619339
147.292542
0.000000
23.862864
0.077084
4.796227
0.000000
0.000000
1.112121
0.000000
6.343575
0.000000
39.366146
15.390225
15.992391
1.279165
4.804740
32.530365
0.000000
19.868454
0.000000
0.000000
2.000222
13.957434
0.341543
0.192019
38.697701
49.328876
36.810463
14.727878
18.869780
16.867493
34.400379
7.721984
8.709327
43.639595
37.953384
17.567890
19.537388
0.000000
238.822189
0.000000
13.223979
5.417429
19.543339
4.876709
0.000000
29.547554
2.019773
0.000000
262.639679
16.243328
3.303406
0.000000
32.726276
0.000000
12.283172
0.367538
0.067887
0.000000
3.787508
0.550111
7.308209
2.305428
36.642239
122.827682
132.431747
0.000000
3.424092
29.241774
3.477608
0.000000
0.000000
0.000000
1.903320
26.095505
0.000000
32.441551
1207.051025
0.000000
12.505119
0.649366
0.618222
73.834419
28.131941
151.046509
5.547629
0.164403
25.459108
31.850840
0.074824
75.951950
0.000000
79.532684
4.399117
0.000000
0.000000
3.846440
0.000000
27.414791
0.000000
0.000000
0.000000
58.716442
0.000000
4.756581
0.267462
0.000000
0.405313
0.000000
0.000000
0.000000
0.024486
0.000000
0.000000
1.400553
76.907921
0.000000
0.000000
0.000000
3.510815
0.000000
0.000000
391.443390
28.835497
0.000000
0.000000
21.500462
0.000000
0.000000
0.081820
89.533524
36.643448
69.198944
6.467895
0.000000
7.411715
98.713867
0.000000
1.170866
52.098583
0.000000
0.895022
12.381085
0.411280
75.841148
0.000000
49.023655
28.853210
41.090164
5.050230
0.000000
17.587904
12.415091
0.000000
0.000000
1.608140
0.000000
0.628953
111.870895
28.719831
230.224945
120.024803
0.000000
37.551846
42.633755
0.000000
3.108842
7.797136
0.000000
9.622400
79.921783
0.191639
0.018983
10.625586
228.686356
0.000000
15.279737
1740.757568
65.464043
0.374147
94.454773
2.134177
1.156193
268.018646
122.076439
0.000000
114.501129
1124.917969
0.000000
3.532144
6.204984
13.847236
4.170853
3.407197
29.310446
0.695544
17.529125
10.111820
8.140323
12.500598
0.000000
0.000000
0.167486
0.000000
4.546044
32.506084
0.000000
0.000000
0.250667
16.587112
0.155173
45.398338
19.645691
1.630004
0.028538
0.000000
21.962498
14.182195
53.901802
15.966946
0.000000
75.631096
4.605802
0.109881
29.125517
0.000000
67.655922
74.104279
33.859097
206.008606
86.685158
61.684757
0.000000
1.439001
9.853676
0.000000
2.319118
0.347369
8.568246
0.000000
0.000000
0.000000
124.291809
52.046547
1.491708
0.000000
32.048573
0.524093
0.238003
0.193639
18.670309
24.897997
0.037363
9.003316
0.801913
23.610409
40.271145
15.024235
1.506681
31.210991
0.887182
0.000000
67.855019
0.000000
66.210373
144.738800
0.000000
6.266592
62.332764
28.880173
0.000000
0.000000
0.000000
81.941597
63.200962
0.587680
0.565761
19.327099
0.211595
0.000000
0.882619
25.581169
15.453097
0.000000
12.138821
0.060302
13.709837
4.939128
27.701794
0.000000
31.525066
38.716335
40.754532
1.064317
0.611624
0.000000
7.694818
209.342346
0.000000
17.147768
174.083084
76.066467
79.420601
26.588236
9.442276
33.703030
1.134146
15.989896
1.876147
0.000000
17.251028
46.774979
0.000000
0.000000
0.000000
1.244461
4.126179
3.480388
0.000000
15.307954
0.050248
0.119663
20.145271
4.928904
28.375959
0.000000
3.131711
0.000000
40.885769
5.465073
11.650496
7.202485
2.108263
163.411194
1.195609
44.238548
0.000000
42.411537
1.415132
0.000000
569.025635
18.227655
0.000000
0.055155
8.652748
0.000000
44.614983
4.806145
9.338229
0.000000
15.226704
0.000000
40.777855
16.542078
4.725873
52.715954
34.138447
0.000000
7.219352
1.166031
3.036057
0.000000
17.746964
15.645561
656.975342
0.000000
37.130371
6.579213
0.806902
14.028265
0.000000
9.319606
0.000000
22.918425
0.000000
82.482063
0.000000
0.000000
1.280538
2.829690
193.721558
7.040051
0.000000
98.372116
0.000000
0.000000
0.000000
1429.785400
516.805420
0.000000
0.000000
0.000000
3.145923
1.824538
4.428835
17.348213
0.030878
0.594416
1.020127
0.000000
13.061488
41.307938
3.727652
77.867760
32.474037
44.252476
0.000000
4.959142
27.063408
13.083451
50.273773
0.867223
0.000000
146.168472
0.584079
146.434860
0.000000
0.392738
0.606277
0.000000
4.946716
5.694170
11.959481
0.000000
19.340643
3.926719
30.471479
127.930336
0.101141
4.128127
37.438709
70.648834
157.289291
22.477259
21.469646
0.403644
10.681885
15.240204
45.833076
2.614462
6.520574
23.989199
42.227310
1.827897
8.122940
0.000000
0.878968
27.605076
2.009058
16.823542
84.581558
75.217041
5.836965
6.351641
0.516463
1.835254
68.777237
1.868636
72.892708
0.339104
48.081100
3.063255
1.429593
47.929111
0.000000
3.783868
0.000000
0.000000
39.583374
0.268453
11.522777
0.476253
25.636259
0.000000
0.000000
13.591650
0.968826
0.000000
19.680815
0.213055
0.219473
7.690932
126.700027
8.320104
0.000000
0.379440
223.176773
0.000000
0.000000
0.000000
0.000000
9.271617
0.148707
4.513683
1.166464
27.650356
26.001554
40.860092
0.000000
0.127105
0.040502
0.000000
0.000000
0.000000
0.000000
45.302711
0.000000
41.146481
30.084011
120.479019
32.136635
0.192285
425.214996
2.216875
0.041213
214.823929
56.584846
23.449524
32.020756
0.000000
39.618626
12.214480
1312.118164
57.695187
14.520097
31.263092
1.202412
76.088112
2.204539
14.648735
0.000000
0.174457
22.260448
31.105774
0.000000
0.000000
2.533666
0.684275
16.320459
0.919396
2.237343
9.850094
0.000000
0.000000
0.729879
17.326197
50.262177
0.000000
0.000000
14.052600
25.823532
0.000000
0.000000
36.231323
0.495480
15.930968
0.000000
0.577524
7.566324
0.000000
0.114067
22.957626
259.245392
1.266349
17.906000
40.292370
0.013826
0.000000
1.417271
0.000000
0.000000
2.724837
0.000000
12.544204
13.891541
34.664337
18.751554
52.633137
0.000000
0.000000
235.787567
8.105882
155.891388
366.078522
2641.605225
202.745575
32.065880
0.065145
55.106647
16.488029
38.318020
49.753990
21.403011
12.392514
38.849277
32.017471
0.646641
0.000000
120.572807
0.420746
20.579546
41.921490
0.000000
0.000000
0.265410
0.000000
3.799080
0.000000
2.740463
22.513931
208.278152
44.640011
4.481355
0.000000
1.703762
26.054373
0.000000
12.544842
0.000000
2.517089
0.000000
13.505505
21.529364
1.248539
0.000000
0.000000
11.579482
9.071867
187.703064
20.741911
0.499917
4.856848
482.649353
22.543909
0.000000
0.000000
73.891815
8.711282
3.970597
1.796107
0.000000
18.161798
0.000000
9.926695
12.763498
30.248981
0.000000
0.000000
216.221146
664.657532
54.067383
0.580374
17.988441
30.083117
0.069886
35.954334
15.710670
0.000000
47.419922
0.321183
20.121748
24.161575
0.051534
0.000000
0.425233
15.320911
14.678725
1.290734
40.962273
63.206642
0.963679
8.681752
11.867645
9.117603
54.199444
86.780640
3.603590
0.000000
0.000000
50.180031
3.165196
1.814961
11.171208
0.000000
5.198730
4.252701
0.000000
5.993464
25.330368
1.432784
0.000000
6.058316
0.000000
0.000000
188.618881
67.553307
54.134651
65.571129
19.863119
35.867661
112.857079
1.826741
12.890475
129.729950
0.000000
0.000000
20.751318
5703.654297
0.705602
19.431286
37.627834
0.079762
8.889798
0.542216
0.000000
0.000000
5.627497
0.000000
17.041323
0.164533
0.279520
0.000000
29.042568
8.094939
0.000000
0.000000
0.000000
3.308966
12.979910
30.543009
1.355040
0.000000
0.270782
49.235458
29.405708
32.556675
1.776292
0.304907
8.541057
0.000000
2.333334
0.193343
6.278267
0.264324
1.125187
175.187134
3.176461
0.000000
0.540175
85.652969
51.421391
0.795452
38.966805
1.874865
47.102482
0.000000
2.204394
0.000000
169.446609
25.634907
16.291775
23.220852
0.000000
0.367654
39.812679
0.226132
26.776402
1.738287
0.338120
2.537121
27.235916
88.017555
7.746270
0.000000
13.301671
0.100363
574.026184
0.203378
0.000000
23.988321
12.133292
27.198391
26.053106
7.438990
1.925015
29.648161
17.809208
7.573403
175.200546
51.458843
69.449402
0.000000
0.174319
0.000000
0.000000
0.352114
0.683561
2.626819
67.388504
33.337322
28.276012
24.785950
19.014000
26.832613
39.992661
1.395675
0.000000
7.035352
0.000000
13.708662
8.907471
0.000000
0.000000
0.000000
0.000000
6.497145
26.872402
0.394536
10.919734
2.055151
11.580029
6.959227
6.958801
4.737989
12.300963
54.034855
69.587982
171.202713
20.684252
26.148207
0.219983
0.000000
26.076366
0.000000
0.000000
3.990082
1340.360596
0.102998
400.892212
1864.862793
50.556423
5.017709
2679.362793
81.473160
0.129184
1.576127
75.043945
21.785130
13.325762
0.000000
3.241188
0.467673
36.083599
1.312376
45.861465
3.904851
95.328545
51.061203
28.822916
6.564833
11.822204
59.916344
2.736990
0.000000
7.160518
7.211333
80.496346
0.971615
0.000000
3.089997
0.591141
35.749706
32.776272
0.251769
2.961354
1.002086
55.470310
13.991170
13.560183
0.000000
0.000000
0.571379
0.000000
0.000000
0.534352
0.000000
0.000000
617.315247
38.579300
0.000000
38.545822
280.251068
14.180271
0.000000
1.320111
0.000000
23.673618
20.840986
8.610451
191.701813
6.028655
7.439144
3.689125
0.330445
4.032969
47.889194
16.395803
1.215418
133.162720
0.000000
21.547070
2.174724
0.000000
2.668871
0.449259
2.387750
0.000000
26.403086
51.738235
0.000000
21.142553
0.148012
76.373833
4.269489
4.778528
0.514989
0.000000
28.265947
0.000000
0.372912
0.000000
0.000000
0.000000
0.000000
3.928493
0.000000
2.866277
41.930183
5.425116
120.935051
76.381676
0.000000
0.000000
64.967865
0.000000
0.000000
0.204218
60.050728
12.725119
19.202896
2154.898438
96.651352
23.403709
0.381638
15.417646
0.000000
1.220773
86.311539
439.955414
4.929706
123.973282
37.778614
16.016588
3046.256348
70.154221
8.597867
22.830467
437.450928
3.193826
0.000000
62.642937
1.097250
0.000000
0.000000
0.062244
17.144835
27.570911
0.546976
0.000000
3.499559
48.563740
0.376736
0.265539
44.074913
0.000000
17.881489
8.186952
0.000000
0.680611
7.084312
48.021458
6.442194
4.467244
0.399823
0.000000
15.778466
0.000000
10.608481
0.057484
507.103424
0.000000
6.086410
0.000000
87.105942
0.049594
28.060946
0.000000
4.619393
0.000000
15.320353
35.984467
10.091308
2.396105
403.352081
0.297860
0.517988
0.000000
98.356277
31.285185
84.631561
16.978006
0.017587
3.044796
0.000000
0.422603
0.000000
0.000000
19.404373
82.752716
0.000000
16.843842
4.824994
1.701143
0.031658
0.146193
0.000000
16.366583
1.422742
0.000000
0.000000
5.193006
0.000000
0.000000
48.706436
0.000000
346.654480
0.000000
4.406369
0.000000
0.000000
0.000000
0.000000
87.315575
0.550858
27.466288
38.109543
0.136595
36.855297
11.996718
0.190549
9.645638
12.487898
17.440557
0.514213
301.103821
2.121508
0.076747
50.949780
1.809427
0.000000
4.248116
5.104318
0.888014
21.045568
0.000000
21.630667
0.000000
11.694815
0.000000
5.440641
0.788085
0.675858
42.400627
1.170080
3.613661
9.960974
0.147857
0.000000
42.608551
0.000000
0.000000
23.369354
0.163948
0.113317
0.000000
15.651870
1.105701
15.078898
9.459653
23.396217
0.000000
17.877335
0.000000
11.491316
0.000000
13.103157
12.604712
0.000000
15.007114
0.000000
1194.157104
5.854928
0.980108
18.302021
31.183477
0.000000
7.587949
0.000000
531.470825
18.064201
18.310823
4.610891
5.069064
15.384455
0.000000
0.000000
0.000000
48.538754
28.655741
31.598179
20.833263
1.151059
5.925127
14.764345
14.590558
45.983437
1.479413
0.000000
172.558014
4.180210
37.950211
83.125572
0.000000
953.065063
8.085855
0.902057
0.000000
0.000000
0.549121
219.503296
0.749469
0.000000
29.043785
5.378194
0.000000
15.186984
0.000000
79.280502
13.885317
0.000000
6.103484
0.000000
46.463871
0.521366
44.768723
13.020768
0.000000
0.000000
15.426939
1.228733
15.267190
15.881352
0.000000
33.935299
2.239092
2.983251
1.249305
0.220483
25.146851
0.000000
0.000000
0.000000
3.533040
111.133781
73.960991
21.265511
22.326750
14.100321
0.044758
64.685677
6.130764
0.000000
11.478913
10.072558
0.000000
9.272323
3.294425
73.786591
5.492832
8.798889
53.446911
41.662247
12.469295
9.697699
28.913561
48.915665
61.605633
2.655546
12.851116
0.029692
0.000000
0.000000
0.792057
0.000000
33.271267
115.364937
20.193182
0.000000
0.000000
76.649017
14.566453
70.910950
2.835259
0.000000
0.000000
1.272599
0.000000
32.350983
37.380112
0.000000
8.702541
2.300737
2.264112
0.000000
0.819062
2.774714
0.000000
0.030695
0.846664
11.792093
7.894455
0.000000
8.735907
38.912903
1.185802
0.000000
87.737228
226.587753
0.202022
8.940385
3.100631
38.332024
20.277697
16.590590
71.006355
0.000000
0.690433
0.000000
3.603786
11.777030
0.000000
45.779678
79.803833
2.994740
0.904516
34.449417
0.000000
0.725880
0.000000
11.737707
0.000000
38.670181
0.000000
0.000000
40.036335
0.042405
38.358158
0.000000
1.014196
41.585743
0.000000
0.049550
301.025238
0.000000
0.000000
2.508978
45.393185
46.690624
47.959915
7.525878
44.668522
0.000000
10.972125
0.679606
0.000000
0.000000
0.000000
0.000000
0.000000
1.465704
5.378869
39.681152
0.000000
27.723341
5.953200
0.000000
47.065331
133.414001
0.321955
0.000000
76.824104
18.333900
2.569165
0.000000
26.940706
7.244876
0.000000
0.000000
274.184265
0.000000
1.350940
2.698098
30.420008
28.337402
17.838596
0.838237
104.265022
0.000000
266.370087
0.000000
4.596142
1.031813
0.541492
0.000000
2.616266
0.041390
13.601269
0.036450
43.974686
0.000000
0.000000
16.017132
5.698759
67.329552
10.105435
0.000000
1.263619
0.000000
0.000000
0.438590
0.000000
43.324219
4.867306
69.368958
0.055108
0.000000
0.238393
48.620216
0.000000
0.000000
0.000000
13.984513
12.341073
39.151962
3.754184
48.432472
30.023441
168.743881
8.047342
28.347729
353.342285
25.095701
487.195465
0.200624
0.000000
5.710238
60.375111
81.573029
173.073166
4.480933
15.992870
151.825073
0.000000
21.627428
0.825868
38.081627
92.933647
0.000000
8.128723
0.819268
58.575794
0.000000
19.355412
5.058072
38.587448
40.729481
17.326546
58.932262
2.195688
17.340887
0.128797
0.000000
14.712778
9.728214
0.527799
77.803085
0.000000
0.000000
43.907150
0.000000
55.576675
18.375614
0.000000
63.298229
0.096427
12.787273
0.000000
0.000000
0.000000
0.000000
123.794785
0.435660
3.111100
16.789089
0.000000
1.654257
0.000000
24.983288
69.501205
0.560884
257.885040
57.112503
1.752466
129.505005
22.141045
9.328706
2.269812
23.844240
6.901904
0.000000
1885.996338
0.024546
58.420998
62.918480
58.586849
14.062535
5.153924
122.590347
28.096928
0.000000
0.000000
14.427909
10.368431
0.548850
0.266912
0.947690
2.887129
24.432535
4.022202
23.787325
18.458218
0.000000
0.000000
95.467186
13.016273
2.887348
7.592175
20.476482
111.983879
0.000000
6.186538
59.764069
35.004776
0.000000
20.546926
33.321827
8.551604
0.000000
32.807755
0.000000
0.000000
15.608130
0.145254
3.778877
36.794971
0.000000
0.000000
3.040176
0.000000
0.097201
4.150096
0.000000
39.892380
45.034706
0.000000
1.084062
8.824456
6.678481
737.386597
0.000000
21.603748
0.000000
175.865463
5.660909
0.000000
8.970510
7.974971
12.449720
0.000000
225.428711
3.313712
0.000000
0.000000
0.234290
0.000000
0.000000
0.000000
1.095328
16.953909
0.150728
27.800119
7.648283
0.481395
5.733786
0.495221
425.772278
0.000000
19.299397
0.000000
50.741737
28.649712
195.526276
84.249634
3.345878
21.559944
0.000000
1.083765
0.000000
114.018570
0.000000
1.363973
77.186646
0.000000
175.351578
0.517471
8.068915
2.586736
0.000000
279.155334
150.827240
4.573565
0.000000
0.236488
15.630951
51.047550
16.880699
102.277122
0.000000
0.000000
4.591628
1.078136
74.666351
2.662923
0.000000
17.243454
4.047254
21.018097
0.000000
0.000000
2.929479
0.345113
0.000000
4.887159
0.000000
1.830856
53.640743
31.897219
280.858887
123.927422
34.249043
211.209808
54.323860
0.000000
8.221903
7.743536
1.601121
1.276230
0.000000
0.000000
0.000000
150.278976
161.346832
0.000000
0.000000
0.092093
0.000000
0.000000
2.474680
1.344914
83.215317
1.736871
55.218750
0.000000
10.155103
0.311686
0.215482
0.000000
0.824177
0.848590
0.168732
3.058053
17.980780
43.478634
6.545947
84.440636
0.000000
0.000000
771.590088
4.091474
28.315536
9.303928
6.321992
88.766846
15.084377
23.294836
122.966072
33.603214
0.000000
178.121902
0.000000
13.856573
1097.907471
14.436587
1.083700
399.258759
0.000000
10.334948
0.484926
90.430733
0.000000
2.180926
11.579876
0.000000
0.000000
4.379596
0.000000
188.615875
24.228134
0.000000
3.051586
0.000000
0.000000
20.405613
0.308693
41.972942
9.927207
0.000000
60.301701
22.919451
56.656963
105.135963
5.478006
2.139246
16.954659
2.907168
26.766001
113.611038
10.144547
4.066558
107.344765
0.000000
0.000000
0.000000
36.404121
0.000000
0.271116
36.023811
0.577408
0.000000
0.000000
34.793774
1.479370
108.756966
0.000000
0.000000
26.516134
100.313911
59.553516
92.820320
0.000000
1.925133
0.000000
76.330704
39.317089
329.743835
0.000000
0.000000
0.163424
0.000000
15.402082
6.002972
48.935413
47.741722
9.884129
60.276176
74.866074
0.000000
7.557684
13.999639
0.000000
0.000000
2.157214
70.426086
0.000000
28.685705
0.000000
95.816124
2.031456
0.673949
5.641719
21.553108
33.338394
40.472473
0.000000
0.000000
0.000000
78.300400
0.000000
268.855530
193.962418
1.088398
30.200052
45.041866
20.274824
10.654283
40.005775
515.063782
287.466675
35.329517
258.739746
0.000000
320.249512
533.516296
0.000000
0.751671
21.328978
245.479843
25.948631
0.000000
0.000000
7.047729
745.736633
39.953812
0.000000
94.110947
1.959425
4.333378
8.454877
67.858345
14.544238
78.746353
39.751568
0.000000
16.866047
0.000000
11.760521
10.137167
0.000000
0.000000
9.026359
0.000000
0.280254
5.356672
47.779343
34.604088
0.000000
0.000000
0.297591
128.737305
0.217339
27.876192
33.523754
0.000000
0.000000
0.000000
3.150271
0.000000
7.638740
7.954411
0.000000
0.000000
14.589040
0.000000
5.744039
24.553902
16.410570
0.000000
47.121559
0.000000
0.027320
13.761293
0.000000
0.000000
15.996112
19.650345
0.000000
62.397881
9.916900
155.332718
0.034645
0.000000
0.000000
0.000000
15.935415
2.778277
67.454041
87.477524
0.000000
0.000000
78.177299
24.617533
16.655024
0.215645
0.483350
29.922325
48.236450
14.980984
0.000000
0.000000
73.757744
0.000000
104.865555
598.135193
45.493713
6.930302
363.177673
7.097211
1521.538452
1.595392
24.407328
58.417103
38.226013
0.138847
7.077233
18.154161
2.936074
144.884171
16.076311
471.942810
22.880754
66.581635
10.585815
2.374700
22.079935
0.000000
0.000000
34.946194
0.000000
20.382471
21.479717
0.000000
2.786713
9.565873
22.444221
90.876907
1.152700
1.924214
19.632429
4.994601
22.135374
0.023660
40.217213
27.473120
18.633698
9.300182
0.000000
1.197685
0.825732
60.407715
0.000000
3.025990
0.000000
148.979691
77.942619
110.064781
910.874451
50.393341
0.000000
5.662092
13.107289
7.315257
21.291990
11.662366
5.428786
18.130144
23.051752
21.811808
1732.192505
1.129761
2.963612
696.066895
5.402490
0.000000
24.180176
19.252405
0.000000
2.655283
32.716930
523.349121
0.000000
0.000000
0.454276
636.322388
1.795074
37.267475
6.626548
49.634739
13.945506
116.244179
281.153870
16.689585
66.079880
16.469254
0.080421
0.000000
18.598799
4.056994
0.326223
42.565144
0.000000
62.003548
0.000000
0.446058
0.000000
72.023018
276.642609
259.799347
65.215935
6.103584
5.827273
48.650402
0.000000
309.892181
62.861603
7.641768
15.046651
95.903214
22.019064
44.779301
0.661971
44.092533
0.965017
0.000000
3.953336
0.000000
10.074813
3.135063
0.000000
0.000000
0.000000
8.060126
9.821888
48.379902
34.810051
15.334288
64.851578
15.881425
0.000000
0.000000
42.823608
116.408989
0.000000
2.597176
9.174318
0.000000
17.141966
32.585114
56.442669
0.000000
8.828320
0.000000
0.000000
55.268585
0.000000
169.919159
0.397456
0.000000
0.683613
0.069638
9.647082
27.564529
35.607403
400.563538
0.000000
0.007505
0.000000
0.330707
0.000000
5.147670
30.708479
49.196899
17.653887
0.174257
2.996725
8.515406
0.000000
0.000000
21.171677
24.327974
57.331123
1.029873
1.071376
0.000000
0.000000
0.000000
42.234871
38.800430
0.000000
0.000000
3.419076
5.408504
92.963051
0.000000
0.000000
0.000000
0.000000
58.264744
8.828682
0.000000
63.956100
0.523078
0.000000
1.169473
0.000000
19.699203
3.300490
16.429632
80.144249
4.557449
0.123449
155.481918
0.000000
0.018161
42.848293
0.000000
14.387028
1.712060
106.917015
5.315752
0.000000
12.943287
2.021574
7.735301
0.000000
3.584196
0.000000
0.000000
0.000000
0.000000
67.045151
44.800461
11.109558
25.613829
0.000000
0.000000
0.000000
0.000000
0.000000
0.000000
0.072132
21.938887
3.168588
0.000000
17.168310
4.790324
0.000000
17.485338
1.860982
0.122068
14.638796
0.000000
0.000000
0.000000
0.929496
231.397797
33.943562
34.248474
0.000000
0.000000
0.000000
53.246391
0.000000
74.483200
84.497574
65.018974
8.094095
30.983730
1.522954
0.676473
0.000000
216.562988
87.019829
24.948080
7.957222
0.000000
0.095855
116.563103
1.076295
8.433969
5.562213
0.000000
9.252119
7.782387
6.177755
24.920013
74.607178
0.000000
2.322846
32.690182
0.000000
28.002670
9.162616
12.825399
3.338826
0.000000
9.636122
0.749290
0.189923
0.000000
0.000000
220.770325
0.000000
0.000000
13.779179
42.617790
21.676279
7.632471
0.292911
55.886520
63.122368
27.253349
0.000000
0.000000
0.000000
79.888596
0.000000
30.594845
45.222511
61.660828
57.534340
110.296288
0.000000
45.514004
0.000000
25.101690
0.000000
38.931107
0.000000
47.834957
44.455284
0.000000
0.000000
0.103011
5.649939
0.081355
25.895958
114.956001
0.218726
26.384666
112.278343
50.777409
5.182119
0.000000
3.252309
0.253488
3.694579
0.335707
0.543530
49.491203
3.515219
127.164719
0.000000
15.163953
20.396276
0.000000
0.000000
2.614594
1.167321
0.000000
5.023406
0.000000
12.211679
26.275934
2136.582275
16.879921
0.000000
9.389402
0.000000
6.298987
7.919961
0.000000
22.334141
98.184692
0.474339
14.722127
9.457195
19.404428
57.641914
1.498363
12.258354
0.000000
65.870270
0.584618
125.514412
584.372925
0.000000
0.000000
0.000000
0.000000
30.935711
1.528941
162.354050
28.455379
15.911967
0.000000
251.170151
5.649405
190.270248
6.920493
22.138506
98.953995
0.000000
40.861618
6.214362
355.405121
7.567731
0.062753
195.126022
0.000000
9.653521
98.898918
69.446259
22.566292
11.812312
0.000000
35.393974
11.633504
1386.274902
39.472412
336.735809
0.000000
18.574564
0.000000
81.924530
0.000000
0.032492
96.257805
51.503391
79.067764
2.374535
5.991381
106.793571
0.143001
0.000000
16.130213
98.968468
29.386860
56.555908
238.212280
0.000000
0.000000
12.626854
0.000000
9.850591
210.491837
409.361725
0.000000
0.000000
0.000000
24.954247
0.000000
0.000000
0.000000
0.032923
26.286390
130.163284
304.338898
2.516504
11.002679
17.699200
8.984469
19.161921
34.906773
0.000000
0.000000
8.076633
8.417520
179.867691
21.480200
0.000000
0.137378
25.695402
35.703377
5.927235
7.134901
490.123260
0.454934
37.523800
1.049879
32.687344
4.358163
8.969320
0.000000
2.861986
0.000000
0.132603
34.126038
0.000000
23.679104
94.498489
0.873643
14.437501
79.661064
8.709193
1153.042114
0.465249
14.534719
179.336472
55.912746
301.726105
43.223125
39.261871
0.899267
85.089882
0.378068
0.353575
7.543681
52.925774
53.747711
71.223793
0.000000
8.854782
0.000000
3.057727
0.000000
67.638039
263.524841
97.291618
116.411659
36.825424
171.904236
254.196533
0.000000
12.246989
0.000000
0.032105
109.868668
6.917675
0.000000
59.239025
1.162323
2.337828
0.709172
4.218029
4.395228
61.423035
30.294231
5.352569
0.000000
199.303940
14.273953
7.651833
0.211308
0.000000
3.764306
0.000000
0.000000
34.737648
56.148300
0.000000
101.949776
0.246694
6.837898
0.162860
0.273167
11.383834
42.220795
37.045933
0.032052
0.000000
16.119019
1.266583
7.057306
0.329934
0.000000
54.229542
3.063067
54.014690
21.059978
5.026174
0.000000
0.000000
39.672073
8.581152
46.456360
11.548020
33.724823
12.964940
5.926943
22.293623
0.000000
4.511984
4.706915
0.000000
28.180079
0.510341
54.451069
49.024658
202.168945
0.000000
38.114277
49.953384
0.000000
1.223977
18.650589
0.000000
3.489995
0.000000
0.000000
0.000000
48.739754
20.366127
4.246021
124.833733
22.464939
22.239523
7.548732
0.155442
0.064198
53.893574
0.000000
29.260208
18.353783
26.680399
166.578735
33.701172
2.117213
79.475212
0.932511
17.338409
10.640083
15.857353
3.313233
0.000000
16.158342
3.509060
866.452209
2.700968
1012.493958
61.601353
0.000000
62.657173
0.000000
36.223610
0.000000
72.232895
0.000000
38.845474
74.185921
23.650038
178.071594
95.408081
2.734636
0.000000
160.113281
206.080673
0.764826
0.149993
4.799065
1.081359
0.000000
175.756699
3.878587
17.314274
22.933281
48.445801
4.688751
0.000000
0.000000
33.602474
1.258244
0.000000
55.501225
0.321461
9.065196
2.218103
7.821892
0.000000
4.540587
14.826101
3.547168
26.508896
0.000000
31.492411
0.000000
0.000000
0.324666
0.155687
0.000000
61.009556
0.450092
92.984451
0.000000
1.993711
9.948438
6.964305
0.035207
0.000000
370.520386
0.000000
3.107960
9.654604
33.636784
0.000000
0.000000
229.930450
21.213682
26.882366
66.743362
0.000000
0.000000
45.024403
4.135008
0.000000
49.843578
0.000000
19.148268
0.055325
0.000000
0.009953
19.292746
368.019653
664.339233
0.000000
31.070047
27.375916
441.264557
0.000000
17.761915
0.025355
40.847160
29.773001
85.976143
0.000000
6.180634
5.008511
52.942963
0.000000
96.539314
216.277374
328.326477
13.068588
52.951385
0.000000
65.417442
3.876044
0.393480
11.044250
112.305565
0.000000
6.815963
0.279899
2.927486
15.513381
135.371857
207.351974
4.955334
0.000000
11.271517
29.794052
23.295755
69.747017
0.000000
1.002637
11.634332
22.085629
0.000000
7.058138
50.730858
21.061426
19.592890
104.456123
0.000000
5.437037
94.748505
15.861901
12.462605
23.846687
6.694127
47.156105
0.000000
8.376278
26.634081
52.924587
5.250898
0.578008
28.623486
0.000000
51.253456
26.711617
28.559269
23.043987
3.651920
0.000000
4.871430
21.405933
2.109681
0.000000
14.142021
0.000000
864.294373
0.000000
0.000000
0.000000
0.542533
8.068619
0.000000
1675.228882
12.587313
0.099562
4.650489
7.270880
0.205823
0.000000
4.015895
16.032326
40.665127
18.707874
0.000000
7.935534
213.362335
146.779739
666.923340
27.011944
1.066010
0.000000
417.278351
43.547935
0.686915
631.183655
0.000000
623.801453
19.477743
32.134186
1.383435
0.058197
0.000000
0.000000
29.793053
15.258870
0.000000
0.000000
0.000000
7.816375
33.640060
0.000000
0.000000
0.000000
0.000000
84.781502
0.096137
0.000000
2.900207
18.051817
28.781561
0.000000
0.649312
18.369768
0.000000
2.000039
8.549796
285.043213
40.876064
38.250019
0.000000
37.566616
0.000000
354.061646
11.201781
0.000000
3.457218
0.013147
45.155201
19.924429
6.408686
66.594711
20.636114
0.000000
0.000000
6.850934
165.334808
18.446785
1.234502
45.624043
0.746262
0.000000
40.970371
14.940996
31.657988
0.000000
0.157955
0.722730
0.000000
3.075749
80.756363
10.655706
31.021917
0.000000
17.608166
32.060238
8.022411
2.112695
5.727475
30.983263
18.181084
0.915846
23.009243
10.568558
857.939209
0.000000
167.504059
221.278732
19.538412
0.000000
14.586449
316.079132
9.427241
18.906116
0.000000
1.962395
69.488380
300.503754
49.170898
17.148962
24.180964
0.000000
0.000000
4.817601
107.050514
37.388138
15.394282
45.217018
20.455761
0.000000
0.000000
22.005692
6.049812
23.394070
11.369844
3.415994
0.208033
408.321533
0.000000
2.784489
34.848251
4.068896
0.000000
11.650365
9.056121
0.000000
2.039489
12.064530
0.000000
3.283702
4.549932
0.374593
15.260532
3.960412
0.000000
0.161820
40.063671
0.000000
20.610769
9.555253
21.720432
1.351325
68.159004
598.097534
38.375237
141.714264
471.885559
14.394652
81.445183
9.494707
439.406830
97.658058
0.114488
0.000000
4.147657
0.000000
0.000000
49.181580
32.269024
18.809629
219.786972
262.914398
62.604210
34.917370
1.072611
420.442200
20.827168
0.000000
9.361983
41.177769
0.000000
1.289327
552.033569
272.644958
0.023947
61.456463
91.928360
0.433206
76.141136
3.508163
0.000000
47.154114
0.000000
0.000000
4.373243
0.000000
0.015257
30.130207
28.358566
66.498825
15.722518
1.664641
16.293407
142.916306
29.260498
8.664221
0.000000
1.278257
3.557580
0.000000
0.494863
15.024046
12.551512
12.958030
0.037393
2.574980
0.000000
8.843421
0.000000
0.094769
212.398163
11.777061
7.546993
0.000000
0.499626
0.260676
6.530805
0.349563
0.000000
0.288801
4.091855
0.000000
0.000000
0.524349
0.000000
14.702270
30.233009
0.000000
0.099369
0.000000
34.264481
9.284852
30.882448
4.048777
0.288744
0.000000
0.000000
9.315502
5.018694
0.037351
94.581612
0.000000
0.000000
0.000000
7.771271
24.802189
0.000000
0.000000
44.140110
0.000000
77.032204
1.068555
26.233850
0.000000
73.597481
0.000000
0.754558
237.906235
4.005741
41.582684
29.677172
0.458494
0.000000
0.000000
0.000000
7.167725
0.716973
0.010527
39.356312
0.000000
19.131977
26.008921
0.538992
3.216841
0.000000
517.055664
0.000000
0.000000
0.000000
105.157188
52.997101
68.673111
54.498020
34.560139
156.508453
48.001862
0.883386
0.000000
16.511332
1.534680
9.128524
24.229790
0.135856
0.000000
0.000000
2.560182
70.907982
28.128210
0.000000
13.806597
79.290001
0.000000
0.000000
404.879333
0.206999
58.260082
19.701239
4.852402
0.000000
0.494821
0.204517
0.000000
22.438623
23.238987
204.534271
13.073572
11.435519
0.000000
142.433746
121.942795
25.478521
12.840926
18.175358
71.344048
36.429367
64.465111
21.241030
9.239820
1.858962
8.910109
35.301014
0.000000
60.380768
102.888054
57.641247
46.832481
0.649022
39.884682
0.267468
4.619307
0.000000
12.289253
0.000000
0.000000
95.730591
14.958724
0.000000
0.000000
26.460535
50.981972
0.000000
0.000000
0.000000
85.801468
114.083366
0.000000
0.000000
76.168007
11.878812
0.000000
47.204613
0.000000
24.102898
4.856214
0.000000
0.485329
110.409874
0.000000
0.000000
0.000000
0.000000
0.000000
0.000000
312.543640
2.093471
0.000000
0.000000
0.000000
17.174997
4.736483
46.941517
1.365498
1.524698
0.000000
0.000000
31.461714
29.906397
0.000000
1.825919
0.000000
24.318951
0.000000
0.000000
0.000000
0.020157
0.000000
22.968174
68.414658
69.614273
31.163586
29.824532
179.300949
0.000000
49.168362
0.000000
18.042101
7.791914
6.884460
213.195282
16.045792
13.584853
128.576935
232.818390
5.217150
0.000000
157.130585
0.000000
0.000000
693.971741
39.627441
1.651342
5.640574
15.856931
0.000000
0.000000
0.000000
0.265165
0.000000
0.000000
4.077109
0.000000
937.700317
0.000000
137.224228
69.553734
34.828224
13.886491
178.729599
14.738550
17.179260
0.000000
0.000000
0.050237
0.000000
0.000000
166.560959
0.000000
0.045157
0.000000
5.138638
4.364479
0.000000
73.580109
0.000000
4.378613
0.000000
763.168640
10.738056
2.456350
67.574844
1.428234
0.000000
23.873653
64.677177
16.638462
21.365711
5.438486
1.630015
199.599625
9.342196
0.000000
0.000000
0.000000
0.000000
18.454874
4.792179
16.080929
0.000000
0.664275
0.000000
45.887016
0.000000
12.779882
33.241409
1.851753
50.377384
99.052246
0.000000
1.783436
8.783660
0.000000
0.000000
0.521768
168.871033
118.074211
4.049476
7.420982
30.833908
25.671808
0.000000
144.654129
1.714604
40.467007
39.758564
86.209564
184.834442
28.131639
0.000000
150.525558
390.412140
244.374084
23.301371
0.000000
0.000000
1.783550
0.000000
0.000000
49.245792
98.073212
53.390335
40.913616
3.802909
0.000000
0.000000
32.959095
10.246121
0.137258
26.042751
0.000000
4.504640
41.627850
27.338079
100.149292
0.108941
50.887577
69.289337
0.000000
4.888614
77.415077
0.032238
70.185394
0.000000
13.800258
0.000000
0.000000
40.230762
30.705456
61.798473
44.240219
53.975502
1.153832
25.234922
0.000000
2.965963
1.218161
11.514371
28.756079
3.700727
36.415588
7.214660
