187.826202
36.260033
10.722408
13.744860
0.331624
2.114766
2.568927
0.327597
18.471550
6.316246
0.693010
0.000000
0.000000
0.000000
11.976243
51.548073
23.223291
11.817720
0.000000
3.127324
0.061812
166.174347
34.471676
21.571997
93.981461
1.255100
0.825734
31.220667
13.698551
0.704733
6.437905
0.230001
0.038200
17.813793
0.000000
4.192269
0.000000
0.025400
34.939602
0.000000
0.000000
89.868050
26.944963
250.987640
0.037972
3.479451
0.000000
0.000000
0.903546
502.030365
73.662178
1.607829
0.000000
0.220060
15.675081
472.005981
0.000000
0.788566
0.000000
6.426554
38.421520
1.436928
24.278494
14.444989
19.196756
2.489065
0.000000
0.257866
0.076418
164.502014
553.883118
0.204555
0.000000
2.964715
325.580780
14.730547
2.472145
74.376259
3.328658
3.209402
1.716645
0.666592
0.000000
0.000000
17.536942
0.000000
0.000000
0.000000
236.402466
0.393722
0.341456
3.116452
135.465210
46.078232
0.494946
0.000000
1.397257
0.000000
18.266571
8.201113
6.114112
0.000000
20.046722
0.000000
171.530853
59.398045
83.678963
19.383110
48.408585
1.709778
254.273529
206.388458
0.000000
0.000000
24.939837
19.662001
0.000000
63.732738
1.542475
0.000000
128.731125
105.891106
0.000000
0.000000
0.000000
0.000000
102.477303
37.676643
1.413421
15.186552
170.377960
26.137430
0.520102
0.628170
202.686234
0.000000
23.170250
0.000000
19.106735
0.000000
0.477443
0.000000
95.509926
0.000000
0.000000
145.828049
0.000000
0.000000
29.017847
0.748469
0.146989
1.008446
0.873356
0.000000
0.037614
33.350418
0.935643
42.978424
0.000000
53.143559
118.208534
0.000000
0.000000
32.141449
8.931441
16.932926
25.960806
48.483963
3.421572
0.000000
365.397461
34.250618
0.337603
2.680227
0.458933
24.358656
16.403048
41.731548
6.585950
0.000000
75.438622
14.353452
0.007772
10.073472
28.055691
0.000000
0.354404
196.348083
3.813575
15.391787
16.324217
19.465790
7.394639
39.004032
52.685780
78.978706
0.354095
9.611997
92.602676
10.419671
0.764504
340.125061
20.064798
6.027294
30.133867
0.000000
0.153912
3.408267
13.808793
21.542988
0.000000
6.143290
74.549416
22.423925
6.461561
12.815997
0.216387
4.422618
352.066254
0.000000
0.236155
65.959213
3.310669
0.668025
0.000000
70.159378
0.027045
28.407850
106.069084
5.835188
17.755766
0.495483
9.872224
11.260748
180.311157
0.000000
0.038154
0.505089
5.055215
6.352779
218.679504
0.109814
0.000000
51.899353
0.292973
142.372284
0.000000
0.021780
9.908278
0.209760
0.009053
41.891659
0.287010
120.767586
41.977978
7.155038
0.000000
0.000000
0.000000
0.451504
2.534079
1.756403
3.352132
0.000000
10.686828
24.323290
539.620361
0.008056
0.000000
6.020276
0.000000
0.000000
0.046658
0.656403
4.079961
105.336472
31.453585
0.000000
0.000000
0.485900
30.621275
9.092018
0.000000
1.857737
8.533025
4.619827
17.453009
26.376665
224.978622
50.048176
7.481838
37.058037
0.000000
117.976425
0.480094
0.000000
23.978195
0.000000
52.672497
0.672991
26.252367
0.000000
0.000000
0.189121
11.984931
1.699246
0.000000
10.962025
183.997375
229.947830
51.985554
138.458405
128.277634
0.000000
0.106763
64.362190
163.304840
0.709829
0.000000
133.155487
3.553270
0.000000
73.922104
22.678274
166.419037
0.000000
25.504772
3.212075
1.840600
74.334862
0.000000
0.000000
17.974655
0.000000
0.000000
143.694061
15.050417
0.000000
0.657451
0.000000
0.970614
0.000000
798.180115
0.082947
0.024242
50.264782
9.289803
0.096397
0.066831
0.075872
0.000000
0.546746
11.469382
0.000000
7.095454
0.320397
0.000000
0.536369
4.083791
48.261738
0.000000
0.276338
66.028702
0.000000
0.801693
2.074879
0.000000
34.350830
0.553881
0.322054
25.036211
84.747932
1.718616
0.000000
107.519745
0.558256
2309.004883
1.505082
8.394424
10.336864
3.647877
11.319136
59.695042
50.884483
16.299129
578.662720
1.029401
0.000000
113.912643
38.632908
78.960152
17.729092
1496.442993
42.985256
0.035880
4.892305
43.747246
13.215700
0.000000
0.000000
0.291701
6.638978
20.314096
0.000000
9.953233
0.063036
0.071034
0.035215
0.320822
8.480820
1.718053
0.000000
0.092609
1.577997
0.000000
0.000000
0.597365
16.020319
0.000000
141.107910
509.931244
1.748984
0.801955
135.367371
75.632973
3.346264
40.642540
0.000000
0.394033
2.668791
17.418993
6.199099
0.030965
0.759271
79.993202
0.000000
2.942178
0.000000
130.137100
20.067139
38.006157
0.000000
2.049831
6.299362
8.918194
0.018100
217.546219
8.412348
0.000000
280.120239
0.788615
0.000000
6.880057
75.809006
0.760499
63.067398
1.226751
5.196451
577.123962
0.000000
12.062712
1.726176
51.150780
0.960675
2.678958
11.707068
9.254475
71.140900
0.000000
22.721569
0.070590
6.347929
0.000000
282.433990
98.875870
5.509526
8.273210
0.000000
363.875183
35.838306
5.114727
21.717941
0.027507
5.960859
0.000000
39.203434
0.349512
0.051974
0.999926
28.555716
19.638756
6.867199
0.015092
0.086604
0.564782
0.026320
3.102620
0.000000
0.236233
111.692345
0.672172
26.120293
538.024048
0.255151
121.026733
0.000000
0.000000
10.388603
9.305585
3.090011
366.389862
1.554087
473.108398
0.022534
33.748569
46.648010
0.600969
155.607925
324.560272
0.000000
4.725834
1.521878
0.546130
6.132798
0.785464
174.617859
78.485641
2.714229
35.475590
1.344207
30.253712
63.958416
215.356079
143.478058
0.000000
1.540863
698.875244
46.327328
63.856598
42.391685
0.221777
61.250042
74.484383
1208.775757
0.575323
12.424752
7.381485
195.913193
0.417510
2641.949707
42.051380
92.755272
55.382919
0.198330
0.000000
10.078932
4.306325
0.195458
0.000000
0.000000
34.211853
7.823608
258.523895
29.139744
0.453916
2.003474
0.000000
183.226654
0.000000
3.968752
40.759716
22.592642
7.940865
0.268869
42.255947
3.411520
0.147807
36.795895
14.970520
0.959807
0.613219
6.241909
41.715050
8.080217
1.326922
1.464612
0.063036
11.364071
446.602417
0.244023
0.037139
7.067859
7.456843
34.450138
4.386765
127.386795
0.000000
0.523921
0.192862
66.098282
0.153251
0.000000
28.723915
1.068538
16.722921
4.022606
0.000000
550.767639
9.771640
0.022199
0.350147
155.473877
0.000000
78.995766
0.000000
2.156715
379.636688
3.988451
9.391792
0.000000
23.021360
1.403851
8.712306
2.350582
0.000000
4.259004
0.253315
0.000000
0.000000
0.224476
4585.080566
2.935917
7.332230
27.249773
26.153194
0.276437
83.636322
8.463997
2.341469
58.197453
0.023099
0.000000
3.740817
0.000000
1.339545
5.383004
21.580797
0.000000
55.216415
112.961067
7.682726
0.396341
0.391982
0.000000
19.531721
0.000000
16.049004
6.182850
16.380962
0.038024
7.169750
40.355095
0.232273
0.000000
0.000000
0.406993
19.281040
0.408696
0.313516
20.931658
7.081751
1.845455
0.000000
99.420799
12.588965
12.316327
2.871426
3.377970
38.073463
0.055244
26.985355
2.299223
7.000881
0.000000
2.464692
143.571548
0.000000
7.600885
31.716673
20.135612
16.468273
0.464704
0.000000
79.573174
399.614075
69.479126
54.599003
7.003742
0.000000
595.022949
9.347442
100.049660
11.709105
0.098760
11.896070
138.699142
50.647007
161.276672
2.697136
0.000000
27.307720
0.717456
3.687286
12.852198
0.000000
109.274017
5.807010
0.000000
0.000000
1.017626
0.000000
6.117174
3.556845
0.000000
39.394958
4.011688
3.023493
10.204609
3.769609
22.269835
8.409449
74.842087
0.716453
2.817808
0.336152
7.636190
17.745447
118.750999
1.315506
7.456543
5.041331
2.525859
1.694466
39.263222
33.039127
0.000000
5.486406
501.634857
223.901398
11.596947
7.234746
21.322260
2.504603
23.789446
891.032288
0.013362
350.828644
94.989288
0.000000
0.186631
5.589228
4.528959
1.905193
2.199062
0.063533
14.212003
0.139393
0.000000
247.754791
0.117742
8.855677
0.000000
0.450593
3.999068
103.673996
0.000000
4.385620
0.000000
29.274380
0.221252
84.184967
89.558716
0.171079
3.226082
3.173753
59.295460
18.033154
70.255005
0.000000
22.756639
2.900992
16.296843
0.062247
0.000000
24.850340
42.420609
326.004639
1.558377
5.459555
58.771961
0.000000
87.271416
0.000000
6.319249
7.269979
3.226339
0.000000
17.750450
97695.507813
0.049844
0.049503
0.000000
107.714584
1.012639
1.792774
2.109797
0.000000
0.104581
1.522518
2.223439
35.431866
0.000000
0.000000
3.567993
14.812374
2.239034
0.000000
1.991901
4.027856
19.931036
0.000000
0.966353
45.533024
7.397092
88.077545
9.742296
85.634857
35.731594
25.135378
743.123169
0.064594
0.353562
17.922623
32.223270
0.000000
0.000000
6.239121
4.818485
26.402716
0.000000
0.689886
4.771704
0.000000
65.667404
29.403099
4.021216
55.300922
28.668890
4.475760
3.655593
22.786224
4.509964
5.083592
0.000000
0.982513
0.635862
45.433434
0.000000
188.997894
2.237480
6.575323
0.799121
46.858208
0.000000
0.000000
151.991226
37.374077
0.000000
0.017130
28.774191
0.000000
0.098184
73.325188
0.000000
0.000000
1.708636
2.995849
0.000000
13.931605
60.846813
65.640602
20.759867
0.000000
0.000000
11.483035
0.000000
0.282823
0.000000
14.045797
63.249752
293.616547
14.559079
73.095581
15.334448
0.000000
0.404264
43.860828
1.656493
0.180828
0.618631
0.526396
0.000000
0.057273
0.000000
0.000000
3.127690
5.952176
0.000000
3.307455
1.052226
25.992851
69.565277
0.000000
13.208637
10.023540
76.528458
95.702301
0.557821
0.000000
269.712494
12.175013
0.000000
0.000000
0.000000
0.646647
0.000000
0.000000
0.000000
0.000000
1.852931
31.194834
5.651324
7.326973
5.772240
33.294865
17.775919
0.066185
55.350910
0.000000
0.000000
0.000000
0.172554
80.493675
33.008602
64.371040
2.954078
30.736202
3.078051
0.941996
0.000000
0.084215
15.722565
0.023299
51.582642
0.615784
0.000000
3.316316
7.612360
27.442532
0.023997
0.000000
0.000000
0.000000
1.715488
0.000000
1.655918
13.656112
20.046473
0.324370
5.297366
510.520782
0.000000
0.000000
6.847471
1.545347
5.261934
1.123746
0.024633
81.460289
0.000000
0.000000
26.979692
0.000000
0.130039
7.690322
0.000000
23.942755
41.346489
26.284725
8.914639
4.710995
28.438852
85.409607
0.482029
79.393509
45.141010
0.000000
26.799692
21.274343
2.944486
6.482966
0.000000
100.825089
63.221092
160.600967
85.157951
5.621643
138.322784
24.143951
0.000000
13.832188
0.000000
5.022193
65.684402
1.635164
37.158615
1.505155
0.665541
24.692797
6.452662
28.433538
18.319849
11.742952
65.791458
66.197044
0.894323
0.000000
0.000000
5.813279
0.328289
259.188538
70.529900
0.031409
0.000000
54.670940
0.000000
20.255325
0.000000
0.588803
0.000000
0.000000
18.480350
254.286301
14.392015
0.012125
0.393342
0.000000
45.356705
1.764451
64.494812
21.613319
143.773636
1.646228
0.187001
5.264922
0.000000
0.000000
180.734680
0.000000
1.058702
0.000000
150.180130
13.987933
1.551372
0.000000
7.684399
9.156911
0.000000
0.967932
235.643661
4.676917
0.000000
0.000000
1.978836
0.000000
0.000000
8.918155
0.000000
0.969299
122.016022
0.074369
15.395206
5.872183
0.000000
3.834498
57.163918
158.115753
4.534111
2739.203125
0.038237
16.233517
11.969654
13.553146
0.000000
5.419415
48.852695
0.474057
39.575661
94.781372
31.834999
42.555599
0.000000
80.679703
14.394619
12.923965
2.396105
1.931139
0.045476
1.160767
0.000000
2.300481
249.232635
3.061274
3.235735
1.417349
6.786500
1.917584
0.690855
21.711054
8.843151
6.929582
12.329593
85.641052
65.971291
2.610889
0.086782
4.286067
5.031133
20.001837
0.425209
0.013515
166.099777
7.455741
0.000000
4.955547
3.044242
0.011599
3.025837
0.071443
8.410075
10.512522
0.525112
0.000000
138.208176
0.714477
9.394538
1.249646
12.873229
0.000000
25.337914
73.883743
26.373747
0.010607
78.596611
51.557571
4.489439
2.255164
0.000000
1.976407
0.000000
0.000000
40.559277
5.995440
65.833038
43.416470
35.846363
128.554916
249.125198
1.514593
0.000000
50.388733
36.120110
0.071244
69.124779
34.184380
28.214540
8.766055
98.908928
0.000000
288.480682
5.790831
0.000000
0.462173
1.048423
0.000000
5.571548
6.027804
27.856733
6.828169
30.191031
72.467545
0.000000
0.309548
838.183716
3.221216
17.525072
4.217988
23.069050
0.000000
0.040371
147.895416
0.000000
48.501034
53.682003
115.299278
0.000000
30.154533
0.000000
51.682632
20.063154
84.591148
6.214990
57.069897
24.879992
28.677773
0.000000
17.479225
12.968719
1.053547
5.670712
1.695289
2.555026
0.000000
0.000000
175.764725
0.000000
4.983095
0.564057
0.000000
231.949509
0.039989
6.405374
111.825035
79.011444
1.067404
8.799097
28.632214
95.729034
0.000000
0.000000
14.475797
4.361543
0.501114
39.962921
0.328711
21.897396
48.219181
36.441170
104.957787
0.000000
58.517979
6.205989
9.478702
83.798714
1.017878
6.910896
254.855118
0.000000
0.073593
0.000000
16.149996
4.817870
9.185514
19.710388
233.291168
234.325439
2.824615
15.060209
0.000000
0.564394
37.346596
0.279669
1.934037
0.735174
9.718211
14.749766
25.326338
0.374014
19.518673
0.054630
44.718662
14.740194
16.491617
0.000000
0.000000
102.094620
0.184789
14.587892
108.184822
0.463494
1.858359
29.607891
3.214379
0.271531
0.000000
0.000000
0.000000
1.260211
24.583567
11.207803
0.411416
50.668285
4.631978
0.000000
0.000000
16.911131
102.848114
3.421572
1.918777
4.853148
38.409988
0.000000
0.865798
0.286272
414.331329
72.804199
2.667214
10.091772
7.952870
0.000000
0.000000
0.000000
0.036344
2.060344
0.321562
23.544666
5.081972
73.775810
0.000000
139.304581
0.000000
0.000000
0.000000
75.460045
6.934804
37.058647
0.000000
1.197550
10.669133
0.083941
2.570407
76.144073
0.000000
11.415761
0.000000
0.109124
19.279612
38.353436
0.000000
8.959803
8.442180
53.573795
2.796577
23.930111
29.275171
17.324982
31.633078
131.707611
0.030879
13.500308
13.772129
3.550658
532.640503
14.544574
46.076164
3.576936
0.019815
898.379272
3.525830
1.705670
0.000000
0.115876
20.654024
0.000000
50.196018
72.437592
0.000000
16.101576
27.767090
0.108927
19.474224
1.804029
45.972012
0.024350
40.686867
0.000000
0.000000
0.000000
0.255103
130.827911
13.860141
12.256672
0.000000
12.604386
1.194046
0.028297
13.439385
0.000000
0.058927
23.975475
0.000000
3.031428
266.233978
15.190461
0.000000
8.595957
3.254924
2.835222
1.036816
0.000000
24.068310
0.000000
7.104498
0.000000
28.646730
16.662273
19.509533
1.350127
0.000000
0.000000
6.498662
35.210033
0.000000
5.848795
679.145020
2.556707
0.057772
39.867489
5.901102
20.861090
0.443585
0.020958
11.388340
2.535557
45.788330
93.254990
16.868315
9.584082
2.201031
4.886097
19.879051
0.037154
42.229546
0.000000
0.000000
11.171531
1.270990
0.000000
13.317124
112.216660
0.000000
54.199860
16.174734
112.098877
11.980021
36.267406
0.802546
1.695620
2.527313
1.396554
76.479591
0.640728
4.393569
2.237906
0.058205
0.734179
32.913029
16.345913
1.400852
13.427905
0.000000
46.202103
0.599503
45.453754
6.301914
234.571716
70.400917
15.037988
4.251015
182.498337
3.733906
6.318272
251.651749
2.862066
0.023203
3.139664
183.377014
24.181473
0.194443
22.411331
32.168480
2.496662
12.295164
9.527156
0.000000
112.106773
0.000000
0.000000
32.844418
6.374189
98.734756
5.441933
20.692196
0.070337
0.294802
7.264798
0.000000
150.681366
3.076834
0.182721
25.262466
4.485406
142.369171
2.594295
0.071417
0.000000
0.283362
4.182324
0.465585
1.214165
10.093708
1.500773
0.000000
5.711818
14.663155
7.377511
25.125702
0.911669
3.322345
51.548027
0.920340
14.629969
0.000000
0.000000
0.641175
0.000000
0.000000
33.301018
62.350430
12.335606
3.508931
0.000000
0.000000
40.533737
88.790627
7.606625
18.675198
1313.745239
163.077774
0.009477
2.818172
8.274248
0.695152
0.156406
1855.358643
0.000000
22.261396
901.472656
0.000000
37.277538
4631.757324
11.095842
11.084510
0.237010
19.662884
8.184327
4.211244
443.069214
23.362295
0.162142
113.489388
1.987759
0.000000
0.063413
81.802376
0.082181
15.699918
11.947302
1.964852
442.890625
2.044852
0.000000
6.602310
0.000000
0.000000
17.529261
0.103955
151.932114
10.410803
0.385798
31.242411
1.345214
7.545829
28.213142
212.911972
9.542460
34.211288
8.006506
2.055589
91.260498
243.225784
188.091431
0.000000
0.000000
0.000000
39.645817
28.820068
31.614145
3.071181
0.170748
0.017309
18.696753
0.040733
3.467437
0.378444
14.138769
32.901085
16.023993
4.400107
0.128112
5.988262
0.060584
0.824183
7.830577
0.129732
0.473248
0.000000
0.000000
14.374809
0.286946
0.011751
87.258957
76.524078
44.702869
87.262604
105.937630
0.043258
4.552068
0.000000
0.048601
0.000000
0.000000
9.082299
182.132446
20.529613
119.500565
0.494871
0.039246
5.753401
40.794571
48.630928
0.356079
389.509521
5.616693
0.664170
0.000000
0.000000
39.010204
31.790329
2.753342
7.588580
81.067261
0.487807
26.038593
101.424736
13.351101
76.801369
6.813221
15.183989
0.000000
18.222734
0.000000
14.793983
0.000000
0.000000
14.335568
13.361036
0.430976
0.578951
5.912369
75.942223
19.591354
1.108704
21.592485
0.919479
0.000000
5.628706
0.742780
7.119797
0.252727
15.318957
3.126602
21.581001
16.790947
48.851177
36.407524
8.846416
37.564842
20.052032
21.750347
8.908320
133.269409
0.071620
7.532042
0.000000
0.646920
5.941247
12.794764
0.054830
0.000000
0.000000
0.356492
0.000000
9.143602
0.458214
6.074693
73.970924
0.000000
5.115997
0.000000
0.000000
26.867277
0.724469
22.781958
0.000000
543.345825
75.005005
12.837167
0.097158
0.000000
0.000000
14.232163
0.000000
28.147329
0.805560
71.583015
0.072935
0.000000
14.754118
0.000000
0.401561
0.000000
2.717818
1.309986
0.165896
10.384360
1.007788
0.011606
0.000000
2.811986
56.383339
35.380993
34.300869
0.598413
0.000000
15.586990
0.000000
0.000000
0.000000
4.762983
2.461230
0.000000
0.000000
1.382196
3.758030
0.000000
0.000000
2.540893
43.635551
0.130627
4.546834
0.000000
0.054478
0.000000
0.090679
0.059504
0.000000
0.131891
0.000000
0.000000
2.928989
20.116632
10.964170
0.559339
22.649717
21.214796
10.463172
0.162758
3.878708
3.982161
0.060507
12.021070
0.000000
15.600357
1.596560
11.394226
12.695709
9.866021
56.672470
12.393514
0.000000
9.405618
0.247728
0.984549
17.295542
19.206345
16.283142
0.000000
42.612411
0.000000
10.325443
14.294576
505.670685
0.044085
1.636393
17.463844
25.652887
0.052279
48.157543
24.187822
46.514057
6.401324
0.361598
0.000000
0.000000
8.102006
0.000000
0.010535
0.883906
7.687900
14.213306
0.000000
0.000000
0.327246
2.045027
0.000000
0.000000
9.920103
8.745625
0.337532
0.033594
38.822144
17.917896
40.393520
33.023022
5.419178
196.493134
0.373153
0.000000
2464.981201
3.900726
0.000000
5.090296
3.348280
66.320335
196.190994
0.020338
103.436928
8.944547
0.050461
7.547040
0.086635
0.000000
130.432617
58.801086
0.000000
0.200888
0.000000
0.000000
0.000000
0.000000
15.278345
0.000000
251.010147
1.187205
0.000000
0.299159
3.879636
143.417496
110.205101
0.904496
0.030753
0.000000
0.048126
0.000000
0.000000
14.698622
63.429245
5.371504
21.509064
0.000000
1.136817
0.452757
0.000000
13.411483
264.113831
30.358719
0.000000
22.524319
0.000000
0.000000
0.000000
0.000000
0.000000
0.000000
387.152740
148.106735
10.051751
0.000000
15.413546
14.105577
0.000000
19.877645
105.956703
0.000000
8.977256
0.208797
0.000000
0.902971
26.648380
0.000000
0.000000
216.577072
0.000000
10.361951
0.411119
39.285797
0.000000
0.000000
0.186782
0.028285
0.040639
0.000000
134.971909
0.000000
18.793123
54.805859
10.907224
0.040061
0.090195
29.855185
16.101301
0.000000
9.210931
11.386260
47.197250
2342.946045
0.000000
1.004666
0.011371
0.963730
0.473937
2.233163
22.368795
10.457410
84.065376
0.000000
0.016772
2.394042
0.084093
2.242870
1.178133
0.000000
329.270782
62.272049
0.632962
1.751705
0.000000
0.000000
7.261256
0.000000
0.121883
10.369970
92.779144
0.883460
37.504234
39.228054
32.418999
536.738464
144.239502
16.338388
0.000000
0.000000
32.884720
0.000000
8.828024
58.243782
0.777060
0.060542
0.616315
15.620266
21.888069
5.252839
1.052486
0.000000
0.599025
0.000000
0.501507
72.616287
45.527016
0.384093
417.851318
6.239242
26.558184
61.745869
0.000000
0.008830
0.000000
1.515693
3.334239
0.082415
0.038939
151.213806
0.307161
19.085556
0.000000
6.804232
44.097836
0.782931
4.121075
0.000000
0.000000
0.000000
38.927761
44.275078
31.073980
46.744099
0.000000
0.087544
6.313198
3.854831
1.573053
0.295266
21.600883
14.614480
3.130205
0.000000
0.000000
0.061699
0.000000
17.086636
0.000000
12.999728
0.000000
1.011237
0.392793
3.620199
0.012725
55.572094
0.000000
0.488346
82.688911
0.226159
0.000000
3.620006
0.000000
12.996784
6.417569
0.000000
3.625008
0.000000
0.033157
80.758354
7.453918
62.165943
17.418026
0.000000
0.000000
0.000000
7.486192
0.212380
10.792225
0.537830
0.096426
1.682555
48.455582
6.142701
0.014724
63.449291
1.542139
27.472002
0.218042
38.100235
9.347919
2.887389
3.616749
0.039197
0.000000
0.028150
0.000000
0.000000
9.404474
0.041390
0.000000
50.240788
0.000000
0.000000
5.076479
4.619316
0.000000
0.000000
1.782582
2.252914
16.886099
82.549393
2.913495
2.289069
1.741178
0.000000
0.000000
0.445572
1.130227
0.503629
149.721939
64.019272
0.000000
12.775177
0.000000
0.000000
31.814592
3.119735
0.000000
0.537808
146.189941
0.000000
217.265717
0.181917
42.743423
1.747886
0.033397
0.000000
145.531082
11.916665
0.000000
0.000000
0.000000
138.864044
0.000000
0.372244
0.000000
0.000000
6.417642
56.362473
0.000000
1.258751
9.169347
6.046233
4.302879
3.112214
0.000000
11.882949
7.521531
11.151414
6.919886
48.053741
2.097310
0.241655
204.254868
119.338272
39.883644
0.000000
0.000000
7.674495
5.017074
0.000000
4.716053
91.960739
12.646720
36.646915
4.486307
0.000000
0.000000
0.292532
0.100762
0.000000
0.000000
0.000000
12.874203
0.000000
0.329816
12.427098
70.415108
6.473521
0.000000
0.392851
5.285773
0.784923
0.000000
0.000000
0.091755
1.501995
5.272961
28.137047
0.112239
48.446106
5.795221
52.974613
0.000000
4.731867
0.000000
0.000000
0.269583
8.688169
0.000000
50.218864
0.000000
81.138565
9.173333
3.939377
25.529842
26.031208
4.238772
0.803029
0.000000
0.000000
0.063824
18.160191
0.000000
117.429207
0.094679
0.923834
0.000000
5.910507
130.344437
1.459918
2.103501
0.000000
0.000000
14.722342
0.806681
34.021061
14.335434
11.133168
0.126339
3.290570
3.623075
23.706190
89.354355
17.875134
0.000000
1.593679
5.979936
0.000000
0.095615
3.793735
12.260706
0.000000
19.013210
0.225432
0.051969
0.000000
0.312326
13.591277
175.583191
19.980619
0.000000
8.390675
0.012910
0.137099
4.938584
131.618759
0.000000
33.657593
101.569427
1.226810
10.541534
0.096191
41.309841
165.037094
20.395473
22.573082
129.487488
0.056609
0.000000
72.132492
52.169380
0.000000
76.424622
1.785256
15.123945
188.470413
27.224497
241.354904
0.012841
0.000000
11.765303
17.456839
0.126725
119.731888
0.000000
0.435537
16.205528
1.224785
99.416740
29.368021
1.234632
0.000000
0.395244
4.869833
0.008175
5.455567
17.486588
0.000000
0.000000
88.232864
35.540997
0.000000
72.647987
83.344292
0.000000
0.269632
1.366645
3.298842
0.023099
0.000000
0.000000
151.516724
0.000000
20.513987
121.389214
0.207904
1542.286621
34.730171
22.968372
0.015709
68.254242
11.591115
16.291603
0.000000
0.000000
0.000000
0.085493
3.942190
0.000000
6.859368
1.342573
13.915469
1.476340
22.304663
0.000000
0.000000
0.000000
0.000000
0.000000
0.000000
13.100530
0.140526
0.057826
33.612247
0.000000
0.000000
0.470711
0.041176
3.867432
3.486196
100.407639
0.000000
22.586527
3.235497
6.640196
1.649078
4.051239
0.000000
2.978073
68.082497
0.000000
7.005273
0.000000
0.000000
83.556061
0.000000
433.707611
14.819848
0.000000
0.076987
0.000000
0.029366
0.854704
19.031816
80.473534
23.623035
312.049652
0.237742
0.251348
67.411003
0.153723
3.799360
1.709164
27.155123
0.067819
1.458098
0.130949
0.000000
0.038038
23.165106
6.359358
0.000000
0.000000
0.000000
0.513236
2.471236
0.000000
78.827545
6.637270
1.047627
16.776293
0.480043
68.306175
0.186631
5.037249
0.222255
0.000000
16.986574
383.508575
0.585347
8.856688
16.662643
0.000000
0.000000
0.000000
15.506208
0.107432
213.401306
58.372528
1.367313
36.068455
3.173932
5.945652
4.074219
0.000000
39.847843
985.494568
0.068825
0.000000
0.393705
0.000000
0.000000
0.000000
1.134641
26.887733
12.303099
1.309980
0.000000
0.022391
28.300499
361.493927
20.969948
0.170550
86.169586
15.003467
3.874380
52.027348
8.279394
23.491968
1.662730
0.000000
5.657767
0.093949
0.046521
22.925241
0.796537
0.845380
21.991104
64.188980
4.427193
0.718823
2.448353
16.606792
0.631953
0.000000
69.794624
13.123195
0.236698
27.230616
0.000000
0.000000
29.036180
7.237728
49.298080
601.351563
8.670291
6.919832
6.473489
7.679082
0.000000
31.099272
8.109739
4.312411
26.257082
1.207286
0.000000
0.042385
15.398101
0.331051
0.189296
148.969376
27.799616
0.000000
10.145393
0.000000
0.000000
65.538589
0.299735
3.602768
0.000000
0.588268
34.525925
0.000000
0.000000
16.364285
0.000000
0.095086
8.628572
28.789742
0.589984
11.220727
0.357535
0.385822
0.000000
0.000000
0.000000
65.002464
12.690376
0.000000
32.334076
3.035685
0.455540
3.312679
0.245335
0.000000
1.116738
132.656082
0.086334
0.064929
0.000000
0.000000
6.531579
1.146348
0.000000
0.000000
0.000000
1.154706
0.000000
2.356150
20.035236
0.546643
7.452409
2.794273
0.447925
2.098750
0.000000
0.000000
1.503054
0.310991
0.000000
0.000000
279.996094
10.321996
26.899811
0.000000
3.252847
1217.184937
6.312944
0.069615
0.164614
2.048311
1.519855
7.454798
1.056250
2.728456
65.100967
0.000000
27.680613
0.000000
0.117635
0.009625
42.131672
0.000000
0.069874
0.031757
6.898806
82.795319
17.419872
10.707646
0.000000
1.152430
1.601477
1.774241
1.469357
64.104279
0.312703
0.000000
239.184769
0.171960
7.754822
19.082916
38.156204
22.617331
0.000000
0.000000
45.830212
44.230659
37.294727
0.000000
158.240906
77.219963
18.292294
2.230583
21.758373
0.380272
0.000000
0.000000
0.000000
97.507393
4.096150
5.950451
112.202431
8.366458
8.316123
0.324470
9.520527
21.935728
14.103087
79.965942
9.097384
34.766380
72.480682
3.407665
62.393532
0.549099
0.037348
0.525836
113.434219
0.660971
9.854833
222.002670
0.000000
0.000000
0.000000
278.067200
1.384257
10.403113
13.619297
0.641777
60.806767
0.071475
1002.498474
27.178314
14.569527
88.767197
33.573334
39.248558
121.325851
8.025149
0.088464
26.067936
12.171968
0.329406
36.883904
94.966820
10.941817
20.877756
0.000000
0.162932
0.013460
273.994720
19.497255
28.381203
0.080383
1.049143
13.676579
0.000000
0.558072
605.735229
0.000000
57.576504
5.413434
0.000000
10.264268
0.000000
0.086799
59.578991
2.922902
0.000000
72.330254
29.951586
3.294584
29.806145
17.510807
111.003838
0.045193
0.040279
0.000000
2.217163
2.566646
6.483208
13.862747
13.388106
71.109665
68.202126
2.518071
108.510147
0.000000
77.073402
1.068777
11.021528
0.037377
0.000000
12.119623
0.000000
209.455338
3.532270
3.811682
170.921661
4.818061
34.570717
12.936073
12.920456
0.000000
41.380432
0.073387
0.000000
0.000000
27.517431
8.440917
0.019229
0.000000
8.557199
1.692520
0.177610
0.000000
0.383678
21.816708
0.000000
0.000000
74.078934
0.000000
0.000000
2.663132
8.487188
0.331944
0.164498
34.777267
0.000000
103.967926
5.674131
0.000000
58.413185
0.000000
192.338470
34.736912
6.255164
13.135862
0.000000
0.495737
40.319759
43.409771
0.000000
8.832511
9.707488
1.020661
16.489582
0.416500
890.519043
3.868460
0.000000
0.000000
3.876970
1.260325
0.313104
0.061812
0.803932
0.000000
44.744152
7.562047
344.658264
0.041694
2.559680
60.640144
58.877831
0.005667
0.000000
0.021515
3.044374
54.587673
131.053391
0.000000
0.000000
0.000000
0.513070
0.000000
0.000000
0.000000
0.000000
0.000000
6.130234
17.468769
0.944353
1.980707
3.508736
0.000000
0.115149
5.690116
31.981852
2.987077
4.244330
17.978518
6.486051
1.289755
10.967311
0.361375
0.000000
0.000000
0.000000
0.062101
5.238135
55.241249
0.040322
6.132130
0.045582
12.620216
4.733675
0.023250
6.200902
2.969900
20.499372
10.922070
52460.183594
1.893095
9.512548
0.000000
4.746815
3.637401
3.732814
2.855781
38.241375
0.000000
22.680567
0.000000
4.127853
10.815688
15.237943
0.000000
149.087936
10.495688
52.948532
0.093335
114.247581
0.000000
0.051423
0.138985
44.671608
103.968353
26.533518
0.000000
57.044678
0.000000
0.000000
58.657906
1.034078
11.403274
8.168836
17.711756
17.646332
0.710003
0.000000
0.537768
50.427498
0.000000
217.663406
36.913422
69.689827
0.000000
6.319359
61.466629
0.659495
0.000000
808.421082
0.127948
18.023777
42.026459
0.070925
0.140210
0.000000
0.000000
0.102942
0.217073
1885.651367
0.000000
0.000000
23.821531
12.713366
2.293103
9.239970
3.146587
0.716271
440.615723
0.195545
8.802949
0.809687
0.430870
10.281228
82.661758
0.372290
136.568909
70.999588
0.218589
0.000000
33.047569
10.295469
0.000000
15.812165
6.580921
15.636768
204.668488
0.000000
21.700718
0.000000
0.895740
0.000000
0.000000
0.000000
25.077126
0.407968
0.093920
1.167027
0.018648
1.401406
27.921751
5.407351
2.411615
2.169827
10.253822
0.000000
0.000000
1.142604
3.389232
9.807511
9.849503
80.909798
0.000000
0.000000
15.147572
31.388313
0.260971
0.990216
3.461632
126.071739
6.480944
0.000000
65.811676
0.000000
0.000000
122.409279
1.514392
5.618154
0.000000
0.056317
27.559441
105.230019
0.000000
86.254967
1.057211
1.713952
5.170123
22.845455
711.485413
0.298280
3.561505
0.239686
0.000000
1.442091
6.137192
0.000000
14.394554
0.078337
0.233899
0.217986
17.996199
0.000000
31.121080
0.082548
9.991174
7.019254
0.042632
0.000000
0.000000
25.128059
1.605630
0.000000
4.137167
0.000000
9.256903
0.000000
10.343825
163.578293
7.278998
5.650434
5.303352
0.133386
9.788932
0.106069
48.928490
0.054986
4.858947
5.188986
0.320387
4482.396484
0.000000
59.332638
0.483857
76.622284
1.349818
0.000000
2.544780
0.831539
151.835297
5.849054
64.349350
750.942383
0.000000
3.732389
8.629726
0.000000
0.000000
0.000000
15.978937
0.000000
5.045611
3.211463
0.000000
29.793510
19.287157
0.000000
9.773411
0.000000
58.930153
0.000000
148.176590
142.146210
15.371901
0.000000
0.000000
41.334393
0.000000
0.460227
0.000000
3.182991
359.893433
0.000000
0.996897
0.000000
46.416275
0.000000
0.000000
20.734217
236.926895
6.231479
0.000000
0.043975
14.633681
16.407228
0.000000
0.034618
5.696746
27.957682
39.863846
0.000000
0.567765
0.000000
0.000000
0.150324
0.000000
3.598034
12.743530
0.000000
6.548293
13.552544
0.748621
8.875014
0.000000
5.435340
0.289454
15.757814
0.677119
0.934843
81.265274
1.574684
34.379688
0.352532
0.000000
0.000000
3.898768
2.793413
0.000000
3.763637
0.085737
316.964172
0.000000
0.000000
237.005859
9.044994
15.729239
9.534364
0.000000
0.238894
13.160136
1.935723
107.746002
36.636276
1.056096
38.893940
50.298576
14.757336
0.019543
88.306396
0.000000
0.225996
0.000000
22.194441
0.000000
0.181128
649.328247
90.627060
0.297553
4.694132
0.000000
23.296963
34.804428
0.288148
0.000000
7.952749
9.953104
0.000000
2.036484
10.091036
0.890721
0.000000
0.008252
0.269371
0.000000
0.285707
0.461123
0.028559
57.720852
13.209007
7380.649414
0.000000
5.585054
3921.583252
0.000000
0.154660
0.000000
0.000000
0.473459
110.155548
59.833458
0.000000
29.849501
17.353743
0.481696
0.055016
167.883972
0.267176
1.600615
0.145859
0.000000
53.319431
0.183433
391.037598
92.256752
75.002090
5.302983
0.079422
6.071763
3.346352
0.379071
0.103247
20.548424
0.000000
16.560623
21.787865
0.293413
2.342773
1.060043
19.513861
0.069820
41.169373
1.588133
7.812037
10.753668
0.016618
8.035988
0.000000
18.993435
355.006165
6.301654
635.473083
87.418076
4.522052
0.000000
0.433186
20.824718
17.047794
0.128102
0.000000
5.180020
25.126175
0.036870
0.022840
0.000000
0.927129
0.000000
0.037009
0.000000
14.224988
0.000000
11.385339
16.387379
0.000000
0.000000
2.909268
0.000000
0.017584
29.082766
0.000000
0.064755
1.626566
1.686230
32.509892
0.000000
0.000000
30.030109
0.000000
12.329920
78.183884
0.000000
0.000000
0.000000
65.033310
0.081450
161.607498
22.879993
0.000000
0.000000
0.000000
212.319092
0.480341
0.189493
0.109093
13.402737
2.258961
31.704891
0.081591
0.240737
0.000000
0.331454
647.458008
0.000000
0.017821
86488.546875
10.032682
0.088575
3.559148
0.000000
0.198904
51.428040
20.027342
0.000000
0.056982
69.332458
1.672603
8.749547
63.183525
211.357605
2.062911
70.042892
4.992716
46.067524
17.050554
92.007935
0.090944
152.732330
116.222420
15.322186
28.460020
0.000000
103.065842
0.000000
3.673347
0.000000
20.288523
15.599644
15.660135
0.050499
20.759361
0.000000
0.000000
4.070345
5.667377
0.000000
0.000000
1.655667
10.302364
50.357014
0.000000
2.822829
1902.967285
0.000000
106.074524
0.118480
0.000000
2.074491
14.816162
0.000000
1.426728
22.017654
1.319221
17.575037
0.000000
15.828007
0.000000
26.332661
58.678532
2.651840
0.000000
25.085485
21.594259
0.000000
0.000000
2.632783
40.786415
56.762794
8.586268
13.586082
17.720007
13.285598
10.304979
5.220233
24.551273
0.000000
16.316475
5.987359
71.576073
49.389359
0.733906
0.000000
29.273216
1294.460449
0.000000
6.272556
2.391222
1.931307
3.803170
0.000000
0.000000
12.594360
15.633361
0.000000
132.218826
84.905495
50.676662
0.000000
370.163727
10.601714
6.850781
340.910858
4.561004
72.099724
0.000000
5.195741
3.042117
40.621120
4.400521
185.782455
6.130284
0.000000
0.113608
0.000000
52.803661
0.000000
0.000000
0.000000
53.728661
0.074105
18.868258
0.110242
17.989243
34.600204
0.478074
9.569084
2.378359
17.148573
0.000000
0.000000
0.173713
0.756091
0.000000
16.423140
1.958185
92.035843
0.000000
0.211063
0.130285
0.000000
7.012040
2.090225
0.362973
101.952408
0.000000
60.318283
19.858757
33.434727
296.293213
2.340455
0.110951
0.765829
1.043592
196.844406
769.972839
0.000000
85.282707
14.591533
0.000000
16.969809
0.279825
0.026812
0.000000
0.505089
0.000000
38.545174
25.449776
0.000000
97.874329
68.017632
2.355855
0.000000
0.000000
0.814207
1.517417
0.000000
2.616674
0.000000
8.006629
0.051370
7.467660
0.000000
63.929337
56.432545
860.183044
12.461746
10.295777
4.499303
1.638151
81.082283
0.000000
0.465292
2.456568
0.251348
0.000000
1.034499
16.666096
0.000000
78.082687
55.161736
6.410122
0.277834
0.479005
25.008083
10.467483
7.912366
0.000000
3.704447
6.524435
0.145539
216.744446
0.000000
0.000000
0.000000
0.352759
0.700838
0.000000
0.492417
0.000000
0.343164
123.335205
0.000000
6.694282
1.887479
14.309484
21.298239
29.490664
12.732268
35.085136
0.207734
3.648556
5.711052
0.193227
21.921185
0.000000
0.386140
0.000000
0.805769
0.000000
0.000000
0.000000
0.000000
0.000000
0.000000
157.162491
256.934113
0.000000
24.727791
0.000000
9.784614
0.000000
28.339050
0.000000
0.046788
88.481499
80.152397
2.341405
0.000000
0.072567
62.456261
4.207829
0.000000
84.388168
45.675766
2.062178
0.000000
69.287292
150.738937
0.378685
62.030479
0.000000
0.000000
0.271823
0.097490
0.000000
23.224209
0.000000
11.935514
0.000000
0.000000
109.587967
0.138423
0.000000
2.101554
3.263351
52.041225
0.000000
14.768408
0.000000
0.000000
11.558982
7.110020
0.000000
74.524010
0.082989
1.429403
1.541884
11.819338
16.651686
30.465780
0.000000
0.000000
2.675372
4.068898
11.044326
19.364357
0.000000
19.439329
0.000000
18.488125
0.000000
0.032220
1.939107
0.000000
11.019530
4.715090
0.050654
9.275948
0.000000
13.899967
8.323470
0.027451
4.445268
16.220589
2.530158
0.000000
1.042957
0.185065
8.718637
2.656173
0.000000
2.029065
3.645739
4.832105
0.000000
72.723526
10.094470
0.000000
23.240116
0.000000
0.477695
0.000000
0.000000
2.596245
15.123069
17.999100
40.316868
0.000000
0.000000
1.816898
42.588764
19.802168
14.862597
74.829124
104.612854
0.000000
0.000000
10.155549
0.781962
57.371441
0.000000
223.746414
35.696880
0.000000
0.060982
4.104634
0.000000
60.894436
0.000000
1.096658
1.709259
143.884277
147.804642
198.898636
1.291348
50.824917
0.000000
1.558808
2.086212
0.000000
5.664186
1.374798
0.000000
0.136687
2.232058
6.847500
0.000000
0.000000
0.000000
1.104225
1.060473
5.051760
0.824932
0.000000
49.967197
0.014283
15.369946
12.410645
0.842801
1.145060
52.220776
59.847538
22.073725
0.000000
98.281769
0.000000
0.000000
14.012357
0.000000
0.000000
0.000000
0.487143
0.000000
397.040131
0.000000
116.255371
5.786471
64.167854
43.903915
597.477539
0.027874
15.682871
0.000000
15.985628
0.000000
37.730839
0.685461
0.000000
0.000000
0.000000
12.598830
0.000000
19.880219
39.446785
0.000000
0.089832
9.415700
0.000000
31.576885
0.013934
6.520543
45.029892
9.943611
0.000000
102.017365
1.732759
0.000000
28.843464
9.281332
24.263876
0.000000
8.644167
0.000000
24.347164
0.000000
0.000000
26.246521
358.493622
24.387632
54.964706
1.265290
0.000000
19.219183
3.684741
0.000000
0.000000
3.390390
0.000000
980.164246
0.000000
9.545179
0.000000
0.000000
51.307156
0.000000
0.000000
112.889427
161.732193
13.796366
8.488488
25.275343
64.424797
4.190755
18.752514
0.000000
0.000000
75.051521
8.623348
27.079056
0.000000
0.454732
22.479208
0.000000
33.111458
0.000000
0.000000
1.217139
9.410352
0.000000
23.460505
0.725754
0.085241
0.000000
0.346062
46.949314
151.197495
2.536176
0.000000
0.379559
116.461365
263.821686
45.498940
546.272766
36.886299
4.627478
0.000000
8.763123
19.503229
452.043793
0.000000
0.000000
5.283396
158.290680
0.000000
119.921242
0.000000
150.603333
40.066090
2.723167
12.056847
0.587890
5.845582
1.723940
10.620033
138.542542
3.605052
0.000000
0.028579
0.713924
1053.652710
47.958096
0.000000
8.752278
30.137444
31.596045
0.000000
554.336060
0.000000
11.564089
25.378958
523.084717
0.000000
30.642923
0.125832
0.307336
0.000000
0.000000
0.000000
45.236004
3.189854
0.000000
44.197384
0.000000
23.574707
0.118062
22.220127
0.000591
18.225023
1.844896
0.635333
37.991779
149.752045
53.080971
7.709394
30.184958
78.334419
0.000000
0.000000
0.123352
0.452106
190.832901
0.000000
577.801514
40.144989
0.000000
0.019833
2.633789
15.146238
6.831271
27.669893
18.434053
1.541328
4.855858
0.000000
11.030433
0.374647
0.536279
0.000000
0.000000
0.000000
0.000000
208.431717
58.878605
0.000000
0.412595
23.378756
59.961021
188.486542
0.000000
0.000000
27.853104
18.173265
71.777672
39.986774
5.149930
0.000000
65.637978
2.521603
10.993860
3.050615
1.191223
0.000000
0.000000
8.849779
57.434044
0.000000
0.000000
0.000000
24.083420
37.735874
0.437096
11.949286
0.782538
10.386772
8.687576
0.007315
0.266304
162.641449
0.000000
265.360168
24.267132
0.000000
0.000000
0.000000
3.983037
0.000000
14.025554
8.092937
43.923035
21.134577
10.859913
7.324392
3.460976
0.000000
0.000000
102.148514
0.000000
1.747470
0.000000
41.714043
12.262118
52.358013
130.468430
16.679058
0.000000
0.000000
1.535264
1.139519
15.123096
0.210700
0.708258
18.187101
2.586667
0.000000
2.242103
1.773608
0.000000
0.446576
0.026866
32.385201
21.180311
0.198309
57.847672
0.000000
172.434036
0.000000
27.364964
8.576939
1.168566
4.477881
1.681368
58.848175
0.000000
1.895383
18.490545
1.435806
57.284405
15.028746
5.699624
300.641388
0.000000
13.902411
151.134277
234.606735
72.893188
24.122589
56.581455
14.171905
46.646206
0.887672
21.275345
0.000000
0.000000
0.505683
34.017895
266.446960
4.865729
25.091669
0.000000
104.908516
31.859934
218.210876
15.864079
439.564148
664.951904
4.097724
41.681698
245.662125
0.000000
108.394676
24.553041
8.626409
36.423000
9.047847
0.225283
0.000000
58.863522
0.960035
4.403399
0.000000
0.049415
18.829588
16.314138
0.054117
1056.835938
0.000000
3.377659
19.551186
9.812424
0.407863
10.025734
98.112274
0.000000
7.761874
40.963913
0.278846
0.000000
15.483648
13.471541
34.809685
5.996225
0.851228
0.000000
0.000000
14.347183
0.000000
69.737099
13.286171
0.185350
0.798776
172.592056
0.000000
0.202540
6.029995
0.000000
32.961983
60.029987
0.000000
0.080305
0.000000
0.000000
25.983278
21.408316
22.379492
0.000000
68.300453
118.956810
51.968044
9.178915
1.712868
18.309319
0.000000
1.484492
0.000000
0.000000
99.954208
0.000000
0.000000
0.000000
0.000000
1.208477
14.994284
67.403145
0.000000
8.323248
2.832542
16.733364
7.380399
81.151222
0.000000
0.000000
0.094282
0.000000
0.000000
14.672939
0.000000
0.028973
0.089283
0.825831
4.177718
0.000000
2.048074
0.000000
7.315333
0.000000
66.162666
184.042145
62.968124
0.215176
0.055924
0.187133
1.047683
0.000000
92.103630
16.137255
0.122458
43.939381
0.073908
0.000000
1.735621
0.000000
0.000000
169.820114
0.000000
1.038758
12.464655
0.000000
5.114187
1.848849
0.000000
0.035144
0.164943
103.008949
0.000000
583.064941
0.000000
6.126956
0.000000
17.744696
3.020370
38.527527
0.000000
20.546053
34.735619
37.003227
0.436989
0.530905
0.000000
0.000000
0.000000
1.000211
1.890900
20.653147
0.230710
2.046196
194.576050
0.000000
0.000000
4.164965
0.076824
0.000000
0.660111
43.437855
497.257507
0.049629
24.614796
0.157052
0.022306
23.116461
7.074754
0.233289
256.528290
0.173544
2.360827
0.000000
12.452439
0.000000
59.128651
10.624043
0.000000
0.000000
59.827461
27.044966
23.973652
0.991677
0.566539
32.489105
12.968912
0.093297
10.932923
0.000000
49.452477
0.000000
3.587250
1.133369
13.006530
1.590820
1.915810
1.155035
2.022840
0.000000
0.145465
0.000000
2.035691
0.000000
1.595038
0.649561
0.000000
0.000000
8.976928
0.000000
19.884403
74.987427
1.728893
70.484093
0.000000
0.000000
0.964280
66.453117
31.568045
0.141166
0.975477
14.734782
9.679873
0.717422
0.330776
0.000000
1.747630
2.905146
0.000000
0.000000
46.109573
14.551481
0.341123
0.000000
40.638340
64.329010
0.287711
0.123221
22.087017
13.727930
1.768478
0.000000
16.602467
0.000000
1.791282
341.121338
31.022930
1.175669
7.473460
0.011255
40.344944
0.404842
2.539730
6.195354
2.865161
35.800392
0.817713
0.000000
434.728546
5.726584
127.927734
7.478596
0.000000
2147.601563
17.714855
791.299377
168.420364
1.518238
186.921112
19.740850
26.125093
517.721252
48.351540
0.000000
1.352400
15.085830
6.366603
32.880451
0.097990
0.000000
4.424644
52.518349
17.973577
0.000000
156.073822
270.502502
12.354897
0.000000
0.000000
1073.240845
173.619278
0.077536
1.428490
0.000000
193.651199
0.000000
114.513428
11.557795
21.487589
0.000000
41.214493
1712.761841
21.783947
45.132076
0.000000
0.000000
175.011856
4.138597
456.788116
11.395814
58.069851
139.385223
41.031044
4.889174
392.326813
0.000000
0.000000
1025.030396
0.022529
37.962357
2152.621094
1.018404
27.114107
0.000000
0.254222
0.000000
2.009195
0.294365
14.478041
21.374851
0.183990
15.993567
9.744987
5.547291
13.833744
0.000000
38.107742
1856.775635
14.832130
19.302757
0.362042
0.000000
1.790413
0.000000
23.402498
1.436011
11.866907
0.000000
14.533459
0.298978
13.922862
12.500781
2.785671
4.840999
0.000000
30.011021
13.920390
0.447222
0.324086
65.144279
0.000000
0.782533
5.480325
26.409128
6.985071
4.078593
22.835947
0.000000
11.584452
511.113312
25.459087
0.000000
4.346585
53.889500
0.581100
8.328636
2.301249
2.808323
0.521152
2.572484
0.394124
0.000000
3.582576
9.256940
4.820580
12.595725
19.121250
59.380463
85.953873
53.371220
2.080706
1.033854
22.611067
0.000000
62.841812
145.510803
4.762269
41.486336
187.842102
0.000000
0.726795
6.241860
0.751853
0.000000
0.000000
0.000000
0.708835
6.206260
53.232895
0.000000
0.000000
49.519878
8.223523
0.445023
0.052639
8.107112
0.207061
0.000000
0.356488
0.000000
0.000000
0.000000
0.809816
0.167456
8.348621
0.000000
72.433365
31.150820
0.000000
18.666912
0.000000
0.321265
0.301975
88.099983
0.515832
2.032553
0.189210
83.495354
149.530457
6.644794
366.757416
473.067261
22.139309
63.385201
0.076481
29.971252
13.280490
3.609173
206.702789
9.284544
0.000000
30.874075
5.127477
0.275923
262.789398
0.000000
0.839360
0.211856
0.148472
0.000000
0.044756
4.629512
90.316467
0.606507
0.000000
0.000000
0.000000
0.020351
0.000000
0.078299
1.964564
0.118647
125.474251
5.762288
879.174255
60.931530
0.249413
0.000000
0.108200
0.005422
34.014019
12.195757
0.000000
101.487122
35.380005
0.000000
2.852266
150.234070
32.603642
26.185946
0.000000
4.228560
492.580017
0.006359
0.020039
1647.572998
0.436741
3.809011
20.674164
1.145867
0.257159
0.081524
77.771935
2234.321533
0.015439
0.000000
59.585960
3.012899
6.118420
0.586543
0.720912
1.513684
0.033397
3.225982
6.129750
5.247163
0.000000
0.000000
28.462429
7.785650
52.554241
14.765801
2.550451
50.024342
4.540962
3.360035
8.511813
2.394328
0.000000
0.079215
93.487236
14.833138
0.000000
11.373928
2.407964
0.909436
1.313935
0.000000
0.034051
153.670425
17.834484
0.000000
1.437926
18.342106
26.246374
38.687656
5.779917
41.856365
127.608032
153.691650
6.103681
49.893635
0.000000
12.397644
0.000000
30.915216
12.662201
110.598640
0.000000
16.407618
6.840572
0.000000
23.369101
14.171300
2.380232
0.000000
19.017803
19.386112
0.000000
0.638976
0.204359
0.000000
0.220918
0.143396
0.000000
0.000000
9.179716
1912.841919
1921.283569
0.221438
55.606213
2719.275391
1387.681152
17932.509766
0.043117
0.021576
0.152106
0.000000
0.156444
0.000000
0.000000
0.000000
0.034216
0.000000
0.029204
0.000000
0.000000
0.000000
0.130627
0.000000
0.227290
1.211391
0.014562
0.030745
307.776001
9.757936
0.215587
0.000000
6.393999
32.046494
0.597376
3.241302
10.427936
3.050792
135.803116
26.653767
143.655045
0.563754
4.981740
60.675766
0.000000
30.766172
0.000000
61.103138
2.141674
219.438232
696.081482
4.240794
0.000000
0.495906
0.000000
12.827754
0.896193
1.382070
0.000000
3.935707
18.266462
39.832108
9.338439
16.395597
0.228182
27.924753
118.868462
5.417331
0.018537
2.418617
7.516684
2.021373
0.016100
0.000000
16.916525
24.305311
4.012269
0.000000
0.000000
0.000000
0.998033
0.030462
0.000000
1.010498
19.776644
31.526270
39.262379
0.128781
48.346138
0.000000
0.000000
191.551392
7.240364
10.275334
0.186741
1.120006
3.837637
1.003719
8.314255
2.476972
6.458389
1.179790
3.456752
1.536164
7.733476
67.611740
709.189453
0.000000
0.000000
122.789307
16.119066
19.734331
0.066045
51.268238
0.491758
0.024621
0.000000
0.000000
0.000000
0.509139
0.108233
56.311535
0.000000
30.509792
31.820122
0.000000
54.064178
30.301855
8.443165
0.227476
0.000000
0.000000
28.924633
33.161247
0.094789
0.000000
0.000000
3.028769
34.834240
1.655127
0.000000
5.219594
36.349464
0.119266
0.310473
3.272108
0.000000
32.676395
8.366268
0.000000
172.608627
0.000000
1.724233
22.763878
24.526186
23.564093
0.230816
9.270789
288.744659
0.000000
6.257704
37.984543
0.000000
2.441793
90.811501
1.226042
0.000000
12.286674
50.736427
38.055599
0.000000
0.000000
0.000000
1.141099
32.013000
0.363997
0.000000
355.759064
10.068036
0.000000
0.294832
0.000000
1.152251
0.207079
5.770406
0.000000
2.022725
0.208714
1.154520
0.049313
8.596315
0.053462
5.879299
83.031868
0.000000
0.000000
0.009235
0.000000
0.000000
0.000000
24.437401
8.831930
6.683864
24.378370
0.000000
0.946688
0.240846
26.418232
111.763641
20.263212
26.277010
0.451106
120.807182
140.460342
8.758070
0.696027
1.497988
30.878372
0.000000
0.000000
1.809219
35.227287
0.000000
0.000000
0.056721
26.112701
15.638890
0.000000
0.000000
45.839569
3.654723
0.733552
1.357399
1.089923
0.000000
0.000000
0.131890
1.337136
3.912339
0.000000
1.562809
18.565054
24.622637
1.642995
4.579784
105.715164
30.433254
0.000000
21.164005
63.558151
18.555105
4.475563
0.000000
0.576295
5.724226
0.351475
2.976690
0.154206
0.000000
0.060271
0.000000
0.000000
0.000000
36.156517
0.000000
11.135327
11.541840
10.873872
2.790225
0.484856
22.116425
56.505871
7.522853
62.200291
5.016423
3.757240
6.314317
79.558853
38.447632
10.153710
40.862961
0.040198
3.407122
9.848478
23.343853
1.553455
8.765138
5.453973
19.781246
0.000000
0.234100
1.135290
612.204651
1.420684
0.000000
5.869380
0.000000
6.514815
13.054700
0.000000
0.000000
6.446533
19.992594
168.500916
52.662384
5.983687
3.039406
63.911385
0.000000
0.563609
3.106616
0.000000
0.000000
0.000000
0.000000
0.000000
2.533985
1.397771
16.814913
1.979890
6.434548
0.000000
0.000000
10.972239
66.828781
46.878452
1.077309
0.000000
37.375011
0.000000
0.000000
313.567993
0.000000
0.000000
0.000000
3.354809
0.000000
0.000000
0.278462
0.000000
5.083946
0.000000
0.339136
0.000000
0.406653
0.127928
0.026787
1259.407227
0.806320
6.312345
10.863191
3.898099
46.496948
0.000000
939.683411
0.000000
0.000000
39.936672
1.559766
1.977819
8.863898
26.995699
85.036400
0.000000
1.132222
0.203166
0.000000
0.026805
3.449790
0.000000
0.000000
3.179500
0.000000
0.000000
0.000000
7.626745
2.185055
1.681445
3.837307
3.271002
3.188390
0.552800
0.067746
67.597900
0.000000
0.000000
1.175206
0.000000
0.116538
0.000000
0.798997
5.006482
8.400545
4.472717
12.043836
1.241899
666.653442
3.858267
477.539337
0.000000
1.381103
7.586426
2.593773
1.300452
16.395414
19.341341
31.237642
0.639794
0.000000
0.000000
0.000000
0.000000
0.000000
1.564557
0.000000
0.000000
201.472809
60.476109
1.385226
0.099632
1.864690
0.000000
18.627613
15.920387
145.228394
0.177547
0.222392
0.212967
0.010193
0.028973
24.179859
0.971173
3.985248
3.671854
0.232025
1.493755
0.012869
6.085283
3.499418
0.884592
52.383869
0.000000
0.000000
11.090676
14.864057
11.664845
0.066473
119.083435
98.685013
58.759701
28.737322
19.969297
0.000000
0.000000
0.000000
12.159808
45.657692
0.216369
2.669126
7.415382
0.160771
2.815399
23.669861
12.539179
45.070259
95.869415
0.000000
36.546856
0.000000
30.592030
1.272550
4.271686
54.570374
99.445404
0.000000
10.074482
1.276801
2.380775
0.000000
27.049908
48.685425
0.199753
0.240781
3.736600
4.031565
0.282173
0.000000
0.000000
0.573474
33.058556
15.137530
1.826465
21.039873
0.036078
14.602901
0.090365
38.859501
0.000000
0.041192
252.594940
0.000000
0.000000
19.441721
9.648884
0.000000
0.371612
0.000000
9.622582
7.551919
84.728241
0.000000
10.324443
26.298439
48.787586
0.000000
44.173737
0.068343
5.408429
8.596651
46.183567
13.635154
28.656569
0.681858
5.088583
0.000000
0.381842
50.116398
14.590905
0.000000
13.481235
74.041443
20.531797
15.646395
27.064465
5.437516
5.536108
0.820175
0.810522
0.000000
9.865693
33.304813
23.820099
88.995079
1.170131
0.000000
0.000000
34.020863
210.159927
139.692947
21.642040
0.000000
2.661437
0.000000
307.174805
20.575830
21.342926
7.005734
0.033418
0.000000
0.931273
45.988205
17.110287
113.492554
0.000000
158.589523
15.100227
0.000000
23.361273
0.000000
1.829697
0.000000
0.612197
484.151947
87.401970
1.823402
30.444721
0.000000
16.035463
0.000000
41.757145
0.000000
12.749724
51.149483
0.962103
12.717017
16.532896
68.829819
6.150327
0.888816
428.272217
0.000000
0.226645
0.006874
5.037565
0.000000
4.037456
20.405319
193.980652
20.299294
142.923874
11.729082
2.253693
0.047472
116.108597
0.026477
1.973732
2.565321
0.000000
10.450159
0.884887
13.262233
6.464537
14.318068
1.607102
0.000000
0.000000
3.850216
16.273848
12.504013
0.000000
0.000000
0.000000
2.797542
10.249065
47.914497
31.039185
0.042224
0.362263
6.564047
0.008585
2.884871
0.943513
0.572801
357.161499
8.051598
0.778963
121.178093
0.000000
0.000000
0.102594
145.373871
2.066673
5.580333
17.572895
10.752638
69.701340
0.000000
8.015609
0.612640
285.551605
8.682014
106.690285
8.032064
0.000000
8.636713
0.870208
338.529877
0.408655
20.552883
30.925543
44.885307
0.000000
0.007684
0.870045
245.467804
6.465076
2.868425
54.143154
1.541343
4.781407
0.000000
20.607109
0.000000
19.080763
0.000000
0.563087
48.289185
0.713495
21.785810
0.015282
0.473452
24.952084
0.000000
14.474166
3.769045
206.862198
306.965271
0.000000
12.608558
0.000000
237.752182
66.925934
0.000000
22.012560
1.356233
0.000000
0.075964
0.000000
43.200859
0.000000
0.000000
0.135341
47.676338
33.472450
9.842973
171.339691
7.516438
0.000000
4.802516
0.000000
14.562572
0.000000
0.000000
83.891685
0.000000
0.000000
2.795296
1288.903198
55.846279
19.439051
12.237605
0.000000
0.000000
0.000000
674.325073
23.871384
3.690170
7.071986
4.341645
104.762024
1.429217
62.996437
0.000000
0.292570
12.789483
0.722143
0.000000
598.042297
0.000000
7.869787
46.366611
34.635227
0.353474
22.838760
18.047291
0.000000
58.625515
0.540116
0.000000
0.331400
0.286193
10.208220
0.615090
0.000000
0.000000
1280.209106
231.068726
381.327423
237.471268
0.000000
183.971085
3.616439
15.819851
0.031172
0.058104
0.000000
0.000000
619.750549
0.000000
0.000000
0.000000
0.695536
1.892876
122.906754
358.560211
24.494915
3.790397
0.740976
0.000000
3.820757
0.000000
0.801034
6.071393
0.000000
28.447754
0.000000
0.000000
5.430342
59.460701
0.000000
0.000000
97.629143
48.542763
1.120465
0.305380
2904.107178
6.774059
3.690111
17.404747
0.032431
386.791565
12.161386
39.078754
42.395832
195.297302
0.000000
1.603193
11.581198
3.652982
0.000000
2302.597656
137.781342
0.000000
35.508057
0.000000
0.000000
5.773587
10.150928
0.000000
72.542458
70.221161
10.912519
66.243622
0.000000
7.774082
340.063232
0.560268
62.886265
0.000000
14.161425
4.051346
54.934067
10.532013
1.510872
348.545746
0.069055
7.952598
0.000000
37.443359
0.043161
13.033754
1.674802
0.000000
5.264790
81.649956
1.885761
143.879852
18.310455
5.596055
49.838593
50.777428
26.496197
3.894513
7.934690
24.868048
44.226597
0.551892
0.000000
26.604128
79.958565
26.928469
4.100615
1.245543
46.732597
0.036250
0.000000
0.172727
2.486451
0.527576
0.000000
0.000000
3.400970
2.216697
151.222641
26.287270
0.985448
0.000000
232.638870
0.000000
0.778685
8.126352
35.761658
0.000000
15.279279
200.571701
0.000000
1.383874
0.094214
15.836874
9.272483
65.180695
25.634539
0.147616
84.430473
0.935278
169.609833
12.172388
9.654759
0.901813
0.000000
0.359086
2.927378
0.000000
43.863583
0.000000
2.145211
0.018674
1.919159
89.256790
32.018856
0.000000
0.000000
0.000000
30.910019
0.000000
18.906425
865.610657
288.801117
1535.592041
2.765961
0.013862
82.607536
0.000000
179.524826
0.000000
0.000000
4.042628
0.000000
8.587978
0.000000
18.698433
0.101815
0.000000
0.047665
12.122904
0.000000
0.000000
0.993407
0.014922
3.106753
22.705122
0.233204
13.952289
1.271982
8.260037
3.912714
15.988478
0.145585
0.000000
38.768265
0.000000
0.032981
0.431872
0.000000
0.000000
277.253632
387.975128
17.916321
1.942809
18.379055
10.122588
0.000000
88.436043
335.796997
928.638550
0.225510
7.969604
0.000000
11.601268
0.391077
0.078260
274.255646
51.456421
7.496418
0.000000
8.810521
35.726257
0.000000
26.798822
0.000000
31.235186
11.351220
5.335803
0.000000
0.929986
3.390270
0.000000
62.722137
8.711534
20.647348
14.919600
19.385536
23.063795
56.862488
22.436764
6.835959
0.000000
75.303497
0.000000
9.757203
7.636784
64.195763
360.471161
64.217484
1.279344
17.598713
0.057180
11.784667
0.000000
0.000000
0.150627
9.674355
11.631423
65.870689
0.000000
11.403176
0.034513
0.000000
0.000000
31.131735
257.610474
23.022697
0.580762
0.000000
0.000000
0.000000
72.786171
0.062482
8.324552
7.961373
116.721886
5.307384
0.023710
13.837168
0.085677
14.439857
0.275066
0.090812
18.466255
37.265083
1.438580
40.972706
3.255751
2.645271
0.108455
3.000460
0.000000
27.635525
100.101593
1.661106
0.156378
2014.468750
0.000000
61.855076
30.443270
16.888544
21.349686
23.540958
1.699296
0.000000
0.228081
0.000000
0.000000
0.000000
0.000000
4.915484
0.000000
0.110904
0.062028
54.698074
2900.436035
0.000000
41.574810
92.150314
8.050850
3.966630
0.000000
1.186454
15.420705
423.814240
13.645988
0.000000
0.844565
0.095840
18.455399
0.000000
4.331301
6.730470
0.691411
31.222486
21.309299
0.000000
0.175631
0.961604
18.084976
2.266601
2.178677
0.376445
19.707111
0.000000
5.331432
0.502355
4.542566
12.175498
0.000000
82.113831
58.699863
0.029686
31.264551
0.651359
0.000000
0.000000
8.606818
46.820164
12.461411
38.591862
69.462456
81.779350
6.909484
0.000000
0.601756
0.144550
248.595871
22.027477
0.187565
0.045455
0.240883
3.575311
13.649190
0.000000
0.000000
0.000000
0.000000
1.052931
56.468178
61.708626
1.249907
4.345774
23.920813
5.761631
0.000000
25.349630
14.149616
0.000000
26.925640
162.932144
4.942896
0.077479
0.000000
0.000000
0.000000
50.750477
0.590549
0.000000
0.571541
4.773157
121.937729
68.539604
0.540685
6.721374
10.639069
0.000000
1.428299
0.894858
0.104262
96.792641
4.932561
6.122077
0.000000
0.000000
0.038329
0.000000
0.000000
0.363231
0.787388
0.554941
2.500086
0.020572
0.797237
0.518332
0.000000
146.680542
4.079582
18.867813
19.458984
104.210197
0.000000
9.681106
2013.573853
2258.360107
147.868530
24.491482
17.490364
0.000000
0.019057
13.366336
5.119389
0.000000
0.188567
26.554474
61.891773
1.036782
9.008603
0.040223
0.000000
0.000000
57.824139
0.826131
0.000000
0.000000
13.702076
1.456898
1.302120
0.309965
0.037782
0.000000
4.154428
0.275409
0.444013
1.864058
0.656598
0.000000
160.839096
2.182369
0.703285
11.852925
0.000000
26.580303
7.069037
0.195883
0.071717
7.350739
35.855492
15.639413
0.000000
0.000000
42.340298
0.000000
0.000000
0.308553
1.930156
0.000000
1.179090
4.570568
12.675666
0.563818
1.458034
0.000000
4.404134
0.000000
52.161350
106.333847
410.075012
7.294690
0.194979
2.939688
1.084794
0.443008
0.512409
0.072650
9.764283
2.215195
3.641845
4.300084
2.861064
4.120200
2.246472
2.461807
1.559834
10.949882
4.905679
0.549579
4.597200
61.705235
41.210686
50.795902
1.150289
11.884452
0.000000
3.607292
31.509003
74.606453
4.927456
30.450897
2.781376
17.193501
113.147240
0.638968
0.575071
1.688097
1.850036
0.450398
2.427202
2.198986
2.158375
5.920115
2.953190
2.452839
1.747014
0.404842
1.911704
0.485440
2.587042
4.491231
2.510122
0.000000
0.024690
0.000000
0.000000
0.022919
0.000000
0.000000
0.000000
1.389113
0.037882
0.000000
0.179473
0.000000
0.000000
0.000000
97.787598
40.025517
88.483170
1.716847
477.914459
106.794807
0.000000
158.643036
30.173313
42.575970
0.000000
0.000000
0.000000
3.980629
421.479034
15.675343
0.000000
0.000000
0.000000
23.999096
3.867981
47.694107
6.023339
12.674918
34.189072
5.175126
0.000000
4.083396
0.189693
31.136953
5.593697
0.000000
42.380848
120.056313
32.776814
3.752074
0.247099
3.006928
1.819279
0.000000
49.307400
50.636665
5.333652
4.687850
0.000000
0.000000
19.561382
16.488474
11.854774
4.269020
0.465395
0.000000
1.086836
0.950764
0.000000
413.928070
5.838906
0.000000
53.652325
1.327540
0.000000
0.000000
0.000000
8.634418
29.081390
10.967028
93.108002
1.616162
2.529234
1.130241
0.198981
5.083052
0.755678
26.070307
0.000000
8.176037
0.192310
1.683726
0.224405
4.773032
4.938691
0.176064
1.371826
0.000000
25.653021
8.064402
6.141175
0.890406
4.022273
6.324009
553.153992
0.000000
0.758477
1.302179
3.251225
0.324284
0.000000
8.020225
33.034172
0.557287
2.883597
9.489559
0.000000
0.000000
8.085775
1.090866
136.166885
0.000000
399.582245
624.179749
0.000000
0.000000
63.766422
0.292053
0.683684
25.306026
0.000000
2.100040
0.738857
0.000000
0.137350
12.791183
2.895008
18.584179
1.661478
0.000000
0.000000
3.530129
0.000000
2.931258
0.000000
150.140884
2858.685791
0.000000
60.652443
0.003812
3.229218
0.358180
0.000000
0.000000
5.421021
0.000000
131.942154
0.865194
68.033958
103.644669
0.000000
26.300858
8.028743
27.020033
0.179273
0.000000
29.054550
0.000000
5.767429
4.709361
0.000000
1.745129
4.342535
323.719025
2.779444
82.201401
20.715113
3.112750
2.981460
79.975876
40.028358
0.000000
11.522596
70.078339
2.849299
0.000000
173.769745
0.542645
0.000000
0.720203
0.903178
0.007375
0.000000
0.000000
3.301768
110.455757
0.060576
0.000000
0.024621
0.034754
0.878705
12.335098
32.583282
0.000000
0.423602
86.059731
52.675983
0.000000
0.000000
0.057790
3.568010
0.384084
0.000000
57.561901
0.465454
0.000000
0.264115
0.000000
0.000000
14.480261
0.000000
0.952711
4.772419
1.466451
2.839180
0.000000
0.781408
35.458729
117.790085
2.652966
1.202392
16.009684
24.429237
23.496233
10.409537
41.258663
0.052222
70.513985
7.473752
100.394371
3.277069
0.048126
24.824860
0.000000
0.000000
71.022758
0.000000
0.844760
12.820782
8.617003
42.954464
0.322855
0.000000
2.215216
0.000000
64.315155
0.000000
0.192402
0.000000
0.808722
6.478470
1.464649
0.780658
0.345583
5.308931
76.381279
8.383312
0.000000
19.751616
0.056782
4.946946
504.844055
0.000000
227.324768
1379.724121
0.229823
31.556780
0.000000
850.968445
37.366577
0.329073
6.792942
24.197737
0.235736
0.101989
16.175928
170.428604
26.275822
0.218286
393.340607
40.451935
0.411408
0.000000
0.018731
5.269641
43.231716
0.464950
0.062491
9.167829
58.431160
0.468702
1.546960
0.415131
0.032556
454.320313
0.815648
38.329521
0.000000
6.363639
5.981441
5.895138
4.598918
8.815203
9.654704
0.000000
5.678331
0.014546
107.289253
0.111046
0.236253
128.551208
120.185608
12.610168
0.299663
0.000000
45.146927
233.526230
0.000000
0.564209
0.000000
5.231910
17.745331
0.000000
70.923843
0.137276
3.075682
184.973694
65.303886
0.000000
36.643795
20.669590
0.000000
16.881861
5.616863
4.322614
0.000000
0.082737
4.738084
0.594675
0.000000
0.000000
0.000000
4.437198
0.000000
4.521118
0.000000
37.871567
20.745932
36.661148
33.609779
0.000000
0.000000
0.202608
5.303417
0.051994
0.000000
92.321648
0.000000
302.278198
35.293339
78.517723
5.425995
223.204071
0.902576
0.000000
0.000000
0.000000
0.080112
0.000000
0.000000
13.876207
3.178706
0.050437
0.000000
45.930073
0.000000
0.014713
52.193768
25.630352
58.915775
24.177563
1.342145
0.259252
151.999435
2.520258
0.000000
23.252197
0.678190
37.445969
164.290390
0.479221
0.758350
12.472027
5.366691
0.000000
0.133247
0.045631
1.879863
0.000000
18.334188
1.705051
0.000000
2.221286
95.160233
18.768557
0.000000
11.487348
0.000000
0.391601
0.000000
0.000000
5.796032
0.852522
0.000000
124.688766
3.887261
0.085243
331.925873
18.208199
124.429947
44.042469
0.746852
26.558952
0.841054
728.474609
4.757356
2453.405762
185.624725
0.000000
3.523367
11.147667
0.000000
33.973614
18.010197
268.593719
19.927847
2.559329
11.624356
134.929474
0.000000
0.000000
0.176404
25.735571
0.000000
414.874878
0.000000
0.000000
28.991205
0.000000
24.709757
0.000000
48.978500
40.205978
0.000000
14.765569
1.051720
0.049772
0.000000
0.000000
0.818882
0.000000
2.937856
0.000000
0.000000
21.464106
17.358593
1.660967
0.000000
7.585823
8.746511
101.090981
0.000000
5.122242
2.604595
20.782110
73.592842
0.408314
0.121604
1.512625
0.000000
16.980022
0.000000
35.026836
31.221914
0.000000
0.206851
30.038584
1.534152
6.658696
3.643422
0.916740
43.512466
0.000000
0.000000
1.570995
0.726221
0.000000
0.000000
0.979595
8.860963
2496.315430
4.561147
243.466980
423.890015
407.329102
0.000000
54.024757
8.378117
4.932272
0.000000
0.403749
3.004081
0.000000
21.488466
11.355909
0.000000
0.000000
18.366791
3.450762
122.654755
0.000000
3.030332
91.445137
55.953899
26.796347
12.259861
0.000000
5.041340
7.558982
0.000000
1.136633
0.197197
18.801035
0.020398
291.763031
6.645592
2.242136
0.415752
0.000000
0.399255
0.149843
3.788492
13.863080
23.071144
0.000000
10.197905
5.783489
33.784515
22.069155
27.370691
15.635963
144.458511
22.208374
19.899824
18.707676
0.000000
41.576099
76.278358
23.426292
14.980231
53.289536
0.000000
11.201996
272.141205
70.341286
94.627708
0.000000
36.020870
346.865417
114.238647
0.000000
3.263468
0.000000
3.380482
21.843895
11.212799
0.113534
27.584909
3.241189
4.177059
6.009252
0.685363
0.000000
0.064749
0.570105
17.540115
0.000000
0.833558
33.249134
21.989450
0.049015
1.924943
64.537872
49.213226
29.238649
549.145630
0.000000
0.000000
642.981384
1.032402
118.340019
0.881458
0.000000
0.000000
2.706569
0.466983
0.000000
0.034194
290.761871
129.363480
6.037857
1.590994
0.152935
333.485291
0.000000
0.000000
0.000000
0.494532
0.000000
0.000000
39.069969
241.341415
51.946388
0.000000
0.027422
3.513730
0.000000
2.202599
0.077521
0.000000
0.000000
28.034870
196.775589
0.000000
5.816012
0.000000
0.000000
48.056103
397.499542
21.394310
0.137774
0.000000
13.395150
0.056836
1.855818
0.000000
0.000000
124.372955
14.141522
0.000000
41.056023
0.000000
3.050494
34.137688
10.593972
161.859512
0.028246
0.527345
0.085484
0.722897
1.484900
0.000000
0.184067
22.096891
0.276526
0.000000
17.713570
0.452690
0.883132
2.239905
7.510437
14.424592
0.322130
0.000000
0.000000
1.188673
11.121043
0.276351
21.377636
5.986686
0.000000
137.462479
54.916557
46.158592
48.510071
0.456538
0.000000
13.790473
0.000000
27.175890
0.502695
0.000000
0.703503
6.386625
0.023621
0.000000
3.045515
0.000000
0.000000
10.296479
52.179337
67.937965
0.207508
48.315826
4.959403
0.000000
14.449603
12.578752
6.887034
0.000000
0.000000
21.985556
0.000000
4.093333
0.827047
21.348873
2.952486
26.047497
1.628473
6.857154
0.309374
0.000000
1.886234
0.000000
0.137712
360.767670
34.053661
0.000000
4.340499
0.645025
20.145153
0.000000
15.427642
0.000000
6.068499
2.230762
16.516382
14.795962
0.000000
40.711143
177.545578
0.520150
155.627731
15.322640
3.529385
5.149579
0.000000
0.000000
30.171108
0.000000
14.657477
43.171318
1.583752
58.627575
0.000000
0.810147
495.668304
7.365395
0.000000
0.000000
7.477601
4.804003
1003.623535
236.614273
52.909248
33.100536
19.416935
13.903141
1.284766
89.100922
0.000000
3.331988
3.365281
62.765831
17.197151
0.000000
0.000000
73.755348
0.710131
11.122501
7.930828
122.083221
4.284562
0.000000
3.910195
18.423988
147.526794
7.048620
0.018569
0.189841
14.525056
9.798741
120.118698
21.809141
0.479998
5.816588
1.016952
5.566953
0.000000
1.324453
8.596674
19.921637
1.082302
0.000000
35.804916
16.128286
161.416443
9.682733
13.133918
25.430384
14.119082
75.595016
2.693952
0.000000
6.458518
0.000000
0.000000
0.012142
0.576304
31.486496
0.000000
0.026504
1.324536
6.984868
1.692774
36.284508
369.666809
0.000000
5.726929
17.433609
3.708127
0.000000
15.132865
0.274221
28.777996
0.225162
0.000000
0.000000
1.251451
2.679641
67.750549
97.303429
8.244003
0.000000
0.062993
7.222424
122.738647
0.000000
19.221073
0.000000
25.894245
0.113610
0.781898
276.924927
0.000000
38.636292
4.711801
36.203098
13.333812
1.942316
0.535009
0.316818
2.886821
2.185647
10.781136
0.000000
21.895195
63.852470
50.883396
0.531313
7.360399
10.522065
9.981729
5.425763
6.820083
89.093018
0.000000
0.000000
14.910849
0.000000
2.578700
14.233264
81.322868
2.094493
0.000000
0.326100
4.270726
4.417167
0.310344
1.384235
11.913537
1.952238
30.401037
0.323988
0.026758
17.690351
1.035290
13.349751
0.000000
21.578611
14.332789
0.000000
7.151179
9.894876
0.000000
0.000000
124.111794
0.512280
44.056526
0.000000
0.000000
0.026352
9.097316
45.070843
0.210682
0.000000
91.090118
1.641168
0.000000
1291.303345
59.000526
101.007492
0.289701
6.474343
53.355408
0.000000
33.417953
7.705330
0.000000
2.193519
34.199348
0.000000
4.670640
23.121061
539.813354
221.068619
699.026733
1.530409
0.000000
13.062184
52.601887
13.738949
0.000000
19.018227
0.000000
38.377804
0.000000
49.342701
0.000000
20.182497
0.165113
1.496589
4.994673
0.000000
36.152847
5.220274
0.000000
48.591137
5.334700
0.000000
1.081014
0.552007
0.135474
14.224544
29.888052
0.000000
0.000000
4.222381
0.000000
0.000000
4.054927
11.069795
29.945534
44.266933
2.175345
3.615717
0.000000
9.472450
0.000000
0.000000
1.268622
110.666702
14.033971
0.000000
0.519650
200.687057
0.000000
6.202577
0.000000
0.267654
100.784180
1.476514
0.000000
41.303204
0.064985
41.210651
3.295447
0.118721
55.933414
0.000000
36.493118
6.119012
0.007960
5.168271
0.238123
0.000000
49.947433
0.000000
0.000000
0.000000
29.830528
59.129684
8.040186
0.000000
1.884470
0.000000
3.999108
49.748291
21.287390
0.738402
0.000000
0.000000
5.903274
73.371452
0.000000
0.000000
0.000000
0.594408
114.667709
23.336054
546.146240
31.357534
0.595583
0.000000
4.283585
1.365022
0.000000
0.711883
5.531646
19.296288
5.159441
13.890954
990.866211
2.554921
4.263938
23.218752
0.423883
6.734702
0.000000
0.000000
69.614861
16.903194
16.376486
0.000000
35.546967
6.469033
30.640345
54.002945
0.089484
4.563920
275.671539
0.000000
0.000000
619.464111
0.000000
0.000000
12.581605
100.119080
3.657569
21.908443
3.387967
24.935297
0.000000
161.763794
21.714352
3.986285
0.000000
8.131243
108.588852
117.822350
0.181713
0.000000
25.995224
0.000000
0.170676
382.570007
136.834427
7.432683
63.244846
10.875550
0.000000
16.311718
16.132591
0.000000
117.557289
42.880814
0.000000
0.000000
5.071410
0.245578
0.000000
0.000000
25.368240
0.103825
0.265790
1.956237
159.248352
33.778671
0.000000
0.000000
0.027056
0.000000
6.262776
10.868269
516.276306
0.000000
64.721298
0.000000
0.014146
1.236438
14.443518
0.538030
0.039025
6.103321
0.501095
4.852146
0.022152
0.614768
349.445923
25.892731
2.348313
0.122563
2.613542
0.000000
0.000000
0.401913
13.324763
321.348511
16.931993
94.421875
0.000000
0.237536
1.296437
8.020378
53.681999
6.624613
6.399199
143.730591
0.000000
0.365114
1.280267
365.095337
0.000000
0.075128
3.986690
0.000000
26.519896
2.992527
0.552441
20.321705
0.017031
0.000000
6.764130
0.000000
8.623796
6.085611
0.091072
4.284573
0.177737
0.000000
8.075880
25.433237
154.491379
194.316559
97.051376
0.636406
12.534627
37.077133
1.310048
0.000000
0.525025
1.600100
27.188011
3.782933
78.924988
52.144047
0.505119
0.000000
0.000000
15.895212
0.000000
0.000000
22.512989
0.000000
37.172619
6.929809
1.872437
0.000000
16.260490
7.948465
3.969813
0.000000
0.000000
0.000000
0.618387
135.290939
2.427874
5.254637
359.863037
18.135933
22.223749
32.221279
125.009361
52.479149
0.000000
49.118767
40.502941
13.606510
1.318940
6.672436
0.000000
133.844116
0.000000
0.198302
3.011295
0.000000
140.309799
3.750770
0.000000
0.065454
0.000000
3.447296
22.093496
1.343191
6.948078
2.936810
7.806858
30.055063
2.238262
15.255572
1.516868
321.108612
4.974036
72.804291
0.000000
7.705577
0.000000
0.000000
0.000000
7.828392
0.264851
0.000000
30.932850
0.000000
3.439211
2.442792
0.797333
0.000000
13.594873
0.189885
24.905865
0.000000
3.145816
11.233623
19.944845
0.000000
0.000000
84.038689
0.000000
116.141739
23.484877
1.092475
74.546158
0.000000
6.806726
0.539790
0.177144
9.488531
4.166520
3.806590
0.000000
3.175479
2.790555
13.599030
0.000000
0.000000
3.959436
7.996377
174.388184
3.216572
0.000000
18.169142
298.674652
0.000000
0.000000
337.755066
108.866989
0.000000
0.000000
6.663914
2.788616
1.334997
48.241135
16.875448
0.000000
7.499654
15.245045
10.332617
38.823078
2.398785
0.000000
11.773108
0.000000
20.929520
0.000000
0.855710
7.735933
0.000000
22.221317
3.194837
0.000000
36.694866
43.436558
0.000000
3.554792
42.273983
1.250230
0.000000
0.614723
0.487674
0.466702
33.532745
2.584685
3.914415
36.141922
35.282524
0.000000
0.000000
9.274901
11.704680
167.877090
71.736725
12.883577
0.379118
0.540176
2.036349
44.224533
2.326765
2.635773
2.770324
3.074964
8.447069
2.247340
0.000000
0.000000
78.987862
0.000000
25.485537
975.113403
19.320942
2.860903
6.155088
0.607556
0.776983
26.425312
2.494120
12.458323
0.000000
16.824484
0.000000
1.319069
61.587059
0.000000
5.805326
0.083602
0.000000
0.346033
0.261984
1.858626
0.000000
158.101212
0.000000
0.000000
33.416954
0.000000
0.183298
4.263511
0.000000
0.337270
3.708926
12.256434
4.351130
0.000000
0.000000
179.555542
0.360755
0.517235
0.000000
0.359352
0.000000
0.163590
1.225252
0.000000
47.632366
22.568422
55.938690
0.887802
0.000000
0.686206
398.771820
0.000000
67.571655
0.000000
9.332227
0.000000
4.642470
47.204914
3.866930
5.854926
149.162643
63.908672
4.826288
0.107611
99.377159
12.275969
13.609354
18.418139
19.423342
18.389124
45.671604
725.393250
25.622173
0.000000
0.869416
1.343729
8.444675
4.367127
0.000000
0.000000
101.400314
4.664016
12.171341
52.418564
0.000000
0.000000
0.000000
3.365930
0.000000
1.718425
105.645767
0.748867
0.000000
66.214821
10.471168
0.000000
0.000000
4.024410
131.876862
245.781738
0.000000
0.000000
20.023760
97.715469
132.552856
0.000000
0.008643
30.784813
0.000000
0.000000
0.000000
343.499817
3.890586
4.848339
29.822121
0.037814
0.000000
2.055398
0.000000
60.916504
7.036926
0.000000
3.483934
52.754215
51.662251
172.524689
2.092740
0.000000
0.000000
26.278622
2.555504
61.027557
0.000000
236.927811
147.427032
6.788136
0.059389
12.484775
9.328508
51.019379
0.000000
4.128839
1.183564
81.212326
34.102432
22.905672
0.000000
21.650244
0.000000
7.085274
1.496739
0.000000
0.000000
4.139582
0.000000
48.083950
1.473422
2.974255
2.402623
6.918639
6.932610
0.501950
0.897783
0.633021
19.026434
0.000000
0.000000
0.000000
1.356628
0.000000
0.023240
8.337481
7.248545
3.814394
0.000000
20.055397
1.490660
1.870326
39.990456
31.836393
0.000000
0.000000
6.327722
14.788214
105.787979
8.694510
0.000000
9.902098
0.636268
146.752197
1.328447
0.000000
14.830798
11.618958
12.120461
17.906456
0.000000
12.354940
165.361618
2.007868
0.691134
0.000000
16.627644
0.000000
58.487293
202.363052
0.000000
4.759116
0.000000
43.695866
6.099238
42.057159
0.000000
70.663963
0.237751
0.000000
1.513826
0.000000
12.134010
0.600164
21.946011
2.463122
1.830517
53.368710
17.595930
0.713190
19.875788
0.000000
12.831466
12.171250
0.000000
0.000000
74.653870
6.715489
114.256676
0.068285
4.374529
4.354016
0.000000
0.000000
0.000000
192.155426
1.158183
13.206268
8.935391
1.888712
10.101611
35.768398
0.000000
22.322235
0.000000
9.920433
1.212430
1.990220
0.000000
3.973055
0.000000
0.000000
0.000000
31.232874
0.000000
34.816685
0.000000
0.000000
0.000000
0.000000
0.000000
14.597734
0.119067
0.014664
0.000000
17.806326
0.000000
0.000000
3.178025
2.025513
3.321186
15.890772
41.853966
0.000000
88.769791
0.000000
410.043823
0.000000
10.679266
1.637617
1.352377
0.000000
0.000000
61.750416
0.168249
1.572458
42.954399
0.094564
64.426476
10.462827
0.000000
0.003870
91.870201
13.097889
0.000000
9.762192
0.455294
1.108686
0.000000
0.000000
8.787421
0.364298
18.277683
0.998682
0.974316
2.962026
0.240170
32.488895
304.577454
37.134949
36.022709
0.000000
0.000000
10.790774
0.040639
9.218635
0.000000
46.416176
0.000000
29.911989
120.300262
0.000000
0.402649
8.355500
0.588100
0.067646
38.278786
45.894733
44.050190
12.951279
0.531508
250.395905
5.949219
0.401254
0.915720
0.000000
0.000000
47.100025
0.965076
794.868835
1.020423
42.947338
33.194012
27.879263
23.230356
3.610350
41.460068
2.052289
2.115778
0.000000
0.039607
0.000000
7.296715
2.821075
0.000000
0.050053
105.047417
0.000000
156.038513
41.389599
0.782297
2.352126
0.632148
2.967800
3.819468
1.862044
0.436704
5.096507
30.478088
4.518121
52.126732
14.051038
0.399936
16.370583
0.000000
0.688958
1.843690
0.000000
3.614639
0.694715
0.010834
1.018586
113.387222
11.464304
0.000000
3980.087402
27.234138
0.091657
0.808618
414.795807
22.222933
55.255493
0.000000
2.401902
6.641674
40.929569
6.297561
9.885446
0.000000
0.400692
12.590859
10.442105
0.000000
33.335896
2.829782
0.000000
237.672775
0.354471
7.526587
0.000000
1.127513
1.551854
2.183661
0.468278
26.292418
2.561310
2.122771
75.872742
3.515086
0.000000
60.065704
12.565912
0.000000
0.000000
1.483209
0.000000
0.000000
0.000000
8.169436
23.192484
138.010620
44.935925
0.000000
16.125998
165.042282
17.821117
0.000000
7.307205
16.827011
5.311293
0.000000
17.757620
140.119781
0.000000
14.485364
0.237119
0.000000
0.000000
1.963442
17.290434
13.480341
19.212774
6.696410
15.266321
27.260778
0.224201
0.000000
0.008450
0.000000
67.898262
1.849014
30.104082
4.872826
1.268719
0.000000
23.395355
1.620269
2.864612
0.000000
9.678853
37.099213
0.000000
0.000000
0.000000
6.613698
0.000000
0.000000
79.301903
0.000000
8.691147
1.735958
2.237802
88.730911
18.189091
0.000000
0.000000
17.538082
0.000000
0.638483
0.050775
18.080204
3.496727
13.642772
25.584412
175.932114
5.350851
0.000000
5.607670
0.000000
0.623414
216.082932
29.032469
0.000000
32.074017
28.944889
0.416973
0.606250
18.255724
4.209782
20.182308
77.460861
0.466983
0.000000
17.930637
19.825554
0.000000
0.000000
0.244488
0.000000
32.157211
0.000000
0.000000
1.509018
9.626984
0.386381
7.822477
8.599700
400.418304
2.308457
13.504919
0.000000
6.414705
0.000000
7.741127
0.000000
0.000000
189.958923
0.000000
110.821404
0.000000
9.741225
0.026203
58.064968
0.000000
0.000000
0.000000
48.246845
0.000000
13.695803
0.572074
1.459056
0.487012
24.295464
6.205877
9.712892
0.000000
80.393425
0.535975
0.686069
0.000000
6.779605
4.836565
0.000000
1.758716
0.282107
22.170359
8.436784
0.297204
1.221122
0.000000
82.973335
17.857941
0.000000
4.834951
0.000000
55.071053
0.000000
0.114237
0.000000
10.923051
0.000000
0.000000
0.000000
28.483868
0.000000
0.000000
1.491997
0.000000
1.841703
0.697821
4.968588
0.000000
537.349243
0.000000
0.000000
21.218891
0.595573
4.490664
6.923925
31.087400
25.319771
35.596622
1.411347
12.084596
6.561671
0.064188
0.048253
41.152306
0.000000
38.936180
4.098415
0.187400
0.000584
0.000000
0.000000
0.965651
13.070932
99.749237
35.159634
0.000000
11.171871
99.161652
0.000000
16.891523
0.955158
0.539353
106.800453
4.547996
79.680191
3.623749
1.495841
66.394547
0.000000
0.000000
9.558055
0.000000
0.000000
0.222088
31.164759
1.172341
14.190946
5.517944
82.171799
0.000000
19.295059
0.000000
0.448832
0.378175
17.106220
60.385067
9.096029
1396.297485
0.000000
38.401573
4.701023
0.000000
66.294632
41.939350
0.000000
2.209765
0.199377
0.221284
2.024584
7.026174
0.000000
0.055866
0.516659
0.095951
0.000000
34.418804
6.587377
33.842342
16.399368
40.488678
0.468341
30.273787
44.628483
1.589957
6.302316
2.121866
1.527168
15.421508
4.488319
9.268023
23.051081
0.000000
240.639587
0.794292
0.000000
19.491806
0.000000
6.765603
5.087691
110.442413
0.268820
18.314129
0.700511
2.348599
27.890074
0.000000
6.873006
6.795643
2.149254
25.520809
0.000000
23.421854
10.212605
12.916944
29.671190
0.000000
0.000000
4.874465
0.000000
21.899981
54.332226
0.000000
67.433357
0.000000
15.537672
0.000000
0.000000
0.712305
0.000000
0.561210
1.332522
20.919870
47.493103
43.232399
3.560349
13.909234
19.079868
0.515284
41.942829
3.184246
33.131039
43.810024
0.000000
0.000000
0.830106
3.542830
0.453737
1.188546
25.238207
0.116368
0.000000
0.166892
2.484796
139.405106
20.174507
52.098885
133.956970
0.322813
0.000000
4.555516
0.000000
0.000000
7.102817
0.000000
6.398056
0.358590
0.262877
0.000000
19.616882
7.888205
26.209641
0.585308
0.000000
2.616288
0.000000
0.000000
26.102892
6.981009
1.699819
9.060517
0.000000
2.232467
0.000000
89.513817
148.287704
0.026907
0.000000
0.000000
67.906418
0.000000
0.000000
19.914253
117.171051
0.000000
0.000000
82.684097
21.108307
0.149018
4.582259
114.751373
8.325663
5.102326
0.016224
28.153210
2.822508
233.600586
0.000000
4.107708
0.000000
0.000000
0.780685
29.214369
0.000000
0.000000
13.528574
0.000000
0.387401
0.000000
0.630383
0.000000
10.267006
0.128102
71.489693
4.162176
0.009530
85.911964
0.000000
0.022190
12.996432
1.613479
0.077056
20.473001
0.000000
0.000000
8.047379
0.000000
3.047225
21.157791
0.000000
8.932063
1.325251
1.620600
0.000000
0.323316
1.223870
0.524662
11.269803
0.832531
2.169059
1.649693
10.218117
38.404400
6.996809
5.822745
0.000000
14.878894
13.966624
0.000000
0.020351
11.634428
76.652679
1.813511
2.074694
9.146907
2.124153
0.000000
0.000000
0.000000
0.000000
0.000000
0.000000
49.271065
2.716861
2.770073
0.093700
52.766350
0.000000
34.501141
0.820854
3.650331
0.000000
11.213534
0.000000
0.270159
0.679202
52.410915
4.934588
94.393761
7.552476
0.000000
0.479574
4.542119
27.217854
7.388843
0.398118
0.000000
0.953720
100.853920
0.629247
0.000000
60.234642
0.980461
3.706561
0.000000
0.000000
0.541023
10.334861
0.000000
2.013085
3.397930
78.600533
1.821514
8.259220
37.513870
38.755470
94.361198
183.878586
20.270523
0.000000
26.693079
0.101585
2.884960
109.114204
0.000000
1.925703
16.577974
6.100008
16.405739
0.063505
0.000000
35.516930
0.000000
6.446497
0.392794
23.173233
31.623457
21.112585
985.216003
1.094289
0.000000
64.181259
26.006504
1.291922
0.000000
1.462613
3.851837
0.000000
4.452703
0.000000
0.061103
0.000000
0.882046
0.000000
20.893364
1.058319
29.700891
0.000000
22.826660
0.000000
31.389393
13.567450
1.876371
6.172853
0.105489
0.000000
0.184182
0.000000
0.000000
0.000000
17.273701
7.829774
3.633985
1.899319
0.000000
1.223852
0.000000
6.018495
6.897748
0.856472
39.279194
54.106724
6.004512
0.853704
24.790951
2.251881
0.063854
1.267326
19.960581
0.049994
23.849129
0.000000
29.372070
52.078663
32.186626
0.536206
3.788005
39.880665
0.000000
0.000000
0.000000
4.155031
17.386314
0.086187
0.252305
0.000000
7.223900
0.261253
0.720606
5.885293
0.000000
11.751179
0.018890
30.301088
2.119360
0.000000
3.174610
2.074523
41.473915
0.000000
0.443394
15.270436
6.112632
0.000000
4.394090
23.712349
10.592013
0.000000
16.276386
52.944447
0.177968
6.191003
0.047293
0.276241
5.403724
2.730810
46.404232
3.692238
0.000000
0.015684
0.000000
0.000000
0.000000
15.089539
0.000000
0.302535
9.402478
16.855780
62.059086
0.000000
63.379822
0.000000
35.364208
6.765456
201.225449
3.234786
0.762587
284.739532
1.992810
9.384718
3.234011
0.000000
0.000000
0.000000
1.531693
40.785294
0.000000
10.948341
1.668784
7.238680
7.027907
5.025762
0.000000
1.164702
119.089546
72.131569
0.137421
1.409724
0.000000
12.627894
11.153367
42.291130
31.068651
2.263521
18.751625
0.000000
0.000000
0.000000
13.472007
0.000000
12.239235
42.671761
0.000000
2.719734
0.000000
2.699176
103.111351
0.000000
16.728029
5.344568
0.000000
9.195266
1.314106
1.776923
0.000000
0.061500
3.765479
0.000000
0.000000
0.000000
1.632190
8.784429
0.000000
0.000000
1.024691
0.000000
0.000000
0.773246
0.000000
7.215980
16.255733
0.000000
0.000000
20.884205
0.091518
25.306448
11.561907
104.225525
131.401855
6.902320
199.615829
0.000000
0.144903
0.000000
11.136841
0.000000
0.060105
7.216952
0.000000
0.000000
43.091141
149.017166
0.000000
0.000000
0.043831
0.000000
0.613169
1.201653
20.029240
225.635605
0.262674
7.895483
0.347627
262.761169
0.683364
8.078689
0.000000
11.109216
0.000000
0.353958
328.257782
0.000000
12.292426
1.096847
30.085602
24.345579
0.000000
66.946960
25.922573
4.542028
38.076927
12.555268
97.157845
113.257797
0.000000
51.936863
99.133720
48.931843
14.607540
0.000000
4.389490
219.784897
0.000000
0.276041
9.152967
11.682158
3.351403
0.516814
11.354965
0.000000
17.537479
3.455402
0.000000
0.000000
57.468739
0.000000
0.000000
0.000000
0.000000
57.780689
0.000000
0.000000
3.697492
0.010682
40.479721
0.380364
0.000000
19.566797
4.516630
3.738704
81.139069
3.027871
0.084299
2.799030
1.522518
19.958317
40.449429
12.911633
1.434028
9.910376
12.731760
0.000000
0.000000
0.902652
0.000000
15.509177
9.042643
0.588694
0.581998
0.000000
5.574191
29.265507
142.566010
0.000000
17.405008
1.687105
2.237583
55.763142
11.166329
0.000000
0.067266
0.000000
0.000000
8.568289
228.123856
0.000000
24.900845
0.012155
3.194040
28.200613
6.616984
3.380237
1.577672
0.801322
12.271769
58.873337
0.000000
0.000000
5.557344
0.000000
567.026184
8.150311
8.147746
0.000000
1.617035
763.425598
75.459480
10.012417
0.000000
0.241198
23.322689
0.000000
11.247832
0.000000
24.050444
0.000000
9.532236
35.332764
28.882185
36.798637
0.000000
0.000000
44.619129
4.616183
1.678880
11.963067
244.675766
93.962929
0.000000
26.989124
254.595383
0.306243
207.049484
0.000000
0.090657
1.234819
342.601379
3.595735
0.000000
0.000000
0.000000
787.704102
57.602821
0.000000
10.124695
46.395557
5.829693
387.643799
10.933532
0.000000
69.407387
9.494521
0.000000
0.647297
0.000000
8.620110
3.244252
0.000000
0.000000
2.077499
16.824007
12.204684
0.637901
0.000000
26.973145
0.000000
0.000000
0.222234
853.185669
0.795558
2.582584
24.012302
0.000000
0.000000
0.000000
2.677983
0.000000
23.018620
11.996177
34.631023
0.502926
3.931186
0.040577
5.882846
772.430786
213.669769
174.202698
31.184404
26.029596
15.722243
0.000000
0.000000
0.000000
3.954498
4.184048
0.000000
1.430647
0.000000
0.000000
0.014805
0.000000
0.000000
0.000000
66.246292
0.846689
20.082701
9.964598
0.000000
8.766924
161.127151
4.510111
8.928475
314.840668
0.000000
3.117858
10.045477
45.637501
0.000000
0.000000
0.000000
0.000000
5.402054
26.681715
32.529354
1.298335
66.454170
25.197460
771.097168
0.000000
3.971239
487.591156
27.423382
0.000000
55.739517
64.921753
0.000000
0.000000
1.403218
66.450958
11.104523
24.671516
1.554240
0.000000
19.864334
0.000000
0.000000
0.573572
289.817627
44.203911
5.271406
0.000000
0.061058
50.558792
8.447024
6.031054
7.028670
3.079193
45.861336
0.000000
10.552955
7.040145
1.054746
3.732895
14.538497
32.467175
91.013199
14.193485
0.000000
6.437417
20.480360
94.105370
34.815601
2.762022
122.275772
0.000000
4.561834
0.384817
1.895996
0.000000
10.700243
112.694664
170.801193
125.056702
0.000000
26.792336
18.521244
0.310573
2519.080566
0.000000
5.489220
211.424561
0.393476
31.494864
1.558975
84.175400
0.000000
6.603064
69.215431
97.275169
137.209000
0.000000
0.000000
178.222626
81.789406
3.602393
13.353230
52.890606
0.000000
25.655626
46.196907
24.942764
2.543076
2.985389
0.591866
0.000000
2.332422
1.824484
1.425689
30.943205
0.000000
0.130321
34.537102
0.000000
0.582730
0.000000
36.408413
36.422859
30.121147
63.745243
1.193323
18.377987
0.000000
121.213364
32.274246
19.352903
10.806566
33.825954
87.008415
0.000000
0.201389
18.012972
0.000000
0.000000
1.401287
0.000000
0.209092
16.832724
0.249031
0.000000
0.000000
0.680784
0.000000
13.092702
4.613971
7.328381
84.438744
2.000491
34.336998
0.000000
22.054403
245.705551
0.000000
0.000000
3.451887
0.081403
1.193408
70.198868
79.106598
0.000000
0.000000
0.000000
12.491127
8.797056
0.000000
0.000000
0.373110
0.000000
5.079201
796.445618
32.301865
5.602921
2021.875000
1190.045044
0.000000
0.000000
2.442825
0.287783
0.530096
4.970972
0.000000
9.646068
7.083062
84.303696
46.787086
32.725391
0.000000
0.000000
5.797071
3.888829
6.445703
48.328739
9.854357
0.294847
0.000000
0.000000
27.553955
23.535704
0.000000
0.290931
75.511002
98.681335
24.761921
5.146632
0.000000
0.000000
1.294353
366.745911
2.275428
0.250210
0.967443
0.182162
0.000000
1.025500
0.000000
48.185246
24.703037
0.000000
7.756382
14.103102
1.868543
39.687252
0.000000
0.000000
6.885799
0.000000
9.211972
1.497936
9.741263
0.485454
4.321331
2.513108
3.843406
17.963102
0.000000
2.509295
0.000000
0.000000
0.093027
0.000000
3.314295
0.902015
7.362422
19.527809
0.000000
0.000000
0.113080
0.000000
0.000000
0.000000
171.517029
3.648519
11.589847
0.000000
0.000000
2.353274
0.021454
3.628188
42.322845
0.286157
14.262139
0.560338
6.297740
0.000000
32.766258
15.333692
22.162445
2.745792
3.770843
1.982029
0.774483
27.804008
0.000000
0.000000
75.428238
7.096922
0.000000
16.314802
0.195386
17.357197
0.000000
150.051697
50.561035
5.978733
5.898031
0.000000
0.000000
11.826081
1.967824
8.446094
1.132820
0.007759
1.360564
1.467771
1.106624
0.167194
19.912134
0.058666
138.882950
15.863699
0.000000
7.704796
101.011330
4.280001
0.000000
0.000000
0.181449
0.000000
2.033080
102.522575
0.073792
10.501642
105.695663
0.000000
57.984348
2.217896
8.483504
6.465928
4.353909
15.068768
59.545956
6.941215
0.000000
0.000000
17.336679
39.121162
0.768915
3.952561
1.056231
0.000000
91.436165
0.055225
0.000000
0.431085
0.000000
281.611481
0.000000
17.401268
5.336699
0.007091
2.687645
7.368851
0.000000
0.142683
1.730563
0.000000
13.461573
14.456148
3.876360
336.988586
16.400734
11.705574
0.883280
128.846298
46.057636
0.000000
16.553846
0.000000
53.798370
7.622773
6.844405
3.679574
218.853806
1.200442
111.268883
0.000000
0.303054
3.341887
0.000000
0.000000
0.286453
0.000000
5.838404
2.144262
407.680542
182.854584
452.026062
0.920391
0.000000
98.676414
0.000000
33.923756
55.948498
14.499747
0.000000
0.000000
1.246034
27.872898
0.000000
6.838802
9.552983
9.035995
45.130539
3.978581
41.178146
731.987244
0.000000
0.000000
0.000000
2.509293
402.796967
0.000000
146.960770
14.301493
1.964804
0.000000
54.463097
0.000000
14.836649
0.000000
10.551972
479.492065
22.474546
2.692100
0.000000
133.186798
35.672794
6.060110
32.681759
0.000000
0.807195
8.560696
0.000000
13.893366
4.441596
0.000000
3.569195
0.958473
1005.105896
0.000000
400.184174
0.000000
28.760529
9.661434
17.563551
0.000000
0.000000
52.735291
2.229954
0.000000
0.000000
28.981627
1.154951
0.201363
0.000000
17.857481
2.624705
11.883502
95.193626
169.004669
0.000000
0.000000
39.992481
0.000000
2.186441
134.334824
246.152191
0.000000
0.000000
0.000000
143.374588
770.454529
0.000000
0.000000
0.060028
19.986519
6.626576
288.518036
0.000000
13.610657
7.795769
0.497311
31.965477
14.636059
0.000000
140.891388
1.137257
4.319760
0.076923
1.837739
0.000000
0.000000
9.381029
8.214979
0.733122
0.000000
244.916061
13.316594
27.201090
956.865662
32.889503
2.035110
0.000000
0.123450
0.000000
0.000000
0.000000
5.853183
0.000000
1.055370
71.398758
0.000000
24.966360
8.588550
3.190882
126.542084
0.000000
57.182392
495.452454
8.409738
2.080990
29.548866
0.000000
0.516603
0.000000
0.000000
2.587727
6.233753
0.000000
7.641488
1.106772
0.000000
0.000000
0.000000
9.493014
0.000000
8.722101
158.312363
16.138657
24.253038
23.741539
0.608877
35.761490
60.005833
42.062729
0.000000
186.845581
0.000000
4.259837
0.000000
0.000000
7.240058
0.823023
100.823318
1.828853
0.000000
46.827705
0.000000
6.015357
0.000000
174.909164
25.940533
0.134892
0.000000
0.325406
0.596589
10.155909
0.000000
1.143048
0.050799
0.000000
80.479500
0.214318
20.838844
5.774344
0.000000
8.020909
33.867809
22.668894
0.000000
0.000000
9.506079
6.766817
0.000000
1.294357
0.000000
0.000000
0.000000
17.911018
2.196601
1.303818
0.000000
0.000000
11.762916
0.000000
21.371239
11.718993
19.900074
56.387215
0.000000
40.534035
0.000000
11.768377
5.175016
0.000000
7.372842
82.881569
8.684090
1.357156
152.344223
0.000000
5.002222
14.734465
76.147079
13.880256
25.622339
0.000000
0.704299
0.000000
0.000000
0.756789
12.597397
129.008194
30.652081
45.079479
0.145219
5.645114
64.646919
0.000000
0.000000
1.666204
0.000000
123.327660
4.706863
196.096420
1.507016
2.241013
2.331145
7.545369
0.000000
5.458986
0.096934
1.680109
1.078152
0.000000
0.000000
25.356499
6043.600098
205.625122
885.972168
28.650883
0.000000
10.864492
0.000000
5.332478
0.188046
0.325254
0.000000
55.045994
25.319874
156.637268
13.031838
54.222782
5.953476
0.000000
19.512047
0.524256
15.376046
0.000000
0.847885
0.423423
13.756001
104.142471
3.122284
9.700260
9.820895
0.379720
0.941703
0.000000
57.517681
50.613514
3.294720
0.000000
99.329163
35.508923
110.431648
0.433374
1.369991
0.000000
0.000000
35.785954
0.941566
40.738243
0.199864
9.756858
25.128321
0.000000
0.155282
0.279469
11.869867
0.000000
8.811958
65.658859
0.000000
38.548492
16.687334
0.000000
0.000000
0.000000
2236.224854
0.000000
0.855477
6.045258
648.416626
0.000000
0.000000
1.034228
0.000000
0.000000
35.640610
0.000000
0.000000
8.734717
11.880735
1.570952
58.681919
0.000000
10.218096
0.000000
0.798882
0.683442
6.300146
65.306076
54.298752
0.000000
11.155524
9.845146
447.729279
0.000000
10.047300
0.096048
4.874880
16.155367
11.198537
13.659902
12.445967
2.377890
20.407555
0.000000
125.409866
0.267018
1353.495728
6.563553
9.859856
0.000000
19.273039
1.974938
0.674186
5.482881
38.388794
138.832230
4.860850
0.428684
0.000000
13.761370
261.910034
232.144394
17.510904
29.144939
4.480812
2.452627
195.725052
14.926135
0.251945
0.000000
0.000000
9.973151
0.000000
1.305679
84.352608
4.462767
10.592285
59.871536
20.840900
1.238738
35.300026
6.225778
24.762474
0.000000
0.578381
0.000000
9.235503
9.114415
6.576202
28.802404
85.699547
12.365628
2.546592
0.000000
13.928219
1.539780
2.079943
35.146645
1.108628
0.000000
26.876522
3.755939
0.628705
1.580630
9.162180
0.317933
252.188248
0.000000
78.699631
0.000000
0.000000
0.542306
4.245850
2.236389
64.267426
0.000000
1.847574
36.542770
0.000000
0.000000
14.750465
5.585562
0.000000
2.205006
0.000000
133.640686
7.990870
25.708864
176.652496
30.706053
0.071092
1.564948
228.924927
28.704432
0.165018
53.151932
0.000000
284.292969
13.817368
70.659149
877.007874
13.638424
110.010551
0.000000
4.686917
57.406403
237.863739
0.000000
0.000000
0.000000
0.233170
0.000000
0.000000
0.000000
0.000000
31.496605
9.919937
0.000000
1.796992
206.554321
9.493422
0.000000
55.845917
5.726283
0.000000
0.000000
217.379135
45.480358
133.967850
3.919817
0.000000
27.326025
0.000000
71.154015
751.351807
0.000000
0.000000
0.000000
18.121656
5.423181
6.529849
60.221722
1.326140
23.605976
0.510109
1.663876
27.185411
4.335562
0.000000
289.567291
0.000000
15.885904
13.916147
3.527096
40.408466
0.000000
20.954042
2.430711
89.658600
0.000000
66.298477
12.644545
3.033723
0.337916
123.983696
10.757288
33.846115
2.754758
3.236932
0.830410
12.889978
84.098328
0.000000
0.000000
149.075790
0.000000
887.435913
65.177689
120.724518
0.000000
12.890668
330.037048
0.000000
13.206075
1.139951
4.020037
112.510208
0.000000
7.775740
46.908962
182.100708
1.202047
0.000000
0.000000
0.000000
35.798981
5.506973
3.905794
0.000000
18.952536
20.258833
13.438465
4.089242
13.082072
4.999492
0.000000
0.465755
0.000000
6.673136
71.202118
21.295637
0.000000
0.541612
9.153625
19.132456
0.000000
0.000000
9.245380
0.000000
0.000000
0.677387
4.442619
2.923519
5.967000
0.000000
2.378804
5.344122
3.904067
6.070164
2.393858
0.466606
7.123880
1.304486
23.098686
0.679990
34.583942
417.216919
81.149109
485.344269
0.000000
5.163206
0.000000
0.000000
9.290746
244.284607
0.000000
9.820936
164.541061
43.684883
17.723925
289.378754
113.714378
11.292453
0.000000
0.556107
50.649277
8.309813
1.586450
8.993416
9.626572
2.462651
0.402910
30.639784
33.755344
0.024561
32.208637
21.121561
0.922845
57.772125
10.264379
0.000000
25.384125
0.000000
0.000000
0.000000
0.000000
0.062590
274.548096
69.908783
1.284765
6.584181
30.844831
3.916680
47.673203
18.196028
8.974604
0.349428
0.000000
0.000000
1.871801
39.982750
0.000000
1.158914
2.697764
0.059656
5.397897
0.000000
49.028992
0.000000
1.873844
102.481140
3.267333
33.631035
0.000000
4.266462
0.000000
0.012877
0.000000
14.753839
57.181622
4.498590
0.564431
0.000000
0.000000
0.000000
8.639781
45.828594
0.000000
0.000000
0.732440
3.058888
213.475952
17.909082
0.000000
0.174649
0.000000
0.000000
140.967697
8.874388
0.000000
0.000000
0.000000
0.000000
0.000000
84.538910
2.394855
0.000000
9.100229
0.546443
0.000000
71.636627
24.487307
4.584641
0.000000
40.253807
0.000000
1.212214
52.902191
0.000000
26.781700
5.274854
0.000000
0.000000
0.000000
0.000000
23.028191
0.000000
0.000000
3.738927
678.893921
0.590602
9.110030
60.057995
0.000000
1.169094
185.382217
0.000000
21.298326
0.000000
52.429882
23.670650
4.721694
21.569038
45.796017
1.956683
1.807287
0.000000
0.000000
50.048233
5.903482
0.540943
0.899631
146.629532
0.000000
0.236925
9.867838
4.200273
2.940634
0.613707
0.810846
30.000023
1.425508
87.708885
1.226908
0.934719
46.667339
101.008942
54.110817
0.000000
0.000000
1.778090
0.000000
147.009857
18.227098
109.463989
0.437709
2.479763
0.000000
0.761335
13.757354
220.603027
29.368586
8.727666
6.756700
47.721600
19.765539
18.364138
2.508834
278.634277
4.525805
53.475540
0.000000
47.569870
702.967590
19.975647
29.093592
0.737062
4.538826
0.000000
221.551361
0.000000
281.710114
0.000000
0.000000
27.636868
15.391428
0.000000
0.000000
13.991838
15.233770
1.905898
0.000000
0.000000
4.419524
291.563019
0.000000
0.000000
17.663244
0.000000
128.296570
9.868226
0.000000
6.077881
0.000000
0.000000
0.000000
0.000000
0.000000
0.000000
0.000000
0.000000
0.000000
0.000000
34.429802
0.000000
44.466145
71.996956
0.000000
12.923440
0.000000
15.845871
6.790580
0.176311
577.133057
0.000000
12.024055
16.697300
87.776436
149.309250
15.381706
20.073196
61.550545
0.000000
0.000000
174.236328
0.000000
127.149078
123.987404
14.239513
0.186128
7.927790
16.042465
0.000000
10.857291
52.602951
1.262791
2.148310
251.458176
63.845139
45.904861
0.000000
40.886280
33.089817
4.603157
0.000000
55.938293
0.000000
153.274414
667.085999
178.313171
1.115834
11.490400
0.000000
0.000000
0.000000
4.347283
14.738345
98.791710
124.782822
22.471729
0.000000
390.277313
0.000000
15.556587
15.021359
6.584169
11.360982
38.527573
2.839162
1.054062
0.000000
0.012107
228.764359
85.210114
0.828879
41.368191
0.428297
3.096986
60.615028
4.456961
3.443385
0.000000
41.613323
0.000000
2.386500
28.877552
175.286850
23.229040
104.163177
6.314404
0.000000
0.000000
32.926914
91.978828
2.119634
73.524643
0.052289
2033.622437
70.188255
0.704513
0.000000
57.786510
0.195219
0.000000
16.149467
0.749972
18.068871
0.000000
0.000000
0.000000
8.036142
0.000000
11.772470
36.883511
20.522377
12.998438
26.447737
2.053538
2.212824
4.643871
0.000000
65.590675
539.633423
20.780796
147.070145
1537.795898
1.967200
8.317686
5.560903
14399.474609
31.315645
178.258316
13.052131
9.061997
78.669579
87.651375
41.192478
0.000000
16.159483
150.420380
57.839470
29.771265
0.000000
0.000000
0.000000
0.000000
0.000000
3.128354
63.383263
45.594982
2.313401
1.558292
212.727478
0.000000
44.184521
0.849881
0.085563
12.737410
0.000000
0.000000
32.028625
2.832731
15.563168
0.063846
22.308043
11.991314
0.000000
23.140503
45.576241
0.014695
28.917847
0.000000
16.857115
0.000000
0.000000
3.630470
23.145693
0.940135
1.172464
19.462137
49.623348
22.785692
0.000000
0.000000
2.549302
3.241069
7.827277
7.406644
19.074713
47.125874
