28.989597
5.821791
25.081940
1.643363
0.284642
1.531542
1.221548
0.281186
0.916527
1.991536
0.093416
0.000000
0.000000
0.000000
6.596770
9.742365
11.782275
7.618548
0.000000
2.237178
0.000000
116.046501
5.101136
3.938143
74.198936
0.000000
0.000000
8.127837
4.107692
0.000000
0.899832
0.000000
0.000000
21.855854
0.000000
1.098188
0.000000
0.087205
12.002954
0.000000
0.000000
15.841846
8.090509
355.483643
0.000000
2.010581
0.000000
0.000000
4.784190
118.802505
12.854161
0.498208
0.000000
0.000000
1.470130
60.646278
0.000000
0.836788
0.000000
1.556118
67.300842
0.444346
11.722761
0.741718
1.423591
0.644115
0.000000
0.000000
0.032796
31.560221
62.654541
0.000000
0.000000
12.838373
37.015499
42.294601
0.442582
10.375480
0.000000
3.567406
0.336895
0.810656
0.000000
0.000000
7.862825
0.000000
0.000000
0.000000
34.046432
1.337589
0.039966
1.525182
20.340368
6.409257
0.063216
0.000000
0.481039
0.038796
13.881231
3.876877
1.580942
0.000000
9.015205
0.112651
27.914383
14.016082
5.969487
2.625208
9.064290
0.846462
174.719238
43.567307
0.000000
0.000000
5.329874
4.484644
0.000000
114.392479
1.066531
0.000000
10.073810
23.390804
0.000000
0.000000
0.000000
0.000000
75.150627
16.558302
1.760619
5.369472
20.115965
5.293411
0.089283
0.543034
21.611494
0.000000
5.538620
0.000000
13.108012
0.000000
0.000000
0.000000
18.569967
0.000000
0.000000
11.205208
0.050946
0.000000
10.569549
0.252384
0.000000
0.000000
0.588085
1.930615
0.121760
43.651337
1.161926
104.691780
0.000000
14.336673
19.869205
0.000000
0.000000
14.873462
2.123399
3.093648
6.015690
10.603313
0.000000
0.604281
49.631630
3.454868
0.000000
1.687445
5.233351
6.207931
5.315754
14.150251
1.333107
0.000000
5.502102
2.547433
0.000000
9.599296
7.691708
0.000000
0.000000
39.741661
2.524035
39.962097
1.305971
11.797000
2.885713
5.627542
18.672869
58.313469
0.000000
1.560917
17.105373
1.201870
0.000000
45.512234
6.501805
6.767943
18.208134
0.000000
0.274214
1.932230
6.901838
14.078221
0.000000
1.870002
12.875351
4.493527
3.083527
2.851934
0.016885
18.934227
80.166939
0.000000
0.000000
5.793848
11.749073
0.184649
0.000000
33.546028
0.034820
9.918535
10.925461
8.175529
3.601563
0.288587
5.748591
1.067504
9.587878
0.000000
0.000000
2.211012
2.249011
2.344297
35.075817
0.112925
0.000000
42.417492
0.266870
41.649139
0.000000
0.018694
5.582477
0.120029
0.000000
11.632541
0.000000
19.295595
19.082167
0.735555
0.000000
0.000000
0.000000
0.000000
9.103175
3.096168
5.271582
0.000000
4.664802
32.374424
39.117161
0.000000
0.000000
0.960195
0.000000
0.000000
0.066746
0.000000
1.503954
8.516296
7.610881
0.000000
0.000000
0.074502
11.110451
2.929739
0.000000
0.180253
2.172477
5.278165
3.233827
8.166636
57.712612
16.405525
4.796574
17.110136
0.000000
1.814676
0.151095
0.000000
6.563826
0.000000
70.049545
0.477688
9.856469
0.000000
0.000000
3.127115
31.147717
0.115145
0.000000
4.188816
44.216530
10.822264
10.650317
76.016068
33.188560
0.000000
0.000000
20.162306
19.745928
0.609265
0.000000
20.611687
1.595414
0.000000
73.139595
22.535103
120.539299
0.025115
106.249527
0.000000
0.226956
21.007990
0.000000
0.000000
8.250010
0.000000
0.000000
32.474155
8.795115
0.000000
0.606108
0.000000
0.000000
0.000000
117.275146
0.000000
0.015605
16.084265
5.114464
0.049250
0.070108
0.000000
0.389270
0.000000
22.776878
0.000000
2.102703
7.495679
0.000000
0.413826
1.783050
154.895294
0.000000
0.000000
5.686177
1.439017
0.113508
1.672351
0.000000
8.229619
0.000000
0.229406
19.697607
35.915516
0.658394
0.000000
55.913589
0.000000
264.383942
0.995130
2.467535
0.559351
1.655591
4.998273
8.972292
7.129464
3.408687
259.453918
62.422714
0.000000
62.969990
7.102266
6.960440
5.511365
400.325439
8.392944
0.990717
6.490645
4.903883
6.365861
0.307158
0.000000
0.420527
6.108200
7.805805
0.000000
1.670515
0.000000
0.026069
0.015113
0.000000
1.644121
1.402553
0.000000
0.211971
0.680971
0.000000
0.000000
0.314319
8.692071
2.112904
19.093958
53.802025
1.174148
0.000000
10.147393
58.100410
0.492161
4.841833
7.450263
0.179674
0.722946
6.708872
0.958627
0.000000
0.082765
5.401887
0.000000
0.830593
0.180281
15.854652
13.055058
511.900665
3.751194
0.380246
0.952329
2.458948
0.000000
49.631634
1.082541
0.000000
62.350746
0.000000
0.015078
6.645022
46.240391
0.000000
5.873847
0.337396
0.000000
117.513847
0.000000
3.713227
0.295686
51.242619
0.132441
1.560571
18.080805
25.587725
57.878212
0.000000
7.268880
0.006059
1.910932
0.000000
28.105873
15.390012
1.278602
2.557281
0.000000
636.616577
25.132601
2.840721
5.410181
0.000000
1.504782
0.000000
25.679819
0.000000
0.008922
0.579239
16.522516
2.595656
2.845817
0.012954
0.074335
0.118236
0.000000
1.314338
0.000000
0.000000
10.175710
0.346166
6.205839
134.031815
0.000000
103.779984
0.510037
0.000000
8.291131
5.871993
0.426063
92.151917
1.131442
7.912304
0.016118
20.809521
10.564865
0.000000
138.669220
37.951691
0.000000
0.957740
0.131733
0.263677
1.077251
0.950436
2.807381
19.631542
11.863114
5.503525
1.000457
12.492316
21.152269
37.882874
20.780281
0.000000
0.258806
114.452324
48.464657
17.326473
15.140108
0.050762
25.546759
15.830868
105.820099
0.253213
2.295038
2.875196
27.367899
0.056810
249.617081
10.585085
12.206863
76.548279
0.000000
0.000000
12.345969
1.464417
0.000000
0.000000
0.000000
2.680717
3.345606
99.267792
6.527694
0.053848
0.000000
0.000000
155.345306
0.082583
9.351460
19.976099
24.347887
9.859809
0.000000
16.546501
1.229133
0.029277
4.834191
4.030944
0.382582
0.135333
1.331787
5.301056
3.522362
1.394284
0.000000
0.018035
97.398552
24.169554
0.335123
0.021252
2.857483
1.877148
1.833054
2.441200
20.215567
0.000000
1.029949
0.000000
10.674634
0.000000
0.000000
8.729539
0.130521
7.863886
1.116549
0.000000
63.026955
2.260481
0.019054
0.000000
156.962189
0.000000
16.243410
0.000000
0.313433
43.994164
4.682697
3.283182
0.000000
2.691670
0.000000
0.377164
0.519545
0.000000
0.442995
0.068815
0.000000
0.000000
0.055727
557.997742
17.933887
3.213838
5.072684
52.764687
0.106773
14.346600
4.657901
0.250974
4.142625
0.000000
0.000000
0.000000
0.000000
0.682015
5.321507
6.131552
0.000000
15.196800
15.929113
2.793755
0.000000
0.739121
0.000000
37.158249
0.000000
34.900227
1.923742
8.188030
0.024478
1.799530
13.462090
0.297237
0.000000
0.000000
0.403077
20.123959
0.103175
0.086112
6.693315
6.909226
0.626506
1.463311
14.219739
7.147899
4.494565
0.168042
0.392421
5.709371
0.000000
63.100670
1.905840
3.476002
0.000000
6.640535
142.166412
0.000000
2.969518
7.377467
11.261522
27.078739
0.448727
0.000000
11.677243
62.067341
5.254504
4.449515
2.232574
0.446501
89.242523
28.625507
34.583778
90.205612
0.127153
4.224852
32.033951
7.662047
89.258286
8.226162
0.000000
12.813719
0.632234
0.975304
2.485332
0.613616
25.560398
4.348810
0.000000
0.000000
0.471010
0.000000
1.636989
1.024076
0.000000
2.421540
4.352751
2.529776
2.545602
20.412174
11.842583
1.405894
18.729359
0.157285
1.568463
0.000000
16.752647
9.819350
71.220421
0.278799
3.445361
90.084747
0.990879
4.706946
6.525909
4.540331
0.000000
2.262427
102.203880
30.510262
3.538948
8.583586
11.160701
3.026373
13.710163
169.262405
0.034407
31.990499
29.210096
0.000000
0.551768
6.770678
1.777557
0.163600
0.290289
0.000000
2.291025
0.000000
0.000000
30.438557
1.919351
4.907193
0.000000
0.000000
2.674298
7.132940
0.000000
0.497713
0.000000
9.555349
0.150687
19.859550
48.146118
0.000000
3.580303
2.556601
4.201350
6.289062
9.057096
0.000000
7.249433
2.226159
1.811023
0.126892
0.000000
7.850670
20.778368
42.107620
4.415764
27.914484
37.811928
0.000000
10.816037
0.000000
2.668192
1.306051
2.068565
0.380851
0.216410
578418.500000
0.014261
0.000000
0.000000
24.337805
0.520764
2.143803
53.562656
0.139207
0.089765
0.696970
0.993181
79.300209
0.000000
0.000000
0.324449
0.246218
0.134831
0.000000
2.735524
0.609525
6.302737
0.000000
6.260348
11.257359
0.830648
3.263814
4.281668
14.639489
2.710976
13.502035
122.674988
0.000000
35.840351
7.878035
57.632492
0.000000
0.000000
2.081336
3.090849
2.334674
0.000000
0.000000
1.030961
0.000000
24.622963
53.714642
8.677022
8.608537
0.000000
1.657129
1.039597
3.718664
48.710751
1.241088
0.000000
0.000000
0.354018
8.704997
0.000000
62.705582
0.526935
1.215311
0.000000
34.321182
0.000000
0.000000
143.680344
8.547960
0.000000
0.000000
7.294831
0.000000
0.000000
8.334580
0.000000
0.000000
0.000000
1.142853
0.000000
2.791277
70.943794
21.493067
4.951379
0.720858
0.010596
3.101823
0.000000
0.000000
0.000000
96.083199
37.384369
54.898643
4.014425
11.180794
3.097724
0.000000
0.238556
13.862681
0.000000
0.000000
0.145713
0.000000
0.000000
0.000000
0.000000
0.000000
0.599417
21.658085
0.050439
9.558766
0.026730
2.840100
9.931846
0.000000
5.016158
3.925819
7.593240
242.393158
0.133589
0.000000
41.446732
0.325703
0.000000
0.000000
0.294618
0.148578
0.000000
0.000000
0.000000
0.000000
0.500782
4.923522
2.671812
1.032556
2.503449
8.392610
2.807093
0.000000
11.668583
0.000000
0.000000
0.000000
0.492615
1.534276
3.399466
8.970374
7.092780
24.516336
0.605039
0.000000
0.000000
0.000000
9.484831
0.076340
4.050570
0.891918
0.000000
0.236540
3.304329
6.334614
0.065913
0.000000
0.000000
0.000000
0.877379
0.000000
0.918093
5.661717
19.175547
0.000000
0.994991
84.742798
0.000000
0.000000
2.960356
0.540379
0.881112
0.309551
0.031714
20.361536
0.000000
0.000000
5.028294
0.000000
0.000000
3.276280
0.000000
1.276937
9.661823
2.754557
1.904091
1.440905
10.040559
0.559800
0.051691
2.631063
5.084016
0.000000
2.746552
2.978211
0.294278
1.589781
0.000000
39.482948
30.248165
23.307711
40.852051
6.433610
10.465823
7.799838
0.000000
8.035890
0.000000
0.000000
2.136385
0.594341
6.727199
0.249903
0.187637
6.683899
1.908400
6.198135
4.197458
11.418905
9.448621
7.382830
0.314989
0.000000
0.000000
0.602005
9.952591
5.645280
42.310223
0.000000
0.000000
31.745152
0.000000
5.428246
0.000000
0.144396
0.000000
0.000000
13.528209
20.208813
252.131409
0.010407
0.000000
0.000000
13.041867
0.000000
2.314006
0.974333
7.575966
3.516679
0.118312
0.511515
0.000000
0.000000
14.465110
0.000000
0.184582
0.000000
18.178635
1.047794
1.140882
0.000000
8.584573
1.203296
0.000000
0.000000
28.908850
0.891023
0.000000
0.000000
0.266593
0.000000
0.000000
9.326441
0.000000
0.972511
71.931694
0.023937
5.381691
3.295614
0.000000
1.372252
4.587191
7.597645
3.295140
1053.582886
0.000000
4.600935
5.364859
4.394166
0.000000
0.044826
26.066391
0.000000
3.910743
9.553678
24.728807
57.817825
0.000000
21.490572
13.363243
8.280987
1.443721
1.460259
0.054647
0.000000
0.000000
37.648315
77.579704
0.926990
1.408221
1.446828
1.710850
0.445711
0.726837
19.516937
4.163748
1.465925
3.644980
9.281009
8.406795
0.000000
5.361098
6.932177
14.134830
3.236911
0.000000
0.030722
41.333046
5.300224
0.000000
0.784101
0.744165
0.019911
1.524418
0.035771
1.993864
4.867610
0.000000
0.000000
19.980988
0.206998
1.885599
0.000000
2.221849
0.000000
5.227269
65.864433
28.961079
0.009104
16.911648
23.963116
2.505438
2.501144
0.000000
0.884723
0.000000
0.000000
16.069836
3.495923
31.721869
12.849594
9.857138
6.726340
22.195679
0.000000
0.048995
86.630356
8.230378
0.024460
9.233071
8.664971
18.978361
506.616913
12.718692
0.008863
25.883829
0.889276
0.000000
0.198348
0.000000
0.000000
1.353736
1.097618
3.460148
5.049807
4.977988
22.552439
0.000000
0.231168
184.400085
1.120836
2.546795
0.872604
4.510544
0.000000
0.011551
15.321980
0.000000
7.290808
8.762914
41.124508
0.000000
55.638580
0.000000
8.348296
2.212688
8.388073
0.575384
17.958391
17.732895
4.171619
0.000000
3.969467
2.537600
0.262318
80.697350
0.490713
0.925040
0.000000
0.000000
33.901096
0.000000
0.908693
0.000000
0.000000
36.240345
0.000000
5.426042
10.684538
22.553755
0.260437
2.111993
5.268357
13.222822
0.000000
0.000000
19.270061
0.086637
0.297685
10.336123
0.000000
5.526134
11.378996
18.367777
995.717957
0.000000
5.002584
1.502563
5.111672
19.720835
0.000000
2.291382
40.936836
0.000000
0.009024
0.000000
4.597840
0.733925
4.412467
5.990166
33.970463
36.216698
0.000000
3.826052
0.000000
0.245142
15.163357
0.014697
0.202053
0.000000
2.118928
3.348716
3.799136
0.000000
1.282467
0.000000
13.005192
1.258586
11.215651
0.000000
0.000000
17.228518
0.043754
3.401294
37.719894
0.000000
1.067869
3.685788
0.000000
0.000000
0.000000
0.000000
0.000000
0.000000
5.905425
1.959538
0.148841
6.327114
28.411901
0.000000
0.000000
5.646044
2.764632
5.499790
0.381539
3.025587
9.050616
0.000000
0.568282
1.370852
48.067432
34.194687
0.487879
71.844231
2.939184
0.000000
0.000000
0.000000
0.000000
6.967020
0.000000
12.663850
1.062020
22.547298
0.000000
17.495377
0.000000
0.137359
0.000000
21.051258
1.611734
3.135170
0.000000
0.484577
5.778310
0.000000
10.387774
576.916382
0.000000
3.275484
0.000000
0.007205
2.677454
6.545255
0.000000
1.290219
0.916577
18.436037
4.800755
6.871177
5.113790
3.758319
13.323857
15.472940
0.000000
7.505860
6.015706
1.874165
71.486366
2.529239
5.236317
2.727508
0.008504
122.565109
0.466909
0.000000
0.000000
0.135168
5.369458
0.000000
2.018230
46.950554
0.000000
5.101954
21.720270
0.132438
6.505930
0.070384
5.098988
0.000000
5.287439
0.000000
0.000000
0.000000
0.000000
67.166031
2.388281
0.000000
0.000000
6.015556
0.612644
0.000000
26.702553
0.000000
0.050579
7.134380
0.445191
1.010136
36.147640
2.057916
0.000000
5.749360
3.440189
0.204155
1.780353
0.000000
274.612274
0.000000
4.868411
0.000000
3.933853
7.420427
7.764752
1.169548
0.000000
0.000000
1.665126
5.612353
0.000000
0.960869
76.958023
0.000000
0.272728
43.651058
0.963655
4.338755
0.286792
0.026983
4.153267
0.000000
40.865952
9.140031
2.715939
6.586034
0.000000
2.622526
3.356814
0.000000
3.238408
0.000000
0.000000
3.678974
0.433765
0.000000
3.241072
24.632975
0.000000
9.074058
4.668709
9.661671
2.480494
3.770454
1.746323
5.757672
0.176540
0.171566
4.749847
0.000000
11.557150
1.744476
0.041632
1.034204
8.342206
7.773659
0.000000
1.151435
0.000000
6.813476
0.275215
0.503110
0.000000
98.869171
4.012424
1.044679
2.946017
20.372364
1.878687
22.913986
34.459869
1.014836
0.026554
0.000000
47.074142
1.766620
0.000000
7.046009
15.708245
0.406033
2.100153
0.000000
0.000000
7.582089
0.000000
0.000000
8.150043
2.924939
9.252549
0.841793
3.526178
0.000000
1.296197
1.768185
0.000000
24.012789
0.365629
0.021554
7.497628
2.215724
12.321210
0.775893
0.000000
0.000000
1.500373
2.207460
0.000000
0.669096
13.348743
1.187361
0.000000
5.015107
17.387701
2.895002
174.734009
0.231855
4.042666
7.895996
0.922826
6.794920
0.190605
0.000000
0.827040
0.000000
0.000000
4.472588
34.822708
26.784197
0.614029
0.000000
0.000000
32.970406
59.209854
2.291408
2.305067
127.755821
36.515259
0.008135
0.424371
3.338418
0.000000
0.000000
125.095024
0.000000
35.422791
114.375671
0.000000
9.360769
874.628296
1.829442
7.879485
0.897493
17.343544
22.550928
1.337183
142.685471
3.319984
0.000000
23.945536
1.306471
0.000000
0.000000
10.434501
0.000000
7.771470
6.070085
2.217884
105.615105
0.000000
0.000000
2.314910
0.000000
0.000000
7.115346
0.097520
15.385404
11.424554
0.000000
2.677696
0.095205
2.272986
9.528463
37.068153
1.956687
6.454157
27.745537
1.191335
14.742028
158.760361
26.242062
0.000000
0.000000
0.000000
9.072437
19.556665
6.702974
0.869151
0.000000
0.000000
8.261312
0.000000
0.423095
2.486620
78.311325
8.396501
9.928758
0.710030
0.000000
1.476170
0.057528
0.000000
1.400249
0.000000
0.080098
0.000000
0.000000
8.043308
0.036042
0.005043
103.243973
28.562235
5.298840
16.917953
0.227825
0.000000
1.498277
0.027193
0.013905
0.000000
0.000000
2.614384
9.641481
4.914577
24.139488
0.262359
0.016843
0.000000
32.357433
3.809359
0.000000
58.404346
0.420077
0.000000
0.000000
0.000000
11.345874
14.144213
0.137956
4.343098
242.121979
0.200975
3.118597
9.243032
0.961889
8.270860
3.394492
0.607473
0.000000
5.355287
0.000000
1.551654
0.000000
0.000000
8.380741
8.270224
0.000000
0.656023
1.249830
21.182615
1.157636
13.241472
6.960489
0.000000
0.000000
3.608604
0.000000
5.628706
0.625477
8.796406
0.402793
12.397043
3.014265
13.583331
3.489064
2.009438
14.907445
4.502605
0.000000
10.380404
26.434175
0.000000
1.477178
0.000000
58.538078
0.686476
5.698850
0.035297
0.000000
0.000000
0.026189
0.000000
1.401162
0.100097
0.782923
7.407048
0.000000
3.054037
0.000000
0.000000
6.588377
0.000000
3.709800
0.000000
34.455212
10.666921
5.287166
0.000000
0.000000
0.000000
0.687142
0.000000
3.193193
0.273163
9.575338
0.000000
0.000000
0.000000
0.000000
0.469348
0.000000
0.750740
0.000000
0.089932
1.599480
0.000000
0.000000
0.000000
0.000000
16.248158
17.978592
2.879236
0.000000
0.000000
23.027020
0.000000
0.000000
0.000000
4.333053
0.000000
0.000000
0.000000
0.166607
1.310032
0.000000
0.000000
5.960651
24.020634
0.130807
1.837765
0.000000
0.000000
0.000000
0.000000
0.150347
0.000000
0.000000
0.000000
0.000000
2.260552
14.398681
15.912478
0.113999
2.703990
20.328018
3.192461
5.203974
0.957417
236.255768
13.814650
2.120194
0.000000
1.355611
0.815963
1.445884
0.518696
1.506628
13.040828
4.431453
0.000000
7.026553
0.000000
0.118309
1.097134
11.103958
13.571603
0.000000
4.601509
0.000000
0.000000
3.972659
201.471252
0.037839
0.347729
22.191784
18.131140
0.024929
16.154364
5.404461
8.634134
3.225785
0.000000
0.000000
0.036829
2.733242
0.000000
0.000000
0.000000
2.960423
2.524928
0.230499
0.180049
0.000000
11.995409
0.017478
0.000000
0.512379
0.641590
0.022979
0.192233
0.000000
4.586702
18.590603
2.964631
3.315771
107.019638
0.000000
0.000000
337.217407
1.633654
89.597763
1.748093
0.000000
10.723474
27.223396
0.011723
17.114170
11.082052
0.021656
2.548563
0.110864
0.000000
40.114006
44.211601
0.000000
0.000000
0.000000
0.000000
0.000000
0.000000
0.391391
0.000000
57.714458
0.118003
0.038907
0.659325
1.317879
64.751862
24.495434
0.265096
0.000000
0.000000
0.123922
0.000000
0.000000
5.074961
21.247416
3.910776
6.778355
0.000000
0.882388
0.279929
0.061254
18.148781
40.302513
28.748678
0.000000
4.854312
0.000000
0.000000
0.000000
0.000000
0.000000
0.000000
46.366528
36.183090
5.419337
27.792017
3.115903
3.632319
0.000000
13.590471
149.688110
0.000000
2838.334473
0.119477
0.000000
0.213293
6.247934
0.000000
0.000000
26.324278
0.000000
5.313631
0.000000
8.775917
0.000000
0.094181
0.188395
0.000000
0.000000
0.306080
8.506453
0.000000
2.108797
14.155928
14.205912
0.044789
0.025805
17.202566
6.471470
0.000000
176.529465
4.092644
16.032494
197.755646
0.000000
0.000000
0.019520
0.041778
0.073356
0.000000
2.344298
1.119365
10.807347
0.000000
0.028792
0.256059
0.000000
0.234424
0.311303
0.000000
37.089527
9.937054
2.392214
4.904618
0.000000
0.000000
2.265476
0.000000
0.065385
4.369346
7.459188
0.464350
3.788302
2.551974
13.041910
73.678604
25.941257
2.015788
0.000000
0.000000
7.994675
0.389774
0.560533
5.067532
0.000000
0.000000
0.000000
13.880567
1.055625
3.175601
1.255342
0.000000
0.000000
0.000000
0.322843
56.566792
20.235666
0.811513
50.181995
0.471899
10.461724
13.816419
0.000000
0.037896
0.249432
0.091648
1.121296
0.000000
0.000000
27.829119
0.262969
6.253307
0.000000
1.124440
16.945749
0.132354
3.847478
0.000000
0.000000
0.000000
6.743826
4.395965
4.086523
0.375957
0.000000
0.000000
1.226208
1.474406
2.121733
1.820707
5.071711
2.858721
2.997430
0.000000
0.000000
0.022696
0.000000
6.294268
0.000000
4.717090
0.000000
0.158901
0.288029
0.637398
0.003641
28.223116
0.000000
0.059880
32.240845
0.000000
0.095232
38.276455
0.913898
0.000000
7.053360
0.000000
0.447536
0.000000
0.021345
5.089497
1.080086
8.765761
1.836388
0.000000
0.000000
0.000000
21.654383
0.104167
2.003832
0.158889
0.036667
0.000000
2.278230
0.858305
0.000000
50.097321
11.655586
6.096282
0.289051
5.582387
2.297071
1.449514
67.018539
0.230829
0.000000
0.040270
0.000000
0.000000
2.493852
0.224999
0.000000
36.395763
0.000000
0.043875
0.886310
7.485330
0.000000
0.000000
0.117435
1.120077
3.328797
21.082695
1.076975
0.000000
0.815486
0.169652
0.000000
0.143077
1.312210
1.535209
8.101406
13.584581
0.000000
3.270241
5.385989
0.000000
41.573620
0.000000
0.000000
0.000000
65.596832
0.000000
38.575245
0.138637
114.574860
11.777849
0.000000
0.000000
21.141508
3.740366
0.000000
0.000000
0.000000
48.073402
0.000000
0.235192
0.000000
0.000000
1.661682
9.235589
0.000000
12.418322
3.657095
2.168555
0.908175
0.914541
0.000000
1.056279
2.107207
1.680356
11.695206
8.781530
3.500255
5.845197
34.101990
15.511076
9.803769
0.000000
0.000000
3.102315
0.782413
0.000000
2.530926
16.636318
23.705318
5.527586
0.755582
0.000000
0.000000
0.000000
0.000000
0.000000
0.000000
0.000000
6.926226
0.251769
0.509561
4.482383
377.622284
1.920331
0.000000
0.000000
1.137516
0.280385
0.000000
0.000000
0.015751
0.637956
2.916916
2.441414
0.000000
662.748962
3.989466
27.787066
0.000000
10.197201
0.000000
0.000000
0.000000
4.186506
0.000000
31.650614
0.000000
18.561396
15.861792
0.611571
9.162864
6.305605
0.451377
1.611557
0.000000
0.000000
0.000000
0.000000
0.000000
20.036747
0.000000
0.000000
0.000000
33.904800
3877.647705
0.000000
0.350395
0.000000
0.000000
3.566892
11.030689
11.963893
2.334126
1716.146118
0.036147
0.086211
1.363744
6.366874
8.393456
11.200776
0.000000
0.133427
1.804089
0.000000
0.000000
0.752420
1.243189
0.047603
1.198843
0.000000
0.022303
0.000000
0.000000
3.844865
39.877750
3.148517
0.000000
17.860662
0.003694
0.117676
0.569385
14.211320
0.000000
5.274354
21.747404
0.081798
15.590173
0.382512
12.317996
21.968239
7.042873
101.572395
40.130596
0.006941
0.000000
14.879721
37.169132
0.000000
10.548177
0.000000
9.943116
23.726316
7.316514
97.617172
0.011022
0.000000
1.889082
0.277602
0.015539
30.304247
0.000000
0.000000
3.630039
0.154509
37.974991
3.910883
44.998653
0.000000
0.000000
1.078459
0.000000
1.688001
6.135710
0.017223
4.412636
7.789819
0.216596
0.000000
80.753227
13.657355
14.188585
0.061381
2.074038
15.800920
0.019826
0.000000
0.000000
44.948048
0.000000
13.909142
3.603911
0.089225
157.873322
14.230905
7.290221
0.000000
2.902243
2.814387
5.638037
0.066616
0.335397
0.000000
0.000000
43.419323
0.000000
3.631981
0.540907
4.418712
0.474794
25.747198
0.000000
0.000000
0.000000
0.000000
0.000000
0.000000
7.127964
0.000000
0.014181
2.081220
0.000000
0.000000
0.179924
0.035342
0.000000
0.294415
8.948991
0.000000
5.062728
2.274158
1.296272
0.000000
5.416903
0.000000
3.062168
28.230644
0.000000
2.998505
0.000000
0.000000
7.582606
0.000000
695.969727
0.000000
0.000000
0.061217
0.000000
0.000000
0.074563
15.614912
33.639488
2.934501
45.088951
1.409853
0.000000
8.735994
0.098958
0.336195
0.506986
5.978997
0.000000
0.580582
0.000000
0.000000
0.000000
8.897554
6.067343
0.000000
0.000000
0.000000
0.000000
1.313049
0.000000
8.623490
0.925237
0.399055
18.689493
0.447863
8.342413
0.907747
3.164189
0.327030
0.000000
4.157042
26.008787
0.127059
1.001788
3.506473
3.664269
0.272308
0.000000
4.490241
0.067529
27.313515
10.624434
1.138021
5.530542
0.500606
0.000000
2.513484
0.267967
14.792159
154.946487
0.000000
0.000000
0.139147
0.000000
0.000000
0.000000
0.000000
2.539499
6.483994
0.572245
0.000000
0.027455
3.656879
51.052879
8.850517
0.000000
13.228476
3.390455
0.574593
7.923296
1.562669
18.856852
0.552718
0.000000
2.669038
0.000000
0.093171
1.851015
0.000000
0.300197
2.477509
45.738525
1.017801
9.395729
0.712541
15.192188
8.655441
0.000000
12.672550
16.540304
0.394378
2.566241
0.000000
0.000000
11.202787
0.383630
34.840935
336.769379
3.660491
1.675498
8.217168
6.254141
0.463272
10.008986
13.013941
1.831357
9.521027
3.589854
5.236732
0.009095
16.253428
0.284150
0.000000
61.372440
4.332203
0.172472
2.385060
0.000000
0.089712
7.737576
0.031597
10.887201
0.000000
0.121990
6.516822
0.000000
0.000000
7.398987
0.000000
0.000000
1.641314
10.148071
0.593231
1.680436
0.000000
0.180748
0.000000
0.000000
0.000000
9.669355
32.782032
0.000000
17.709703
1.018057
0.503359
4.550245
0.042115
0.000000
0.473618
10.330044
0.270967
0.067878
0.000000
0.000000
1.317559
12.208908
0.000000
0.000000
0.000000
0.334006
0.000000
0.533493
3.706544
0.000000
7.279780
0.000000
0.054924
0.000000
0.000000
0.000000
0.130195
0.106773
0.000000
0.000000
62.517139
7.165523
11.537006
0.000000
0.023413
186.561081
1.034425
0.000000
0.000000
13.003489
0.027884
0.000000
35.049343
0.219554
177.831757
0.000000
4.182374
0.000000
0.069519
0.016523
6.316069
0.349564
0.089962
0.000000
1.299529
10.459954
9.093358
23.321930
0.477843
0.193953
2.489203
0.541138
0.170369
4.448377
0.000000
0.000000
65.130295
0.000000
2.422107
17.741663
4.521881
4.191447
0.000000
0.000000
94.797562
10.799455
311.502075
0.000000
25.440557
73.034462
7.758469
2.817229
7.636760
0.000000
0.000000
0.070140
0.000000
19.666307
1.130825
0.586162
19.217236
3.365004
0.418710
0.000000
14.524966
7.134809
4.711551
8.296266
3.608057
5.246991
8.267784
0.227241
8.827871
0.116031
0.000000
1.160588
13.081170
0.206830
5.424318
71.165092
0.000000
0.000000
0.000000
52.972290
32.302708
1.151983
2.948992
1.724875
25.683184
0.000000
84.995193
3.716641
6.396867
8.870227
15.589529
9.141203
20.469742
0.843748
0.000000
0.305216
2.794196
0.659722
6.988048
7.141818
4.373451
3.495889
0.247204
0.244736
0.023107
275.291870
4.452713
6.881455
0.018452
0.305724
2.748842
0.000000
0.000000
131.540359
0.000000
30.864119
1.053188
0.000000
1.930003
0.000000
0.024834
26.923731
0.581911
0.000000
14.136145
12.194516
2.151329
10.901613
4.493258
11.468500
0.000000
0.000000
0.000000
1.013196
0.849122
1.442330
7.488663
1.363990
58.678761
17.780588
0.619046
16.996469
0.000000
14.564179
1.925622
1.237697
0.000000
0.000000
0.667939
0.109821
21.317476
1.701632
3.897961
16.090313
12.191985
3.112535
3.002561
1.127046
0.000000
9.597934
0.031495
0.000000
0.000000
31.427002
4.176415
0.033010
0.930725
1.721676
1.434273
0.411608
0.000000
0.000000
11.114445
0.165813
0.016451
8.682137
0.000000
0.000000
0.892939
0.000000
0.032875
0.000000
18.032564
0.000000
30.086508
0.871616
0.000000
4.230644
0.000000
46.764744
7.146566
2.928218
4.238490
0.000000
0.603503
8.619362
6.549899
0.000000
3.572410
10.955958
0.034355
4.459763
0.000000
94.393661
0.755899
0.000000
0.000000
7.349200
0.000000
0.000000
0.000000
0.218482
0.000000
16.111467
0.820531
36.783657
0.178934
0.699651
27.392563
11.075006
0.004864
0.000000
0.000000
0.679060
125.548981
14.087606
0.000000
0.000000
0.000000
0.000000
0.000000
0.000000
0.000000
0.000000
0.054256
1.631989
58.007816
0.000000
0.000000
2.533006
0.000000
0.112955
0.349916
1.043850
0.629175
0.393474
8.676788
1.257993
0.231176
1.965996
0.000000
0.000000
0.000000
0.000000
0.000000
0.000000
9.662265
0.000000
1.149860
0.029343
4.881392
1.093297
0.039913
1.429307
0.597072
6.480046
2.416538
375677.531250
3.162600
3.068315
0.000000
0.506802
1.133364
0.632183
1.776872
46.511173
0.000000
7.817599
0.000000
1.906966
10.661607
10.844273
7.147257
341.539093
4.997925
7.790941
0.000000
124.633675
0.000000
0.029425
0.000000
20.431736
14.011188
1.116243
0.703860
30.715332
0.000000
0.000000
29.724073
55.342484
0.653215
6.176757
10.699194
1.755094
0.000000
2.555431
0.417991
15.445548
0.000000
81.859032
34.649063
95.700775
0.000000
0.828003
12.595948
0.094344
0.000000
111.572083
0.000000
10.060161
3.978433
0.000000
0.000000
0.000000
0.000000
0.127622
1.235593
206.042191
0.000000
0.000000
7.792372
2.001019
5.074931
23.890984
4.692979
0.368366
198.886398
0.087572
2.256900
0.283698
0.160651
3.108670
8.041103
0.000000
5.836997
18.530241
0.000000
0.000000
12.911455
3.522589
0.000000
2.890385
1.622782
2.491104
27.345051
0.000000
0.000000
0.000000
0.052472
0.000000
0.000000
0.000000
4.812712
0.000000
0.000000
1.024043
0.000000
9.026454
13.785542
0.823334
0.750319
0.958214
5.658177
0.000000
0.000000
0.405838
0.609877
2.165997
3.565600
18.645872
0.000000
0.000000
1.471207
7.975814
0.202515
4.162655
1.981401
16.172739
12.626091
0.000000
211.593887
0.011484
0.000000
66.729637
0.463125
85.154961
0.000000
0.000000
4.281315
146.032684
1.770041
31.017096
11.015364
5.998621
5.300148
10.314327
87.069748
0.191609
0.445111
0.452760
0.000000
1.867092
0.470649
0.000000
4.138792
0.000000
0.137009
0.000000
18.806150
0.000000
24.326569
0.000000
3.099515
0.520096
0.000000
0.174409
0.000000
5.993493
0.254041
0.000000
0.648528
1.808114
5.067635
0.000000
10.576302
157.010651
1.606852
0.120745
2.838717
0.044362
23.357018
0.104048
3.643834
0.011799
2.619521
2.541969
0.682284
1496.381104
0.000000
83.326462
0.700755
35.165359
0.220131
0.000000
2.190998
0.228831
19.951895
0.894276
5.605345
89.427734
0.004154
2.688063
1.397692
0.000000
0.000000
0.000000
5.667963
0.000000
1.308753
0.178565
0.000000
8.032932
6.917560
0.159249
2.735036
0.000000
10.913277
0.000000
47.817608
8.928554
20.196714
0.000000
0.000000
3.268501
0.000000
0.106300
0.000000
0.704320
39.601570
0.000000
0.364498
0.000000
12.982087
0.000000
0.000000
6.117175
106.117668
0.745545
0.000000
0.000000
1.272231
8.406327
0.048426
0.386273
4.380610
5.302142
7.559316
0.000000
0.789316
0.000000
0.000000
0.038708
0.000000
489.986786
15.674020
0.000000
3.905373
5.465439
0.000000
3.264002
0.000000
1.562334
0.110420
12.331592
0.170938
0.843287
21.240778
0.770234
4.470010
0.000000
0.000000
0.000000
1.455093
0.764472
0.000000
1.817457
0.000000
238.191147
0.071439
0.000000
38.939754
20.675556
3.004739
3.598944
0.000000
0.153787
413.912781
0.220122
9.343260
8.400304
0.965593
5.953526
1055.824463
5.883270
0.027411
13.994861
0.000000
7.859086
0.000000
14.850619
0.240817
0.000000
82.675858
16.454655
0.004587
3.201934
0.000000
8.370675
11.974872
0.195257
0.000000
5.789542
11.474892
0.000000
0.000000
3.887657
1.257030
0.000000
0.000000
0.102004
0.000000
0.122615
0.360073
0.008171
6.968925
2.380916
1178.697754
0.000000
5.402320
2848.577393
0.000000
0.072409
0.000000
0.461913
0.214913
15.215055
11.021053
0.000000
19.851357
0.000000
1.553225
0.111031
27.842266
0.000000
6.925982
0.000000
0.000000
9.475892
0.081935
12.233240
17.694941
19.564663
48.434471
0.000000
2.269529
0.721070
0.000000
0.059080
11.263285
0.000000
5.642165
6.851918
0.043286
2.706353
2.598667
35.352840
0.318914
24.039482
0.552438
3.654530
3.272871
0.007377
0.447536
0.000000
3.191585
34.720306
2.224272
86.263245
7.196101
28.025990
0.000000
0.000000
8.998390
6.824108
5.030381
0.000000
0.671399
16.110624
0.018988
0.000000
0.000000
0.264034
0.000000
0.015883
0.000000
20.377222
0.000000
1.557285
3.160716
0.000000
0.000000
0.000000
0.000000
0.000000
11.624126
0.000000
0.000000
0.000000
0.000000
22.873463
0.000000
0.000000
85.879272
0.000000
1.303008
23.315479
0.000000
0.000000
0.061589
14.596051
0.000000
23.774982
13.711825
0.000000
0.000000
0.000000
26.135878
1.280774
0.000000
0.034238
5.825976
1.554084
11.712826
0.017508
0.000000
0.000000
0.705189
142.002777
0.000000
0.076480
1032510.750000
2.213316
0.028510
0.467055
0.000000
0.031481
10.586631
13.964277
0.000000
0.042956
35.032078
0.351819
0.703126
13.088325
103.300949
2.758282
2268.052490
4.788389
100.168839
6.625141
18.930769
0.000000
313.486847
141.471603
4.372867
11.782381
0.000000
11.965021
0.000000
7.034347
0.000000
2.304333
0.618857
2.881438
0.000000
17.022579
0.000000
0.000000
0.256769
4.856155
0.000000
0.000000
0.256530
30.455845
53.815460
0.000000
15.812375
76.346245
0.185875
136.318970
0.000000
0.000000
0.439511
2.826025
0.000000
1.172832
7.370273
0.042729
6.087839
0.000000
5.406342
0.000000
8.595399
1371.695435
1.573529
0.000000
6.101159
23.035141
0.000000
0.000000
1.607435
14.466230
4.587986
10.331313
9.812289
6.380403
5.071534
2.024997
1.888424
3.186212
0.000000
6.938819
1.347450
17.853329
9.509418
0.066309
0.024743
12.669312
182.235855
0.000000
2.500437
0.527445
0.000000
2.331913
0.000000
0.000000
7.017150
0.939242
0.000000
17.159086
23.990915
5.577596
0.000000
19.783302
9.833113
0.596543
60.947773
0.391791
25.156763
0.000000
0.241269
12.786648
20.049023
0.000000
64.088875
1.311196
0.000000
0.103464
0.033595
1.670032
0.000000
0.000000
6.098483
16.808424
0.148414
21.784981
0.000000
5.678040
5.293816
0.246206
2.754238
0.338471
3.213235
0.116223
0.000000
0.132748
0.000000
0.000000
11.791810
1.554970
4.201725
1.141793
0.658767
0.102789
0.000000
3.459696
0.155097
0.276933
11.537292
0.000000
66.655518
6.213436
16.095963
98.844208
0.735938
0.076185
0.196663
1.881480
316.103271
275.290833
0.000000
17.391365
3.122689
0.000000
2.635593
0.018875
0.046027
0.000000
0.000000
0.000000
2.519143
6.024374
0.000000
15.157012
9.591228
1.068738
0.000000
0.000000
0.354300
0.548962
0.000000
0.000000
0.000000
36.490494
0.000000
1.626854
0.000000
246.633499
47.609379
151.801971
1.670771
2.638428
0.283844
2.121063
13.739111
1.781517
0.000000
0.221473
0.143826
0.319193
0.000000
6.340403
0.000000
15.768347
9.536300
30.070328
0.000000
2.290445
0.515286
19.611465
4.053776
0.000000
1.043315
1.934178
0.099936
554.031311
0.000000
0.000000
0.000000
0.873085
0.000000
0.000000
3.974754
0.000000
0.000000
21.608892
0.000000
1.053780
1.523212
3.513977
4.010248
18.114325
1.973598
16.302313
0.134454
0.289780
1.413469
0.055284
7.496702
0.000000
0.000000
0.000000
0.138291
0.000000
0.420299
0.262460
0.000000
0.000000
0.000000
40.883572
44.598072
0.000000
1.814287
0.000000
4.892557
0.000000
8.451325
0.000000
0.010040
11.562336
9.714826
0.385875
0.000000
0.000000
6.078741
1.861196
0.000000
17.657448
6.300527
0.229062
0.000000
12.059421
8.194388
0.221975
4.917060
0.000000
0.000000
0.184635
0.000000
0.000000
5.129272
0.000000
2.251676
0.000000
0.000000
18.252520
0.051485
0.000000
0.143169
0.000000
5.188387
0.377107
5.675501
0.000000
0.000000
4.928795
2.035063
0.000000
3.144012
0.077728
6.933708
0.000000
5.259651
5.408380
208.481659
0.000000
0.000000
15.941688
2.427813
2.341772
12.606110
0.000000
26.318325
0.000000
5.422646
0.000000
0.000000
0.460428
0.000000
3.316509
17.189430
0.000000
27.844389
0.000000
5.644352
2.871060
0.000000
0.973244
4.524267
8.340384
0.000000
0.716159
0.165535
3.400625
1.391119
0.000000
0.000000
2.315551
0.516697
0.000000
711.435913
5.949507
0.000000
7.960575
0.000000
0.000000
0.000000
0.000000
0.514249
314.222534
8.872402
4.771225
0.000000
0.000000
3.504615
3.227388
3.033285
0.000000
8.232006
5.345531
6.567978
0.000000
4.945321
0.595043
19.073967
0.000000
49.947769
10.595416
0.000000
0.052343
1.256135
0.008898
9.801830
0.000000
0.075303
0.238520
28.444815
19.895950
15.036934
2.735705
8.798385
0.000000
0.785397
0.291746
0.000000
0.366782
0.548248
0.464682
0.043996
0.154119
1.158484
0.000000
0.000000
0.000000
0.534733
0.000000
1.615958
0.000000
9.341496
24.545355
0.000000
8.954037
2.499299
2.334035
0.000000
10.038221
24.802013
6.320992
0.062898
31.857578
0.000000
2.051783
0.000000
0.000000
16.997829
0.000000
3.753035
0.000000
61.069202
0.636888
134.384430
0.876160
3.926903
18.241051
42.785862
0.000000
6.449479
0.000000
12.811153
0.000000
0.000000
0.000000
0.000000
0.000000
0.000000
2.422372
0.000000
5.535932
7.818070
0.000000
0.000000
3.248749
0.614508
3.144861
0.000000
2.533010
12.497016
3.714310
0.000000
12.401702
0.000000
0.000000
22.303026
6.771080
14.731844
0.000000
5.327058
0.000000
11.169093
0.000000
0.000000
3.938310
46.580982
10.002864
26.462278
0.661609
0.000000
5.616301
0.535539
0.000000
0.000000
0.513279
0.040801
162.712952
0.000000
4.017240
0.000000
0.000000
8.509437
0.765080
0.000000
32.587124
17.649290
6.273307
1.507164
6.277419
32.539726
4.453335
1.115997
0.000000
0.000000
17.744097
17.645641
27.404270
0.000000
23.212000
8.868323
0.000000
14.664500
0.000000
0.000000
7.618049
3.345464
0.000000
16.284203
0.000000
0.231689
0.000000
0.000000
74.252327
42.333248
5.975179
0.000000
1.925245
11.726093
51.991577
63.155609
96.660141
5.457739
1.149891
0.000000
3.686839
4.699615
1124.641846
0.000000
0.000000
1.275256
31.827435
3.998980
24.733377
0.000000
47.085690
9.868809
1.039481
2.550944
1.693174
1.790218
0.126871
3.993375
20.584347
0.735338
0.087288
0.000000
2.246861
29.497480
48.829002
0.000000
1.248767
8.708609
8.704491
0.000000
54.257301
0.000000
3.420792
5.845131
38.081039
0.000000
5.211778
0.154165
0.000000
0.000000
0.000000
0.039007
10.959098
0.568138
0.224932
9.316392
0.000000
3.862018
0.000000
9.133544
0.000000
3.281589
0.108733
0.000000
6.066840
1.532107
4.256384
1.113771
6.499340
30.945242
0.000000
0.215843
0.069061
0.000000
16.084160
0.000000
75.145805
10.849616
0.000000
0.102141
0.607695
4.738564
1.806821
8.381635
5.465171
0.083656
2.112701
0.000000
1.393449
0.000000
1.635555
0.000000
0.000000
0.000000
0.000000
10.760988
13.574906
0.000000
0.068104
4.671129
63.534977
3.050268
0.000000
0.000000
7.725554
11.981567
12.199899
7.173546
2.323118
0.000000
11.028301
1.093916
3.685700
0.035013
5.937955
0.515407
0.000000
7.474759
18.357635
0.000000
0.000000
0.000000
11.700113
8.890105
0.166743
2.557640
0.473145
5.693536
8.950083
0.165972
0.057144
84.508232
0.000000
24.072769
17.148136
0.000000
0.634091
0.000000
1.808185
0.000000
3.692825
3.828393
7.720557
279.410004
12.710105
1.431390
0.000000
0.000000
0.000000
14.030788
0.000000
0.496140
0.000000
6.697578
7.256842
10.814875
34.845367
1.962173
0.000000
7.013250
5.129902
0.000000
15.963217
0.085106
0.079635
3.101163
2.024590
0.000000
0.370088
0.408895
0.000000
0.000000
0.000000
7.334484
2.328758
1.011847
10.571491
0.000000
80.467010
0.000000
14.200541
24.695930
0.256674
1.467522
19.147842
7.939414
2.279280
0.873845
1734.142334
0.000000
6.436760
6.621368
1.604160
35.375542
0.000000
1.769331
1832.078125
30.250818
8.365160
10.205179
6.733580
0.000000
10.999020
0.000000
5.446357
0.040001
0.000000
0.303234
0.000000
48.353294
0.316387
16.268768
0.000000
65.714745
2.278378
26.090725
7.853313
59.693535
14.455371
0.887218
47.014481
44.616165
0.000000
15.600408
2.690454
1.142592
4.563388
2.735302
0.022749
0.000000
79.319641
7.572348
0.809296
0.000000
0.000000
1.569343
5.854385
0.000000
1066.008911
0.000000
0.889016
9.865560
8.153284
0.000000
1.765891
11.842316
0.502068
3.425119
11.364207
55.216949
0.000000
2.269017
2.935739
20.997623
0.559975
1.484017
0.326900
0.000000
8.781784
0.000000
4.596523
0.690169
0.100471
0.000000
30.245869
0.000000
0.000000
5.120270
0.000000
15.640496
12.581595
0.000000
0.038309
0.000000
0.000000
5.573037
15.523552
5.067495
0.000000
3.370689
5.525959
9.432742
13.345949
0.000000
2.074502
0.000000
0.101002
0.000000
0.000000
12.833350
0.000000
0.000000
0.000000
0.000000
0.000000
10.813112
3.969416
0.000000
6.010845
0.570920
4.234013
3.323074
10.738856
0.000000
0.000000
0.055156
0.000000
0.000000
2.825884
0.000000
0.067294
0.038317
0.000000
0.618843
0.000000
1.216884
0.014770
0.705450
0.000000
9.346909
49.455757
18.816404
3.608335
0.000000
0.642783
0.537263
0.089117
15.559045
5.341156
0.082714
53.344273
0.036250
0.000000
7.037247
0.000000
0.000000
109.286407
0.000000
0.000000
17.693254
0.000000
0.493780
1.078799
0.481253
0.057396
0.288427
12.493179
0.013699
93.155815
0.000000
0.968482
0.000000
1.465104
1.288668
10.716496
0.000000
7.718126
9.620946
2.166777
0.000000
0.000000
0.000000
0.000000
0.530843
17.491812
5.305814
2.152494
0.478048
2.538569
32.002033
0.000000
0.000000
0.767903
0.000000
0.000000
0.000000
5.170843
59.481934
0.139689
3.959514
0.278751
0.000000
1.084856
0.854262
0.000000
78.779610
0.000000
6.613748
0.045921
2.396756
0.000000
18.084724
3.168589
0.309693
0.000000
204.132538
3.527847
0.000000
0.000000
0.000000
9.076201
5.074314
0.013347
2.133013
0.000000
15.679610
0.000000
1.363929
0.534520
2.821813
0.376405
0.743197
0.000000
1.064905
0.000000
0.000000
0.000000
0.244353
0.000000
0.545584
0.000000
0.000000
0.000000
36.664536
0.013924
21.205217
37.888195
0.000000
12.686006
0.000000
0.015911
0.061240
6.188131
6.342529
0.000000
0.000000
4.684576
0.940284
0.000000
0.162236
0.000000
0.303565
0.000000
0.000000
0.000000
2.925753
2.778874
0.000000
0.000000
6.756755
3.102159
0.050753
0.042306
2.876124
9.201594
0.000000
0.000000
5.003507
0.000000
0.323961
247.404388
7.980529
0.538867
98.736191
0.000000
278.129791
1.943381
1.951573
4.020594
7.036014
8.474926
0.469961
0.000000
261.481079
0.389531
12.967792
0.603573
0.000000
995.544128
5.541870
340.953857
77.732483
0.316109
94.810234
4.164005
8.343794
269.870361
13.601083
0.000000
20.253523
3.201914
0.532660
286.699677
0.000000
0.000000
2.654612
7.084630
9.298591
0.000000
117.997421
159.222275
29.954220
0.000000
0.000000
615.756287
16.357801
0.000000
1.625475
0.000000
155.247696
0.000000
18.417166
0.000000
4.350295
0.000000
9.190869
794.351746
6.006364
38.727497
0.000000
0.000000
20.590509
0.846039
285.173431
2.898993
9.211907
303.053223
10.253431
1.118232
185.624466
0.000000
0.000000
187.569519
0.000000
19.032101
910.224182
0.475789
4.410940
0.000000
0.000000
0.000000
0.826345
0.114542
2.645750
1.105346
0.000000
5.221879
0.000000
4.104697
0.000000
0.000000
1.851878
759.789917
4.864494
9.447684
0.000000
3.685349
0.536502
0.000000
5.878409
0.220247
4.331698
0.000000
0.267901
0.023772
3.235364
12.992955
2.927658
4.114522
0.189582
6.613981
3.281915
0.677327
0.000000
4.384622
0.222596
0.000000
0.307896
110.626099
0.797376
1.170377
1.839649
0.000000
4.140348
152.526505
8.906660
0.000000
0.522418
5.876758
0.000000
2.873373
0.402226
0.772731
0.882189
1.670727
0.000000
0.000000
1.208983
3.285661
1.730106
0.000000
8.684512
31.566431
44.826317
5.788280
0.000000
0.000000
3.509531
0.000000
0.673211
38.072079
0.717861
8.305450
27.549248
0.000000
0.346533
4.569751
0.227931
0.000000
0.822397
0.000000
0.000000
4.986085
10.787049
0.000000
0.000000
24.310326
4.085981
5.952229
0.963192
4.210456
0.097463
0.000000
0.103528
0.000000
0.000000
0.000000
0.000000
0.194461
5.182981
0.000000
25.409082
5.354101
0.000000
2.563920
0.000000
0.000000
0.226794
10.621750
0.041324
0.252109
0.143297
11.071623
18.071362
0.000000
66.443245
47.674259
6.696338
9.029042
2.578951
18.900099
0.000000
1.101300
13.935117
1.018974
0.000000
98.114708
4.085360
0.053710
20.243280
0.000000
0.174658
0.105094
0.050975
3.231085
0.114614
4.302765
9.148862
0.000000
0.000000
0.000000
0.000000
0.000000
0.000000
0.031363
2.219782
0.000000
9.123219
1.498265
373.491943
6.891840
0.145962
0.000000
0.000000
0.074525
23.499653
8.221421
0.000000
11.379768
7.228309
0.000000
0.975643
29.139090
7.181672
34.957462
0.000000
0.000000
46.755535
0.000000
0.008600
273.957550
0.166490
1.301291
2.190014
45.142609
3.740251
0.000000
10.493690
402.737793
0.019878
0.062329
296.866821
0.185937
2.246611
0.000000
0.578000
0.140320
0.008190
1.586025
1.727115
2.065812
0.000000
0.000000
18.080639
0.722143
11.195159
2.639680
4.958468
10.876170
3.080548
0.915638
0.608103
5.524436
0.081112
0.000000
13.372745
9.682915
0.000000
5.039243
0.315241
0.000000
0.285590
0.000000
0.014613
26.418352
1.346699
0.000000
0.496343
5.532961
3.461212
15.113652
1.813720
24.289499
23.533237
18.411535
2.233141
18.466805
0.000000
4.250863
0.000000
32.648056
12.347912
115.650566
0.000000
2.571466
3.106803
0.000000
13.096051
7.200203
0.480065
0.064477
12.214521
7.496800
0.000000
0.914266
0.000000
0.000000
0.703412
0.000000
0.000000
0.000000
3.741542
441.648224
505.216858
0.190066
19.253698
4647.437012
681.797913
7963.738770
0.000000
0.000000
0.000000
0.000000
1.379941
0.252267
0.000000
0.000000
0.000000
0.000000
0.000000
0.000000
0.000000
0.000000
0.000000
0.000000
0.162574
2.107198
0.021427
0.003299
111.767212
6.912013
0.601393
2.506178
15.218797
62.141693
0.000000
0.805017
2.919270
2.555318
56.925789
12.988279
28.674524
0.161195
0.391264
11.423643
0.319152
6.306062
0.000000
13.417274
0.000000
27.816442
72.622620
0.756190
0.000000
0.195313
0.000000
0.908616
0.115392
0.708220
0.000000
4.733759
11.356604
3.799104
1.576904
4.571383
0.000000
5.047631
51.200565
0.910507
0.023866
0.000000
1.570230
1.178535
0.000000
0.000000
11.445284
3.681149
0.539524
0.000000
0.000000
0.000000
0.975616
0.000000
0.000000
35.428925
6.931388
7.752641
6.709827
0.032814
6.791587
0.000000
0.000000
292.856964
2.243655
3.475281
0.192342
0.872319
0.948084
14.747578
5.272180
0.903505
0.000000
0.401697
0.577623
0.000000
1.738808
37.875107
31.505974
0.312121
0.000000
19.464291
0.981155
4.693804
0.651917
4.995587
0.000000
0.014089
0.000000
3.061159
0.000000
0.275699
0.000000
20.013390
0.000000
6.401271
5.982079
0.000000
9.235126
4.076724
3.068366
0.041839
0.000000
0.000000
17.061445
28.905615
0.122040
0.000000
0.000000
28.066761
6.360130
0.387943
0.000000
18.984837
2.399238
0.270828
0.169583
1.108565
0.000000
8.223647
7.419832
0.000000
106.212654
0.000000
0.687711
12.347713
1.147744
3.747549
0.106678
1.272283
16.379713
0.000000
1.442644
5.422200
0.688349
4.598614
99.094971
0.284289
0.035043
2.620474
9.333202
0.000000
0.000000
0.000000
0.000000
0.474371
3.823043
0.296807
0.000000
76.601440
1.759977
0.000000
0.235977
0.000000
0.232082
0.457995
0.446419
0.000000
0.593633
0.178240
4.676463
0.061657
1.625029
0.027533
2.166649
35.281170
0.000000
0.000000
0.000000
0.000000
0.018603
0.237447
155.938934
2.386448
2.343372
4.951177
0.000000
1.387053
0.090851
6.449135
17.009642
0.000000
15.968641
0.000000
29.916933
12.077425
1.349952
0.558338
0.155011
4.955786
3.936936
0.000000
6.169052
7.757712
0.000000
0.000000
0.016228
3.520619
7.316245
0.000000
0.000000
4.873813
1.439079
0.467457
0.520865
0.429234
0.000000
0.000000
0.729044
0.165933
1.317426
0.000000
0.394650
5.074373
5.859576
0.262368
0.629338
14.225047
45.021206
0.000000
304.160767
4.488601
12.657881
2.164223
0.000000
0.000000
1.725406
0.000000
4.615191
0.000000
0.000000
0.000000
0.037652
0.000000
0.000000
13.260776
0.000000
3.129693
2.438202
1.009259
1.154789
0.000000
5.901991
6.617224
0.000000
53.957726
3.526872
2.892770
11.807345
4.865858
18.550369
0.000000
6.306985
0.011501
1.356895
2.302043
2.636755
5.109643
29.633627
6.614970
0.000000
0.000000
0.000000
0.799036
133.889999
0.163959
0.000000
2.410223
0.000000
0.721129
10.639835
0.000000
0.000000
3.051835
4.457556
10.471664
7.827898
3.081576
1.111370
12.646369
0.000000
0.000000
4.785401
0.000000
0.058811
0.000000
3.607931
0.000000
3.857772
0.000000
4.271067
0.324603
3.413716
0.000000
0.000000
3.949037
37.948284
4.595388
0.211356
0.000000
4.058382
0.000000
0.000000
223.129913
0.000000
0.000000
0.000000
0.508111
0.000000
0.000000
0.194251
0.000000
1.290064
0.000000
0.082423
0.000000
57.833633
0.228748
0.000000
187.422653
0.110734
2.206918
62.613083
10.113887
93.453247
1.854220
356.027283
0.802611
1.854355
8.756445
1.933891
0.000000
3.792090
101.125984
34.378162
0.000000
0.358894
0.068002
0.000000
0.011504
6.185640
0.000000
0.000000
1.911034
0.000000
0.000000
0.000000
17.255419
1.366052
0.282816
0.594090
1.932696
0.000000
0.642531
0.000000
9.225753
0.000000
0.000000
0.884373
0.000000
0.456838
0.019487
0.094376
1.262222
3.039176
2.510287
3.792891
0.110185
44.412746
17.103052
22.951435
0.000000
2.686993
1.637677
0.418102
0.805394
0.795263
2.481112
4.393902
0.487193
0.000000
0.000000
0.000000
0.000000
0.136946
0.172154
0.223580
0.000000
9.581089
7.768127
0.424635
0.000000
1.136917
0.000000
2.507461
11.477932
18.325516
0.000000
0.000000
0.032809
0.000000
0.024868
6.565793
0.000000
1.274610
2.788606
0.000000
0.067163
0.033138
6.053568
1.180662
2.538805
30.959621
0.000000
0.000000
8.837577
7.755897
10.077097
0.038037
2.534828
26.907928
14.515586
39.047527
4.576200
0.000000
0.000000
0.000000
1.041707
2.707481
0.000000
1.792943
1.841639
0.000000
0.727411
3.831759
10.853362
23.024567
24.399553
5.535429
2.551367
6.889197
10.215825
4.564799
0.694490
2.593884
21.564989
0.190529
7.733268
0.366266
0.720585
0.000000
7.282474
4.439280
0.257180
0.000000
6.056468
2.552051
0.157428
0.000000
0.000000
0.000000
0.509812
2.251828
0.827516
2.481852
0.000000
6.086035
0.061598
21.389065
0.000000
0.010143
20.293695
0.042073
0.000000
5.579430
3.736383
0.000000
0.000000
0.000000
5.976397
1.800560
413.889771
0.000000
10.581596
3.498491
12.676109
0.000000
18.420637
0.029330
1.509706
2.472348
13.812686
7.287094
13.814425
2.562016
1.138704
0.000000
0.339108
13.016833
2.267799
0.000000
8.691360
20.437639
2.994591
12.351030
6.581963
3.048285
0.000000
0.000000
0.000000
0.000000
3.540577
6.051140
9.709214
16.956213
0.000000
0.000000
0.000000
5.807778
15.397861
29.271078
2.025448
0.000000
0.992224
0.000000
46.353317
5.300212
20.652912
0.081130
0.028684
0.000000
0.000000
18.967012
9.944243
6.244051
0.000000
36.188763
1.800725
0.000000
6.173048
0.000000
1.233612
0.000000
1.148238
95.039398
89.745895
1.690890
61.289165
0.000000
2.624728
0.000000
8.270318
0.000000
16.694836
13.415462
1.935656
1.624906
6.289583
17.765379
4.145223
0.000000
72.726166
0.000000
0.023574
0.000000
2.642370
0.000000
1.946505
1.046698
4.588695
3.694468
0.000000
2.500981
83.949982
0.000000
149.145081
0.000000
0.655358
9.024304
3.539300
8.665412
0.125402
0.000000
0.000000
4.754744
0.637210
0.000000
0.000000
0.370588
3.498661
3.724280
0.000000
0.000000
0.000000
0.000000
0.000000
0.274433
5.216496
25.398527
1.177653
4.363378
0.000000
1.604479
0.265215
0.727498
42.523941
0.837385
0.148579
26.760008
0.000000
0.000000
0.000000
27.296881
0.117603
0.182252
0.000000
5.561562
22.546545
0.000000
1.605780
0.000000
43.179684
1.712479
22.307110
0.000000
0.000000
4.867699
0.000000
46.456329
0.038973
68.212090
5.487351
19.390728
0.000000
0.000000
0.000000
34.407219
1.721126
21.549889
9.521014
0.336784
0.000000
0.000000
1.770683
0.000000
1.149316
0.000000
0.318129
6.535300
0.000000
48.248505
0.034392
0.089019
2.640889
0.160395
3.808310
1.562968
47.328350
95.260178
0.000000
10.347228
0.000000
35.666374
18.369450
0.000000
3.998208
0.265476
0.000000
0.000000
0.000000
8.163248
0.000000
0.000000
0.066381
4.234496
6.222524
6.731229
50.646378
0.984137
0.000000
1.959630
0.000000
11.914415
0.000000
0.000000
7.616544
0.005191
0.000000
0.651981
193.806839
7.358644
4.564068
0.000000
0.278689
0.000000
0.000000
87.734909
2.451630
0.487288
0.864345
2.495675
31.504751
0.704295
5.095089
0.000000
0.238273
2.664910
0.000000
0.000000
98.965416
0.000000
40.352585
6.405963
9.889131
0.617198
8.941177
272.339661
0.000000
13.078183
61.833282
0.000000
0.794955
3.098509
3.162345
0.309172
0.000000
0.000000
167.562836
38.572014
100.454185
31.759537
0.000000
19.660736
0.852945
3.887836
0.017837
0.081501
0.000000
0.000000
16.542517
0.000000
0.000000
2.494281
1.574954
0.814548
15.726583
65.838196
12.052599
1.432567
0.000000
0.000000
0.470652
0.000000
2.236111
0.251069
0.000000
54.976635
0.000000
0.000000
4.817474
15.316795
0.000000
0.000000
18.275330
57.507900
2.142891
0.000000
465.145477
1.923503
0.726523
5.074576
0.000000
57.191494
0.202336
17.720499
4.692230
45.442947
0.000000
0.000000
0.412453
2.470414
131.087753
280.614563
19.678749
0.000000
1.750979
0.000000
0.000000
7.207445
1.176969
0.000000
7.678438
13.457919
3.791601
41.368004
3.720963
2.423281
65.458572
0.272361
21.715401
0.000000
1.395940
1.136215
847.457214
0.764404
0.000000
47.659245
0.143240
0.798919
0.000000
6.565094
0.032867
15.568527
0.637078
0.000000
0.591552
6.260442
0.709274
26.718437
9.882060
4.604087
4.840238
11.784986
2.269838
1.859113
2.422611
4.078683
2.915560
0.161317
0.000000
4.973802
9.749637
4.719302
3.619717
0.626704
21.023478
0.077787
0.000000
0.000000
0.562301
0.096505
0.000000
0.000000
5.448292
3.287788
30.854219
8.541144
0.000000
0.000000
58.962673
0.000000
0.000000
2.136561
0.000000
0.000000
1.842900
17.648539
0.000000
0.612617
0.053911
0.828249
3.448985
11.462073
11.977643
0.149740
35.932568
1.149706
3.645629
3.145888
2.024639
0.932891
0.000000
0.000000
0.700526
0.000000
17.045395
0.000000
1.139138
0.000000
2.177109
15.495407
15.690102
0.000000
0.000000
0.000000
3.799376
0.000000
2.733034
153.465775
51.433216
166.683533
0.820896
0.011898
31.944071
0.000000
40.414063
0.586105
0.000000
1.327852
0.000000
18.321341
0.000000
5.129703
0.019420
0.000000
0.000000
2.872434
0.000000
0.000000
1.065227
0.000000
3.949163
6.467196
0.000000
4.980936
1.183818
1.318550
1.869996
4.240758
0.089228
0.000000
4.276934
0.000000
0.000000
0.234179
0.000000
9.229743
328.561920
2510.979492
35.952133
1.316750
15.582091
2.563184
0.000000
0.828153
23.469152
132.258713
0.156448
10.234675
0.333803
101.625366
0.000000
0.000000
12.293746
54.732586
3.649349
0.000000
3.324800
2.198907
0.000000
0.646531
0.000000
7.734609
4.643281
1.738284
0.000000
0.172591
1.614360
0.000000
6.242775
4.236102
5.091321
1.573581
3.102295
0.000000
9.085009
147.064011
1.566134
0.000000
8.928627
0.000000
1.819230
14.846826
5.654688
45.845402
5.783036
0.285900
1.048119
0.058165
8.046148
0.000000
0.000000
0.082274
0.503079
1.583188
33.836071
0.000000
3.170687
0.029623
0.000000
0.574792
2.675527
5.371953
11.114534
0.312611
0.000000
0.000000
0.000000
12.828199
0.010726
0.000000
0.000000
17.528378
7.195724
0.071694
3.389622
0.000000
5389.022949
0.346781
0.155893
0.744625
1.361720
1.689171
10.223439
1.584235
2.992050
0.062060
2.806127
0.000000
7.357788
21.401455
0.000000
0.076699
347.216827
0.000000
4.655704
13.976662
0.766296
3.690694
44.900585
1.466196
0.000000
0.000000
0.000000
0.000000
0.000000
0.000000
1.240837
0.000000
0.066634
0.000000
224.427887
810.178589
0.000000
12.180389
31.955105
1.758471
0.574814
0.666288
0.000000
4.131518
33.152596
7.720241
1.614288
3.197053
0.000000
4.572690
0.000000
1.214399
2.767661
0.310216
21.425592
5.243675
0.000000
0.306163
0.019809
10.225586
0.958513
1.366223
0.496690
3.427944
0.000000
2.082979
0.349055
1.450842
8.877144
0.000000
23.473797
15.481416
0.012740
2.304587
0.421762
1.974003
0.000000
2.996574
3.957485
14.448407
7.332200
21.329300
6.653393
3.899649
0.000000
0.000000
0.292030
52.871815
3.027161
0.051366
0.025738
1.567901
0.800758
5.512270
0.000000
0.000000
0.000000
0.000000
0.000000
0.918273
6.828051
0.655484
0.507880
2.750631
3.213753
0.000000
6.504811
8.481229
0.000000
3.438717
15.840828
2.296007
0.033251
0.000000
0.000000
0.000000
5.805400
0.309851
0.000000
0.000000
0.124646
23.469040
4.382440
0.000000
0.000000
4.547145
0.022087
0.823997
0.417591
0.149151
12.845972
0.862271
3.383506
0.000000
0.000000
0.000000
0.000000
0.000000
0.168846
0.000000
0.238323
0.408452
0.211889
0.000000
0.000000
0.000000
16.632957
0.000000
7.352147
1.346643
37.047611
0.000000
0.900339
1052.916626
1960.044067
73.400482
5.944858
3.072224
0.000000
0.049070
219.220840
3.073193
0.177431
0.000000
4.334326
6.998190
1.162480
69.275612
0.017262
0.000000
0.507986
30.069508
0.000000
0.000000
0.059680
1.502182
0.260483
0.158285
1.128186
0.022451
0.000000
1.158347
0.000000
1.057878
0.826436
0.161022
0.000000
5.460300
0.721121
0.250684
2.046417
0.000000
87.857124
1.927802
0.000000
0.046167
4.594918
9.353836
17.346251
0.000000
0.000000
8.827151
0.000000
0.000000
0.000000
0.240160
0.000000
1.676606
1.841884
1.240863
0.164523
0.000000
0.000000
0.590380
28.209644
0.000000
2.419750
1539.203125
13.707015
0.390497
9.217453
3.931344
3.204927
7.861689
1.621290
21.552116
9.394962
29.500622
5.312627
4.312500
13.148446
3.213680
2.354526
4.868538
29.667803
17.980726
1.945838
3.259657
164.427734
162.623657
193.512787
0.467680
67.643692
0.000000
8.345485
524.173157
145.728165
2.413203
283.381622
8.095384
3.187543
62.018623
5.594126
13.765937
1.448939
3.705184
4.784036
1.354167
2.442581
3.387597
18.420055
3.696587
2.276042
1.660171
0.521231
1.323280
1.354167
1.332317
23.253086
0.883900
0.000000
0.000000
0.000000
0.000000
0.000000
0.000000
0.000000
0.000000
1.447809
0.000000
0.000000
0.000000
0.000000
0.000000
0.000000
25.455078
4.146646
14.329619
0.998610
188.084137
14.427703
0.000000
28.296804
8.704805
5.477865
0.000000
0.000000
0.111402
3.361036
206.840317
6.241728
0.000000
0.000000
3.375702
8.998351
1.612791
4.672743
2.752007
8.543621
11.107346
0.397052
0.000000
2.935163
0.107827
12.962398
16.143211
0.000000
2.821639
28.510729
0.827528
2.559056
0.017168
4.199539
0.000000
0.000000
0.000000
17.984491
5.432682
11.177826
0.000000
0.000000
2.982452
12.173007
166.775360
0.913593
0.000000
0.000000
1.924245
0.000000
0.000000
35.960594
14.037692
0.000000
10.296366
0.316877
0.000000
0.000000
0.000000
1.966985
83.760468
3.053157
15.447099
0.458426
4.106129
4.372103
0.088854
1.129748
0.799805
4.745816
0.000000
3.626131
0.000000
0.504342
0.321021
2.836400
0.000000
0.462450
0.615054
0.175142
3.666421
0.723087
1.514895
0.341040
0.000000
0.640783
97.112228
0.000000
0.082064
1.096190
0.292887
0.000000
0.000000
4.645741
7.896132
0.000000
0.852989
2.042017
0.000000
0.000000
8.570861
0.000000
24.936993
0.000000
24.027386
65.877548
0.000000
0.012475
10.133366
0.302579
0.035928
19.082056
0.000000
0.910928
2.466042
0.000000
0.024758
0.864850
0.458787
4.093046
0.328001
0.000000
11.076126
0.993198
0.000000
1.392661
0.000000
29.240578
52.886772
0.958170
8.065096
0.085073
128.854477
0.324833
1.568545
0.000000
0.000000
0.000000
33.610859
0.000000
8.313217
16.915594
0.000000
16.628590
3.454019
3.058804
0.000000
0.000000
5.263298
0.000000
2.848784
0.000000
0.000000
0.289461
1.298636
21.392149
0.372330
40.751320
0.880697
0.634223
1.888563
10.387349
11.747227
0.000000
2.686184
22.762474
1.152113
0.000000
66.454895
0.176510
0.000000
0.000000
0.694416
0.000000
0.000000
0.000000
2.009578
10.925959
0.000000
0.000000
0.000000
0.000000
0.058612
3.729349
4.017857
0.537427
0.837247
62.157715
8.323623
0.000000
0.000000
0.000000
19.320663
0.987258
0.000000
3.512296
0.326309
0.000000
0.136018
0.160398
0.000000
3.217895
0.000000
0.145978
4.013277
18.087057
0.229619
0.000000
0.000000
7.525035
13.240278
0.750131
0.205974
3.644007
4.885037
6.139646
1.446997
3.995095
0.000000
34.519527
0.960134
23.003145
2.161655
0.013769
4.854419
1.327551
1.046230
11.918446
0.000000
0.912647
97.078712
6.241416
11.465696
0.387962
0.000000
0.295357
0.000000
61.851368
0.000000
0.000000
0.000000
0.477897
0.149112
5.493060
0.923486
0.696910
0.058105
60.794117
0.637307
1.264603
1.658534
0.000000
1.988422
85.780014
4.295758
117.622322
226.159454
0.046967
1.838013
0.000000
73.600029
10.005496
12.512299
2.244444
0.809761
0.000000
0.131310
5.369926
22.410965
6.558304
0.000000
85.206573
5.068484
0.216324
0.000000
0.083716
2.838088
5.371521
0.000000
0.000000
3.113487
4.669460
0.000000
0.201728
0.000000
0.027944
48.614918
10.174955
5.189826
0.000000
1.237864
1.620385
3.428176
1.534410
7.517585
1.154332
0.000000
3.942202
0.000000
17.270466
0.000000
0.202192
25.605190
103.814034
8.202355
0.000000
0.000000
7.109783
19.295233
0.297802
5.268759
0.000000
0.740463
9.900661
0.000000
16.681892
0.019638
12.245412
292.711151
5.927300
3.953279
6.210126
9.569551
0.000000
4.965516
0.838326
0.000000
0.000000
0.003945
2.033291
0.000000
0.000000
0.000000
0.000000
0.607589
0.000000
1.396067
4.564518
903.820129
1.064215
11.443105
8.171721
0.000000
0.000000
0.063838
0.724100
1.267443
0.000000
9.608481
0.000000
76.072235
6.408759
13.595678
4.802433
240.031601
0.000000
0.000000
0.000000
0.000000
0.000000
0.000000
0.000000
2.394819
2.362393
0.000000
0.000000
3.985966
0.000000
0.000000
5.626629
16.972687
13.257762
30.690273
0.335199
0.547482
17.023691
0.795324
0.232193
2.702016
6.735737
8.983332
21.783466
0.163646
0.208538
8.051392
2.916063
0.000000
0.085536
0.000000
0.768525
0.000000
37.939060
0.529479
0.000000
1.814537
32.076786
3.129822
0.000000
7.371690
0.000000
0.298463
0.000000
0.000000
4.528629
0.157754
30.991610
184.779709
3.929063
0.678882
79.733284
25.919588
7.214461
3.269945
0.000000
6.962034
17.930380
151.808136
1.495988
534.542297
46.958431
0.000000
1.478301
3.036464
0.000000
2.568713
5.306195
26.936193
14.897107
0.000000
2.706742
19.141781
0.000000
0.000000
0.000000
2.621105
0.858538
96.488625
0.000000
0.000000
5.957632
0.000000
8.713646
0.000000
5.834785
8.205384
0.108959
14.499804
0.000000
0.000000
0.000000
0.000000
0.000000
0.000000
0.264248
0.000000
0.000000
103.068161
6.649566
0.000000
0.000000
14.354310
1.315063
610.817871
0.000000
3.469440
0.000000
2.464500
1.211246
0.279861
0.000000
0.578254
0.000000
2.463391
0.000000
4.737861
5.973156
0.000000
0.000000
1.224649
0.000000
5.298835
1.002820
0.000000
6.352318
0.000000
0.000000
0.000000
0.000000
0.000000
0.000000
7.364334
30.597374
17561.189453
0.660742
20.595894
46.236088
71.026962
0.000000
7.207254
3.040020
0.000000
0.000000
2.230752
0.000000
0.000000
0.245311
0.447580
0.000000
0.000000
2.471345
2.309880
31.117273
0.018071
0.762181
31.524559
37.694176
34.503429
1.218157
0.037855
3.578882
0.561732
0.000000
0.858318
0.064717
2.605762
0.000000
32.400959
6.827816
0.885237
0.000000
0.000000
0.000000
0.079995
0.288939
0.706601
8.199224
0.000000
1.563262
2.021979
12.505695
17.011263
10.607102
6.464850
33.681141
1.380574
2.617208
3.376602
0.000000
48.911083
33.929493
23.863796
10.694976
13.055036
0.000000
0.926389
116.142982
4.758597
23.063625
0.000000
22.395901
8.653668
20.712370
0.559446
625.596130
0.000000
0.825979
10.554879
2.951250
0.000000
11.975750
0.000000
0.835934
6.587147
0.000000
0.000000
0.000000
0.200753
14.975430
0.000000
1.603126
92.470680
16.496706
0.021036
0.187836
23.388741
14.427557
2.081157
72.514587
0.000000
0.000000
119.491806
0.000000
24.128777
0.302632
0.000000
0.000000
1.302152
0.382062
0.000000
0.014675
74.993858
28.082539
1.629680
0.810031
0.000000
70.397247
0.000000
0.000000
0.000000
2.176903
0.000000
0.000000
3.525079
7.518367
11.664361
0.000000
0.000000
1.811584
0.000000
0.182747
0.000000
0.000000
0.000000
46.948780
93.231125
0.000000
2.276648
0.392797
0.000000
7.753272
81.641479
2.635112
0.007391
3.280602
5.687709
0.292175
2.697162
0.000000
0.000000
99.223541
0.373122
0.000000
6.668196
0.000000
6.374402
12.871367
3.353567
28.531479
0.028046
0.000000
0.000000
0.000000
1.596686
0.000000
0.296231
3.881091
0.188505
0.512909
2.431773
0.184259
0.020249
0.385898
0.000000
0.793934
0.220996
0.000000
0.000000
0.497232
0.720537
0.000000
6.365782
3.759634
0.000000
23.620348
16.598753
14.257719
8.204571
0.770352
0.000000
5.758990
0.000000
6.708282
0.000000
0.000000
0.000000
1.022419
0.000000
0.000000
6.838494
0.000000
0.000000
3.699824
55.711800
9.091861
0.074340
3.134820
119.068016
0.000000
2.997219
9.237988
1.587780
0.000000
0.000000
3.135139
0.000000
10.312691
0.000000
5.468508
3.223257
15.315291
0.168855
17.561848
0.190930
0.000000
0.286953
0.334866
0.072234
47.987309
9.727533
0.000000
0.543627
0.000000
10.794109
0.000000
0.000000
0.000000
2.538294
0.787944
0.389312
1.849572
0.000000
10.989092
32.685219
0.000000
66.300529
4.834866
1.240885
1.143739
0.000000
0.000000
123.181953
0.000000
5.222915
14.382854
1.002377
6.832788
0.000000
0.155680
46.558655
0.654846
0.000000
0.000000
3.900481
0.910108
139.946350
37.603115
56.943100
3.180921
2.792081
4.450652
0.402786
3.138281
0.000000
0.362434
1.117498
6.962877
0.181172
0.000000
0.000000
23.736204
0.000000
1.156446
9.262190
17.331890
0.883432
0.000000
0.000000
0.633993
21.570303
1.134339
0.000000
0.000000
3.194442
2.064027
11.098053
2.168855
7.235698
0.438981
47.368259
3.204218
0.000000
0.000000
2.128648
7.289303
1.091194
0.000000
6.823501
7.975224
56.263428
1.677518
19.962366
1.330526
2.644256
28.580305
0.000000
0.000000
1.385880
0.000000
0.000000
0.003370
1.673516
2.149274
0.000000
0.000000
0.356384
4.926604
0.000000
5.917072
20.940229
0.000000
0.824237
7.280028
1.997461
0.675353
1.931688
0.000000
2.773743
1.882963
0.000000
2.488495
0.000000
10.597854
8.201340
10.690733
0.922858
0.000000
0.000000
0.786682
22.085199
0.000000
4.159148
0.000000
4.633389
0.080200
0.000000
496.376678
0.000000
1.339905
3.827118
10.715164
0.384272
2.517576
0.000000
0.000000
1.973010
0.000000
2.158323
0.000000
9.820240
9.257114
20.080463
0.000000
6.126241
3.728685
0.682455
2.531343
0.946700
630.474792
0.000000
0.000000
0.000000
0.000000
4.308027
6.191343
8.936011
0.000000
0.000000
0.000000
2.095124
1.721481
0.059195
0.000000
3.294716
0.000000
8.407075
0.128348
0.000000
5.596102
0.447631
3.239855
0.000000
12.439355
5.307551
0.000000
2.445114
3.755559
0.000000
0.000000
16.452555
8.676326
26.756012
0.000000
0.000000
0.000000
43.918316
11.811971
0.000000
0.000000
0.297907
21.005043
0.000000
676.939514
8.508528
57.902988
0.000000
0.993950
31.528616
0.000000
3.593085
0.000000
0.000000
6.242386
2.337606
0.000000
0.827651
8.817499
66.902817
354.448120
130.009567
0.390134
5.665082
0.918720
8.609542
4.777812
4.544587
9.503999
0.000000
16.647442
0.000000
31.272785
0.000000
2.963798
0.000000
0.617528
0.719782
0.000000
25.083647
0.000000
0.000000
31.400719
2.156900
0.000000
0.000000
1.194757
0.205578
8.113840
3.741431
0.000000
0.000000
1.113954
0.000000
0.000000
0.841578
2.276057
17.975615
20.008558
0.000000
1.849929
0.273285
8.819373
0.000000
0.000000
0.044694
7.723526
12.735563
8.053493
0.389489
37.704834
0.000000
2.073188
0.000000
0.100007
10.526160
0.421152
5.333971
10.310716
0.506256
6.794268
5.881139
0.051233
9.649632
0.000000
11.797715
2.674318
0.000000
0.337148
0.418302
0.000000
7.141504
0.000000
0.000000
0.000000
7.942759
7.680714
1.690591
0.000000
5.256847
0.000000
966.193604
4.423077
92.797874
0.228793
0.000000
0.000000
1.239365
24.589216
0.000000
0.000000
1.730507
0.264546
7.054983
2.737945
91.582024
40.572762
0.000000
0.000000
0.100358
0.000000
0.000000
0.906702
3.240751
10.023264
1.023455
3.982387
96.833138
0.461672
12.817376
6.542952
0.195107
0.000000
0.000000
4.841913
10.453391
3.565943
9.370924
0.000000
5.927658
4.379196
23.845388
5.716310
0.000000
0.763480
472.770905
0.000000
0.000000
26.155598
0.000000
0.000000
19.126926
4.182178
10.060985
4.601756
1.753415
6.097698
0.000000
18.695837
1.670434
0.293433
0.000000
1.542243
56.726387
20.355627
0.000000
0.000000
6.858397
0.000000
3.781968
155.568985
0.000000
0.000000
8.724756
1.544007
0.000000
0.187483
5.759078
0.000000
29.938761
3.900713
0.000000
0.000000
0.735722
0.000000
0.000000
0.000000
5.786394
0.019663
0.201607
0.511543
30.896858
8.675412
0.000000
0.000000
0.000000
0.000000
7.939854
2.434052
40.715759
0.000000
4.309847
0.000000
0.042497
0.912876
2.857138
0.000000
0.267967
3.246582
0.001676
2.467723
0.807438
0.000000
24.693495
5.683170
0.624980
0.000000
0.821665
0.000000
0.000000
0.598445
4.770953
0.347979
3.395608
8.845792
0.000000
0.000000
0.483674
0.000000
9.464504
1.332828
0.000000
8.140275
0.000000
0.000000
5.586485
50.665268
0.000000
0.000000
20.458817
0.000000
2.499501
0.748529
0.257351
0.000000
0.029236
0.000000
0.000000
0.000000
0.000000
1.802930
0.000000
15.406856
0.000000
0.000000
3.944357
7.382765
27.668596
29.347122
20.336563
0.000000
4.387265
8.548069
2.946834
0.000000
0.000000
4.849780
2.732886
0.600630
11.852451
10.048393
0.251176
0.000000
0.000000
6.043152
0.000000
0.000000
4.544562
0.000000
5.534987
2.389010
3.448358
0.000000
59.717190
7.878202
2.197919
0.000000
0.000000
0.000000
0.396813
50.338108
0.973610
1.788163
145.312759
306.843842
5.665764
8.260588
10.895021
14.780969
0.173633
8.998791
40.701176
90.152954
1.864875
3.653516
0.000000
35.636616
0.590703
0.000000
0.385225
0.000000
19.117590
4.442831
0.000000
0.028091
0.000000
1.811605
1.406860
0.446202
1.465148
0.099374
0.977153
8.026111
0.288577
13.956122
0.458927
128.792435
0.000000
20.037071
0.000000
107.387520
0.000000
0.000000
43.231548
5.302353
0.000000
0.000000
27.203682
0.106307
1.081276
0.000000
0.600629
0.000000
2.451235
0.000000
8.498873
0.000000
0.840975
1.401708
2.148476
0.000000
0.843115
13.029642
0.000000
79.646690
25.145121
0.545810
132.853622
0.000000
0.885696
0.000000
0.062857
1.878045
0.000000
1.032629
0.000000
0.505360
1.056950
28.969179
0.000000
0.000000
6.250620
2.334345
371.322968
1.052973
0.000000
2.897128
23.330826
0.000000
0.000000
47.421547
39.894997
0.000000
0.000000
4.935561
0.000000
0.422432
4.513510
1.877638
0.000000
2.461653
9.579935
4.432631
6.793825
1.135862
0.000000
0.384475
2.804921
2.805975
0.000000
0.000000
3.220731
1.130621
4.494799
1.034613
0.000000
7.764407
9.823860
0.000000
0.344597
0.000000
0.002092
9.089473
0.000000
1.823018
0.000000
1.746409
0.949205
0.728889
12.272854
28.570574
0.000000
0.000000
4.214759
12.529683
35.607986
8.869760
4.042879
0.516856
0.000000
0.490603
12.191765
0.955366
0.436621
0.536541
4.292694
28.344873
0.380876
0.000000
0.000000
19.309956
0.853383
7.377055
153.985550
4.621422
0.705895
19.638250
0.000000
0.306579
6.802503
0.568127
0.377420
0.000000
3.681956
0.000000
0.639010
2.705772
0.000000
6.421618
0.000000
0.000000
1.156587
3.596183
0.690130
0.000000
24.621546
0.000000
0.000000
6.284116
0.000000
0.314660
0.604611
0.000000
0.000000
1.488035
5.746419
1.083517
0.000000
0.000000
46.383541
0.000000
0.000000
0.000000
0.054140
0.847495
0.226906
0.119676
0.183552
5.032357
2.234960
10.498338
0.000000
0.000000
0.179330
115.568901
0.000000
13.551236
0.000000
17.547667
0.000000
0.000000
7.294766
0.128399
0.558258
11.359433
59.575481
0.559533
0.082586
18.554323
0.956152
5.159694
2.349615
3.749538
3.775037
11.224209
240.792374
10.611206
0.000000
0.958041
0.714803
0.940849
0.136938
0.000000
0.000000
4.679984
1.841585
1.982648
16.120848
0.000000
0.000000
0.000000
0.000000
0.000000
0.817350
25.846233
0.153091
0.000000
17.064693
2.324523
0.000000
0.000000
0.000000
19.046320
35.503307
0.110185
0.000000
12.093631
3.574369
19.434439
0.051898
0.029675
5.043467
0.000000
0.000000
0.260450
142.707260
0.000000
1.865038
3.648038
0.032457
0.170730
0.784745
0.000000
28.248850
3.322641
0.000000
0.000000
6.612636
8.911630
19.325136
0.000000
0.000000
0.000000
25.169985
3.279943
13.810965
0.000000
191.673218
26.856647
0.368153
0.000000
19.520403
0.943011
6.789830
0.000000
2.010736
0.446696
17.054361
7.044523
14.317348
0.000000
7.633485
5.593838
0.982522
0.000000
0.000000
0.000000
0.819610
0.000000
19.909332
0.000000
0.000000
0.616649
3.418391
6.904663
0.544409
0.000000
10.617178
2.993608
0.000000
0.188338
0.000000
0.978449
0.000000
0.119687
0.000000
0.000000
0.000000
0.000000
0.907540
0.404171
0.000000
6.272561
6.664281
0.000000
0.000000
1.544896
0.705233
11.076451
1.342959
7.632055
10.495500
0.000000
37.442749
4.420173
0.000000
8.849505
14.424521
6.671426
3.816193
1.367401
0.000000
82.995674
1.738801
0.136267
0.000000
2.316149
0.000000
11.613780
26.486305
0.000000
1.765540
1.056352
16.228640
1.231249
3.511837
0.000000
20.236937
0.324762
0.206145
2.512091
0.000000
2.102664
0.228592
1.338723
1.872061
0.085287
11.772390
11.438208
0.000000
7.328144
0.000000
8.255984
4.346796
0.000000
0.000000
19.722504
2.305654
8.211126
0.000000
1.739486
3.734499
0.070228
0.000000
0.000000
35.022720
0.000000
23.962851
4.489083
1.090319
1.122103
0.286845
0.000000
23.863020
0.000000
9.142115
1.507488
0.000000
0.000000
0.637959
0.000000
1.454860
2.661927
9.920063
0.000000
5.148842
1.203240
0.000000
0.119820
0.530118
0.000000
6.984560
0.051099
0.000000
0.000000
2.314658
1.210923
0.000000
0.000000
0.148707
114.404442
7.719205
8.055008
0.211357
10.075283
0.000000
72.171806
0.000000
2.828768
0.150253
84.902428
0.000000
0.000000
13.981179
0.000000
3.294376
36.775326
0.000000
109.767723
2.259920
0.000000
0.495117
19.342970
7.564742
0.000000
5.440441
0.025059
3.248523
0.000000
0.000000
3.461285
0.218225
7.127376
0.000000
0.863368
9.503683
8.065301
8.343628
54.590897
14.521721
5.055100
0.062701
0.000000
6.244255
0.000000
4.639395
0.000000
7.151299
0.000000
93.331001
7.170919
0.000000
0.240141
1.930792
0.341140
0.096770
3.059029
3.557704
33.009621
4.085580
0.000000
296.622498
0.897392
0.000000
0.803634
0.000000
0.000000
0.000000
0.000000
84.177864
0.259316
0.330231
6.885938
3.464301
4.950217
0.362212
24.483185
0.000000
0.295177
0.000000
0.000000
0.000000
0.284755
0.000000
0.000000
0.000000
11.331886
0.000000
0.000000
2.826126
0.370465
2.032763
0.041333
0.597418
2.364129
0.366911
0.323742
3.175012
12.402010
17.855732
19.814430
5.714037
0.194099
11.828372
0.000000
1.055457
0.508587
0.000000
1.848923
0.278293
0.000000
0.000000
14.654943
4.152643
0.000000
1147.765625
8.200790
0.705038
1.908974
56.591221
11.440359
5.953624
0.000000
0.314919
5.467459
6.656477
2.442635
0.000000
0.000000
29.362137
4.781418
6.993886
0.880369
9.764886
2.135821
0.000000
29.525072
0.280848
1.342496
0.726672
0.000000
0.508034
0.000000
0.435993
8.117532
6.884554
0.223276
7.318981
0.737667
0.000000
4.768750
1.390921
0.000000
0.000000
0.000000
0.000000
0.000000
0.000000
52.762779
5.009279
42.474983
32.509972
0.000000
4.859262
41.153896
18.918777
0.000000
0.231402
18.457605
1.792606
0.000000
11.657145
14.360093
0.000000
4.828383
0.000000
0.000000
0.000000
3.100265
10.292871
1.112380
5.126981
3.320665
3.983040
3.026906
0.000000
0.000000
0.843277
0.000000
3.412707
0.000000
5.756554
1.961697
0.183524
0.031361
4.909731
0.192894
147.085052
0.000000
1.239125
43.743855
0.000000
0.000000
0.000000
0.257518
0.000000
0.639138
10.124176
0.000000
0.000000
1.443268
0.353805
25.975187
8.799502
0.000000
0.000000
7.134929
0.000000
0.000000
0.000000
68.053139
1.601817
2.881957
262.765381
17.456839
2.268890
0.000000
0.000000
0.000000
0.000000
33.210304
55.801296
0.000000
55.326607
6.908484
0.236104
0.000000
2.806974
0.677340
2.558828
68.248550
2.872957
0.000000
1.031740
1.670744
0.000000
0.000000
0.066480
0.000000
6.911819
0.193706
0.000000
1.092161
2.769442
0.159679
3.369570
2.356789
10.410862
0.770709
0.698078
0.000000
2.070327
0.000000
2.759330
0.000000
0.000000
23.830774
0.000000
26.263044
0.000000
0.444719
0.022491
29.274080
0.000000
0.000000
0.000000
7.881905
0.000000
0.000000
0.007114
0.177018
0.385079
3.722381
13.857478
1.573572
1.207146
17.978121
0.000000
0.319280
0.000000
0.000000
0.608203
27.163902
1.500743
6.122307
14.200869
2.657382
0.000000
0.000000
0.000000
5.286630
8.067822
3.855559
0.000000
0.000000
14.540428
0.000000
0.000000
0.000000
2.066077
0.000000
0.000000
0.000000
0.906902
0.000000
0.000000
0.000000
0.000000
3.973840
1.437500
1.014081
0.000000
57.735466
0.000000
0.000000
7.823546
0.000000
3.730865
2.989956
1.963636
4.742220
2.356513
0.000000
3.447427
1.194283
0.031638
0.000000
28.904814
0.000000
24.772219
2.107253
0.112536
0.000000
0.000000
0.000000
4.520544
4.026098
6.997015
4.955517
0.000000
1.877895
12.108814
0.000000
1.353619
0.000000
0.535894
16.675777
1.423814
17.597403
0.325292
10.213006
5.854239
0.068682
0.000000
1.729396
0.555914
0.000000
0.000000
5.724951
0.860411
3.554666
14.039656
17.093645
0.000000
1.192048
0.000000
17.523540
0.000000
9.132605
6.423451
0.000000
104.640068
0.000000
52.834148
0.000000
0.000000
5.040592
8.230680
0.000000
1.236979
0.256696
0.194232
2.094165
1.149642
0.000000
0.000000
0.000000
3.090306
0.000000
2.133146
0.000000
0.945408
6.371162
7.851336
5.262026
2.802647
18.506346
0.491350
2.455237
1.988714
4.111174
4.847550
1.442353
1.353104
4.690665
0.000000
55.241474
0.087348
0.053449
13.444164
0.000000
8.255125
6.499207
7.646930
0.000000
3.079643
0.152920
0.236813
5.749769
0.000000
2.407941
3.749324
1.644735
11.839815
0.000000
15.883672
1.074628
1.814354
3.571233
3.104013
0.000000
1.817874
0.000000
2.864358
8.990025
0.000000
7.425758
0.000000
3.192462
0.000000
0.000000
0.000000
0.000000
4.335317
10.465216
169.208542
11.298019
13.222902
0.266225
0.000000
0.000000
0.472979
13.988267
1.734842
7.167559
6.937640
0.000000
0.000000
3.541547
4.627075
0.000000
1.487256
15.071177
0.131791
0.000000
0.000000
1.821891
25.366129
8.218025
0.000000
14.293665
0.000000
0.000000
29.296738
0.000000
0.000000
15.734878
0.000000
15.293388
0.000000
0.000000
0.000000
4.295289
4.393952
2.273312
0.066565
0.000000
0.000000
0.000000
0.000000
4.519633
9.005197
4.552083
1.490410
0.000000
0.707508
0.000000
0.000000
23.224720
0.000000
0.152454
0.000000
5.373109
0.000000
0.000000
1.939538
11.975815
0.000000
0.098063
32.698959
2.115749
0.000000
0.658656
21.091866
1.837443
5.946117
0.148884
9.607684
2.548249
38.809925
0.000000
0.285445
0.000000
1.656221
1.139245
10.303877
0.000000
0.000000
34.235855
0.000000
0.051379
0.000000
0.000000
0.000000
2.403013
0.037163
66.435776
23.350163
0.000000
14.280876
0.000000
0.019046
3.827448
7.105103
0.053977
7.211984
0.000000
0.000000
0.638204
5.966012
0.983404
14.414583
0.000000
1.754457
0.000000
0.962058
0.000000
7.797145
1.283921
0.218151
32.774998
0.000000
44.781994
3.226233
1.902415
2.481577
6.112218
12.369314
0.000000
2.618196
16.304876
1.691494
0.000000
6.959164
24.854519
1.629546
2.114660
3.853867
9.738711
0.000000
0.050322
0.000000
0.000000
0.000000
0.000000
11.593803
0.000000
1.902394
0.000000
66.497467
6.932700
47.932285
0.754330
1.216317
0.000000
1.154425
0.000000
0.999634
0.579419
92.957436
8.727677
9.917354
0.526145
0.000000
0.000000
0.000000
8.687632
1.589561
0.155185
0.178961
0.000000
15.071361
0.185126
0.000000
3.171214
1.330564
2.411151
0.000000
0.000000
0.000000
6.654039
0.000000
3.396187
9.721785
22.950350
1.087276
1.649141
1.980942
24.949797
13.274648
54.380459
3.650916
0.515664
7.743354
0.282005
171.429916
8.013604
0.000000
0.612426
6.548425
7.141089
25.070330
0.000000
0.000000
12.388881
0.000000
2.433734
0.659624
7.015126
6.203603
1.872040
108.248764
0.361951
0.000000
17.706434
4.982605
6.541446
0.000000
1.104753
0.000000
0.000000
3.454027
0.000000
0.000000
0.000000
3.259599
0.000000
0.000000
0.153075
3.383983
0.000000
10.589555
0.000000
1.667107
4.839972
0.000000
8.047264
0.045272
0.000000
0.000000
0.000000
0.000000
0.000000
5.307271
2.603384
0.979358
0.613112
0.000000
0.000000
0.000000
1.142474
14.427536
0.028780
2.131025
40.416843
1.606486
11.285903
6.947525
12.575816
0.157143
1.732483
3.370133
0.052243
0.000000
0.028811
2.551542
154.337570
8.932089
0.000000
0.000000
10.263547
0.000000
0.000000
0.000000
0.917884
1.298776
0.000000
0.000000
0.000000
0.000000
0.112120
0.000000
2.404453
22.693966
228.314697
0.000000
14.502097
0.000000
0.000000
0.666672
0.563224
23.105518
0.000000
0.211836
6.813175
1.860396
0.000000
0.000000
20.768490
0.947718
0.000000
7.216386
0.000000
0.000000
0.469366
0.000000
2.436300
2.106363
0.000000
3.180960
0.288325
0.000000
0.000000
0.000000
0.000000
1.996490
32.436234
0.000000
0.155804
1.931349
1.141614
57.415134
0.000000
4.710653
0.000000
7.317740
0.373827
56.207111
0.816497
0.192840
49.991585
0.000000
54.135414
5.891202
0.000000
0.000000
0.000000
0.000000
47.726410
0.000000
1.100044
0.296244
0.938964
0.459369
6.666772
0.000000
0.646176
19.985922
17.840260
0.000000
0.607665
0.000000
3.178040
5.014530
7.913290
21.547857
0.279036
3.378734
0.000000
0.000000
0.000000
42.775467
11.313809
7.913036
20.530800
0.000000
10.719589
0.205111
4.939061
5.616738
0.000000
0.608094
21.897249
0.000000
0.000000
0.181428
1.954567
0.000000
5.456089
0.383728
0.000000
0.000000
0.000000
0.000000
0.000000
0.000000
0.529580
0.000000
1.865100
1.063728
0.000000
0.000000
1.831796
179.287125
17.038059
0.000000
3.652264
0.039021
5.175167
2.511578
45.862450
85.107941
2.097743
133.746536
1.535224
0.000000
12.691624
5.813630
4.987545
0.000000
1.029029
0.249082
0.000000
33.306877
75.724648
0.000000
0.764648
0.000000
0.000000
0.546428
0.778403
3.853329
42.241070
0.000000
0.000000
0.089658
268.648285
0.000000
2.428040
0.000000
11.443736
0.000000
0.067647
36.826515
0.000000
5.024966
2.285837
3.494275
0.043630
0.000000
77.659958
6.455939
7.536260
7.231599
1.132067
78.253326
97.430672
2.363540
74.359207
21.579521
1.004486
14.214413
0.000000
39.860302
192.767242
0.598415
0.000000
4.101486
1.616802
1.921883
0.000000
6.917307
0.000000
7.102644
1.140021
0.000000
0.000000
16.884418
0.000000
0.092995
0.000000
0.000000
21.030945
0.000000
0.000000
3.415564
0.559269
12.983907
0.000000
0.000000
0.000000
3.407049
2.342280
0.000000
5.359128
0.000000
15.700493
1.808470
0.000000
74.044655
3.028892
0.528098
3.573678
1641.627197
0.000000
0.000000
0.655116
0.000000
7.373116
5.374610
0.460093
0.046617
0.000000
0.000000
9.131322
102.454323
0.000000
259.383789
1.614974
1.805889
38.843834
1.459532
0.000000
0.000000
0.000000
0.000000
8.530397
39.412762
0.000000
2.531497
0.007818
1.539693
17.148441
4.383060
0.000000
1.920375
0.000000
1.617561
11.668648
0.000000
0.000000
15.925138
0.000000
7.093548
4.307188
0.000000
0.000000
5.609882
39.315449
26.079266
3.062758
0.000000
0.000000
14.205064
0.000000
2.196182
0.000000
0.231474
0.000000
4.379637
0.000000
4.221827
0.000000
0.000000
0.000000
0.604596
1.213151
1.791529
3.344443
130.429672
24.811388
0.037589
49.099033
86.891060
1.485482
487.946228
0.000000
0.000000
1.230830
124.422874
1.927003
0.000000
0.000000
0.000000
123.830833
10.723406
0.000000
0.000000
1.995311
0.262417
78.418404
6.633282
66.935684
37.439293
5.019552
0.000000
0.966552
0.000000
14.304436
0.293425
0.000000
0.000000
1.873956
21.769480
0.809709
0.448036
0.216870
6.226248
0.000000
0.000000
0.000000
189.143448
0.068370
4.019268
1.488874
0.000000
0.000000
0.000000
8.839804
0.000000
10.644074
4.548561
11.859825
0.097475
0.704049
0.000000
3.452274
122.582275
78.979980
44.453068
12.899796
4.325222
28.543940
0.000000
0.000000
0.000000
3.337465
2.550158
0.000000
24.681488
0.000000
0.000000
0.007625
0.000000
0.000000
0.000000
10.142347
0.135566
2.532403
12.808663
0.000000
1.192388
24.042007
3.304699
0.798968
28.411757
1.597742
11.072504
8.828583
8.156906
0.000000
0.000000
23.911682
0.000000
25.765749
64.191467
7.699952
0.000000
37.133320
9.359475
722.871643
0.000000
1.327633
86.631889
12.766203
0.000000
27.327566
12.382818
0.000000
0.000000
19.264008
4.979856
7.517128
24.899542
0.000000
0.000000
6.136880
0.819383
0.000000
0.000000
97.645050
15.415895
7.567843
0.000000
0.012331
0.702662
2.073954
3.907543
0.000000
1.874273
12.360177
0.000000
0.000000
0.337366
0.000000
1.177017
4.577238
79.291756
14.922493
3.598402
0.000000
1.564330
3.282719
8.809340
1.012836
0.000000
28.293224
0.000000
77.562309
0.000000
1.713910
0.000000
14.281818
5.377077
17.606081
21.093554
0.661075
0.000000
2.511550
0.000000
2848.742920
0.000000
0.926424
185.834854
0.338097
6.833108
18.374140
19.413754
0.000000
1.003549
24.723667
44.604370
29.339132
0.231710
0.000000
137.959991
19.330458
0.000000
0.083027
37.337601
0.000000
59.962147
28.544403
6.090516
1.140076
1.019828
0.401169
0.033275
1.003184
0.778809
9.205088
6.107593
0.000000
0.000000
2.705705
0.000000
0.000000
0.400682
41.316090
259.421722
12.319076
15.402971
2.049927
7.041296
0.000000
17.794487
19.725964
0.526878
42.572243
0.000000
17.960344
0.000000
0.033782
0.088801
0.000000
0.000000
4.346570
0.000000
0.000000
4.552660
0.000000
0.000000
0.000000
0.251345
0.102397
4.172798
2.786276
21.047386
20.832775
1.888567
8.804585
0.000000
6.443566
1238.388672
0.000000
22.528639
1.620430
0.046581
0.351766
1.012736
18.458508
0.000000
0.000000
0.000000
3.705874
2.304725
0.000000
4.609150
0.000000
4.766973
6.337584
107.067482
7.691600
1.118298
261.893219
179.814606
0.000000
0.000000
0.000000
0.176437
0.000000
1.436515
0.000000
0.174902
3.932474
81.833023
3.191810
3.718733
0.000000
0.000000
0.902222
1.036553
2.489812
3.987206
4.801054
0.000000
0.961708
0.000000
5.063815
1.955985
0.000000
0.000000
40.523655
18.754663
72.345024
44.603901
0.000000
0.000000
0.478160
76.216652
4.608624
0.140455
0.759020
0.000000
0.000000
0.194436
0.000000
8.032768
6.345106
0.000000
3.237106
2.275825
0.923572
15.590777
0.000000
0.000000
6.117807
0.000000
3.554981
0.296033
7.311759
3.616422
2.338613
1.526313
0.654157
34.864239
0.000000
0.024962
0.689352
0.000000
1.030644
0.000000
1.501141
0.079147
2.117668
5.290057
0.000000
0.000000
0.000000
0.000000
0.000000
0.000000
16.487860
3.160787
2.006389
0.000000
0.000000
0.357604
0.018415
0.899839
4.662599
0.286552
1.980071
1.346426
5.096267
0.000000
0.000000
7.763727
9.889725
2.815282
0.000000
0.000000
0.000000
3.179092
0.023908
0.000000
12.279768
2.899529
0.000000
6.518340
2.903251
3.786839
0.000000
24.654284
12.238064
0.679339
1.073148
0.000000
0.000000
0.288995
3.759224
1.985039
0.457548
0.039960
9.125819
0.000000
0.207225
0.055940
9.257979
0.088121
0.906665
2.014924
0.000000
2.719182
14.678251
2.314584
0.000000
0.000000
0.000000
0.000000
0.133339
0.563223
0.127210
106.593094
25.521496
0.000000
4.735490
19.136978
0.142948
4.643188
1.246735
1.133276
13.059338
0.942952
0.617488
0.654378
0.000000
9.857885
0.749790
4.391127
0.000000
0.000000
45.820484
0.063201
0.064606
0.000000
0.379678
21.649429
0.000000
5.404185
15.478483
5.208328
1.400864
2.564286
0.000000
0.981798
0.351535
0.000000
0.650152
6.183690
2.771661
65.565735
7.782598
2.930333
0.000000
6.414237
3.844421
0.000000
3.990828
0.000000
59.531570
3.149178
72.986061
1.052565
30.759558
15.831362
492.591675
0.000000
0.000000
1.284616
0.000000
0.000000
2.486525
0.000000
1.345366
0.845388
33.459309
59.768158
31.595551
2.083110
0.000000
16.019348
0.000000
5.346943
10.452335
10.994690
0.000000
0.260302
1.370430
12.960218
0.000000
0.777315
2.029784
0.907856
12.865012
0.187728
10.871756
282.746826
0.000000
0.000000
0.000000
0.374610
126.608818
0.028872
77.438469
4.423599
0.345816
0.000000
167.569611
0.000000
34.479950
0.000000
1.341154
80.710663
26.096018
2.772842
0.000000
40.900352
1.860634
0.000000
10.058658
1.902705
0.000000
4.352138
1.032491
3.519516
8.549144
0.000000
0.000000
1.772208
1011.419250
2.804466
87.616402
0.000000
15.927855
0.000000
8.262423
0.000000
2.298118
7.647898
0.000000
0.000000
0.000000
24.681269
45.000782
0.000000
0.000000
26.608643
0.729777
0.894444
44.632473
129.992523
0.000000
0.509395
134.823456
0.000000
1.368593
33.708485
59.859783
0.000000
0.440268
0.000000
21.893835
103.437569
0.000000
0.000000
0.012881
101.071320
9.597323
27.573193
0.000000
2.686690
2.811991
7.673733
8.222415
0.378834
0.000000
21.183123
0.188188
2.687387
0.000000
1.099041
0.000000
0.000000
3.011601
0.281444
0.000000
0.000000
87.511925
1.272305
3.520517
128.931992
6.095827
0.215980
0.000000
6.386377
1.997114
0.000000
0.000000
0.000000
0.000000
0.000000
18.239656
0.667969
8.748244
6.853711
4.027151
122.678856
0.000000
16.993652
144.190765
2.921573
0.000000
9.592875
0.000000
0.000000
28.329220
0.000000
3.823938
1.303699
0.000000
0.768977
0.269445
0.000000
0.000000
0.000000
7.821689
0.000000
2.730532
12.283033
12.042041
74.335983
6.059290
0.420345
7.815933
31.911615
8.590021
0.000000
174.416306
0.000000
0.351233
0.000000
0.000000
0.755578
0.320636
10.522823
2.396577
0.000000
6.278766
0.054224
0.000000
0.575546
37.239956
4.228103
1.451487
0.070804
0.000000
0.662077
1.661295
0.000000
0.000000
0.000000
0.000000
58.986351
0.000000
4.708495
0.315458
0.000000
21.685026
10.661182
2.450226
0.000000
0.000000
2.048763
0.498818
0.000000
2.341386
0.000000
0.000000
1.099941
9.619428
1.000837
2.347299
0.000000
0.000000
3.443135
0.000000
28.191301
8.686134
13.795976
7.551002
2.046912
9.511872
4.979504
0.492369
1.560821
0.000000
1.414151
1.880687
0.475835
0.766192
26.561306
0.000000
0.000000
8.851583
6.299924
7.612957
2.611717
0.000000
0.000000
0.000000
0.000000
0.189036
5.785522
62.500820
9.238586
13.181706
0.250623
1.527853
10.989532
0.000000
0.211889
7.880935
0.000000
13.718131
0.522611
18.280670
4.072377
0.000000
1.199077
2.556720
0.000000
1.142900
0.093293
0.422282
0.000000
0.000000
0.000000
15.899279
1424.645752
64.821121
242.819260
4.664032
0.000000
6.141330
0.000000
1.420658
0.739896
0.532654
0.000000
21.089918
26.838648
32.918396
35.647270
2.047706
4.269882
0.000000
12.194777
0.000000
2.755427
3.453307
0.000000
12.476862
1.266272
28.210558
2.454292
2.636562
1.972155
3.368343
25.307188
11.661824
10.053512
0.000000
0.486529
0.000000
20.252502
23.476055
10.106194
1.292607
1.834425
0.795403
0.000000
43.397438
0.843123
2.008929
0.451861
3.359457
2.566164
0.000000
0.075203
0.048802
12.292774
0.000000
0.000000
20.191341
0.000000
3.974383
0.000000
0.000000
0.000000
0.000000
303.626892
0.000000
1.194382
8.498664
215.507736
1.729522
0.434041
0.000000
0.000000
2.489161
9.534361
0.000000
0.000000
1.848818
3.227375
0.000000
3.767092
0.334712
4.388898
0.000000
0.000000
0.504218
4.714798
33.800789
105.590790
0.312688
1.631690
3.496314
75.820908
0.000000
2.235446
0.041220
7.289043
4.726039
183.551651
2.931774
0.931436
0.000000
5.792686
0.000000
18.964312
0.000000
143.063721
2.719959
4.570348
0.000000
12.337699
44.941780
0.000000
2.462912
10.142921
22.958746
2.910262
0.183976
0.000000
8.724380
115.865913
46.899590
2.063029
22.053453
0.973127
84.671745
24.758842
11.552383
0.000000
0.000000
10.128332
6.993333
0.142699
0.000000
16.798859
1.694897
0.000000
4.954858
1.105178
0.000000
11.938874
0.944079
0.096801
0.000000
0.151690
0.000000
0.000000
2.423599
3.379163
11.042094
10.828163
14.032992
2.149376
0.000000
4.627103
0.000000
9.172221
2.431706
1.661278
0.274383
6.396637
0.000000
0.050891
0.911073
4.906203
0.000000
301.447693
0.683068
3.256676
0.338959
0.000000
0.314881
0.000000
0.685555
0.335912
0.000000
0.572913
13.184593
0.000000
0.000000
2.634591
1.937185
0.000000
0.348716
0.000000
13.941887
11.195168
19.533752
27.040741
4.546421
0.061020
0.000000
67.283615
6.719013
0.108954
77.633568
0.000000
115.507011
0.878371
40.270374
160.161865
34.288799
32.466530
0.000000
2.882550
8.124435
55.060379
0.000000
0.000000
0.000000
0.000000
0.000000
0.000000
0.000000
6.358060
1.530564
1.195419
0.000000
0.000000
22.685732
1.868770
0.000000
4.540039
0.193873
0.000000
0.000000
32.458549
16.907219
29.345594
2.781782
0.000000
7.947342
9.710103
44.091904
165.183823
1.396479
0.000000
0.000000
3.017854
1.073466
1.585197
103.555641
0.838726
1.248540
0.000000
1.403847
23.270224
0.162556
0.000000
173.276550
0.128142
0.966661
7.856756
0.000000
38.858173
0.000000
1.425987
1.238166
16.037050
0.000000
17.053133
1.113448
0.743978
0.000000
15.201973
3.974205
5.219425
0.809771
0.435923
0.054463
4.424469
0.000000
0.652192
0.000000
9.617392
0.000000
452.080566
19.388121
7.970483
10.455301
2.598177
2544.822266
0.000000
7.168921
1.107123
2.073170
8.682608
7.410585
3.554145
6.630517
20.767826
0.352843
0.000000
0.000000
27.953312
15.431889
0.000000
2.316171
0.000000
0.977325
2.779466
3.594192
1.003834
10.278174
5.475209
0.000000
0.000000
0.000000
2.142863
7.036212
7.440862
0.000000
0.000000
0.000000
2.231701
0.000000
0.000000
1.913655
0.000000
0.000000
0.000000
0.857278
0.000000
4.729064
0.000000
0.604767
2.575206
0.000000
3.747823
0.000000
0.000000
2.333737
0.000000
34.407070
0.974233
8.415053
60.166897
7.434368
649.012756
0.644406
18.710779
0.000000
0.014433
6.139044
57.342228
0.000000
0.657626
128.904114
17.383694
10.495175
22.278700
80.292519
5.951414
26.125071
0.000000
9.342567
4.323762
0.165283
4.346471
5.575095
0.000000
0.626354
38.067066
1.363485
0.000000
2.236045
36.259666
0.372359
16.713345
0.567650
0.026057
2.836558
0.000000
0.000000
0.000000
0.000000
0.035815
54.088856
683.348999
1.020089
121.679871
16.968462
0.914376
9.668527
7.288447
19.955351
0.665126
0.000000
0.000000
0.000000
8.241515
0.663129
0.954125
0.883534
0.123834
3.674725
0.000000
15.777289
0.000000
2.087254
126.167076
3.283633
5.537224
0.000000
0.000000
0.000000
0.650607
0.000000
6.252668
26.169386
1.145131
0.000000
0.941290
0.000000
0.000000
10.531629
6.447827
0.000000
0.000000
0.000000
0.000000
83.349632
3.268403
4.928408
1.446028
0.000000
0.000000
24.247782
3.599275
0.000000
0.000000
0.000000
0.000000
0.000000
117.254463
2.151381
0.000000
175.085907
10.848753
0.000000
28.796574
1.594498
11.730602
0.000000
49.588459
0.000000
0.585268
16.416370
0.000000
26.436829
0.683818
0.000000
0.000000
0.000000
0.035639
4.440773
0.000000
0.000000
2.815350
53.245132
0.000000
0.000000
4.645410
0.000000
0.456121
140.925735
0.000000
4.607662
0.000000
3.846020
59.800053
1.775138
7.257611
10.511562
15.325768
0.711455
0.000000
0.038581
7.201331
0.497833
0.000000
0.000000
20.691912
1.063537
0.633091
4.459239
4.448558
46.624233
35.676846
1.355396
37.263771
0.721378
3.936976
0.774961
0.420516
11.218044
14.530693
5.564188
0.086022
0.308086
0.801198
0.000000
67.547020
4.415616
128.682220
0.049533
0.854923
0.000000
2.008320
4.511808
31.881891
8.365053
10.201955
4.533196
9.166038
11.501019
1.543588
17.662138
42.267139
2.491096
11.291009
0.000000
26.357656
65.748131
6.494371
3.045905
0.395989
2.678875
0.000000
6.559080
0.000000
50.880959
0.000000
0.000000
29.183548
2.371332
0.000000
0.000000
0.893311
125.063835
0.000000
0.000000
0.000000
0.182242
93.624565
0.000000
0.000000
13.042285
12.082812
16.078131
53.301910
0.000000
0.000000
0.000000
0.000000
0.000000
0.000000
0.000000
0.000000
0.000000
0.000000
2.635314
0.000000
540.798889
0.000000
32.807507
9.818033
0.000000
16.835402
0.000000
0.948073
0.000000
0.000000
70.837387
0.000000
11.852162
2.849418
4.983906
25.307997
3.703560
61.575249
9.368818
0.000000
0.000000
5.751319
0.000000
474.959167
173.536682
7.663459
2.482335
1.976072
11.104357
0.000000
6.114163
28.255047
0.000000
0.911308
23.155027
76.715454
12.669984
0.000000
8.779868
12.585253
0.414655
0.000000
5.332478
0.000000
0.610497
733.927734
296.878052
1.048736
2.712371
0.000000
0.000000
0.000000
1.537990
17.678633
23.593723
34.559242
7.623083
0.000000
144.524048
0.000000
9.945436
19.428240
9.821954
5.991234
19.458668
0.734117
0.000000
0.000000
0.528534
16.852573
9.873919
0.000000
8.843993
0.143851
0.200359
14.326338
7.829668
54.053555
0.000000
29.096668
0.000000
0.000000
6.412539
88.802689
14.454550
11.462914
1.810078
0.000000
0.000000
0.000000
23.897636
0.000000
17.879227
0.000000
201.691528
29.881195
0.924437
0.000000
115.846100
0.000000
0.000000
10.831653
0.000000
6.111381
0.000000
0.274514
0.000000
4.506214
0.000000
4.348373
0.000000
14.456645
1.118804
1.911731
2.450517
2.272342
1.563555
0.000000
13.786570
13.703095
4.330019
69.937973
84.363594
1.260006
5.763605
0.380511
1743.840332
1.570853
43.815792
6.314383
3.377484
59.598866
22.150480
10.831363
0.000000
15.185187
30.208336
37.456928
6.158019
0.000000
0.000000
0.000000
0.000000
0.000000
1.314882
10.056129
5.038638
0.977206
0.000000
29.692322
0.000000
7.367607
0.411243
0.070321
6.323191
0.000000
1.670701
10.133858
0.660819
33.916344
0.018267
3.469871
8.110142
0.000000
95.306885
36.758022
0.000000
6.368630
0.000000
2.745616
0.000000
0.000000
2.055257
6.721960
1.101812
0.000000
9.953030
122.899162
5.643175
0.846899
0.000000
0.779274
4.287292
2.408670
2.493678
8.661650
2.823144
