# Prediction results for GO term: GO:0033561
# Model used: Logistic Regression with L1 Penalty
# ROC AUC Score: 0.625
# Tissues used:
Uterus
# Number of folds used for cross-validation: 5
# Range of cost parameters:
0.0001	0.000263665089873	0.000695192796178	0.00183298071083	0.00483293023857	0.012742749857	0.0335981828628	0.088586679041	0.233572146909	0.615848211066	1.62377673919	4.28133239872	11.2883789168	29.7635144163	78.4759970351	206.913808111	545.559478117	1438.44988829	3792.69019073	10000.0
# Best cost parameter (determined by CV): [ 3792.69019073]
# Coefficients:
-2.11535294585	-2.98951101519	-24.8356843727	9.35620424553	0.0	10.348118105	0.0	0.0	0.0	19.866199711	0.0	0.0	0.0	0.0	-7.20841686486	0.0	0.0	6.76168369984	0.0	-1.93713372414	0.0	0.0	0.0	0.0	9.40702744283	-0.123072961713	0.0	0.0	0.0	0.0	0.0	0.0	0.0	-8.08955031176	4.26540543046	-3.90846891149	0.0	2.56298204766	-3.8359325598	0.0	0.0	0.0	-6.52466512579	0.0	-0.80389894362	1.09595145465	0.0	0.0	0.0	0.172540933954	7.58671226384	5.67142270391	0.0	0.0	0.0	0.0	-3.04917165659	0.0	-3.06351737948	0.0	0.0	-0.690424118427	0.0	0.799060773154	0.0	0.0	0.0	-7.13283600785	0.0	-2.12107612047	0.0	0.0	0.0	0.0	0.585038568388	-7.60322244984	3.94037731497	-4.25424495663	0.0	0.0	0.0	0.0	0.0
# Gene_ID	Label	Prediction	Decision_Func_Score	Prob_of_Pos
ENSG00000129657	0	1	0.00188416882273	0.500471042066
ENSG00000179477	1	1	0.00188416882273	0.500471042066
ENSG00000163347	1	0	-44.366932326	5.39120829829e-20
ENSG00000145087	0	0	-3.79576320751	0.0219721327285
ENSG00000164172	0	1	4.58551464922	0.98990445958
ENSG00000146039	0	1	0.00188416882273	0.500471042066
ENSG00000134160	0	1	0.00188416882273	0.500471042066
ENSG00000108839	1	1	8.89441927365	0.999862866605
ENSG00000189143	1	1	27.7337157598	0.999999999999
