# Prediction results for GO term: GO:0055026
# Model used: Logistic Regression with L1 Penalty
# ROC AUC Score: 0.8125
# Tissues used:
Artery - Aorta
# Number of folds used for cross-validation: 5
# Range of cost parameters:
0.0001	0.000263665089873	0.000695192796178	0.00183298071083	0.00483293023857	0.012742749857	0.0335981828628	0.088586679041	0.233572146909	0.615848211066	1.62377673919	4.28133239872	11.2883789168	29.7635144163	78.4759970351	206.913808111	545.559478117	1438.44988829	3792.69019073	10000.0
# Best cost parameter (determined by CV): [ 3792.69019073]
# Coefficients:
0.0	0.0	0.0	0.0	0.0	0.0	0.0	0.0	0.986037817214	1.30844347612	-3.34739204547	0.18380900698	0.0	0.0	0.0	0.0	0.0	0.0	2.85318390122	0.0	0.0	0.0	0.413813162564	0.0	0.0	0.0	0.0	0.0	0.0	0.387952852206	0.0	0.0	-4.78964334606	-2.89341269341	0.0	0.0	1.04246874612	0.0	0.0	0.0	0.0	0.0	0.0	0.0	-1.30523136108	0.0	0.0	-6.85890358316	0.0	0.0	0.0332762804184	-0.163955077786	0.0	0.0	-0.0266453153943	0.0	1.79996503647	0.0	0.0	2.37029367835	-0.108720835363	0.0	0.0	0.0	-2.20496988265	0.134312023932	0.0	0.0	0.0	1.2433424418	-0.612385860302	0.765439694337	0.0	0.0	0.0	0.0	0.0	0.0681632282801	0.698578188943	0.0	0.0	0.0	0.376884550456	0.0	0.363952960046	0.0	0.0	0.568976457746	0.0	0.0	0.0	0.402583487594	0.0	1.34736708761	1.24618809763	0.0	0.0	0.918233942991	0.0	3.99879324179	0.0	0.0	0.0	0.0	2.13288377476	0.0	0.0	0.0	0.0	0.0	0.260634728491	0.0	0.0	0.183963728758	1.96019107766	0.0	0.0	0.0210252393057	0.0	0.0	0.0	-1.0558440014	0.0	0.0	0.0	0.0	1.64389624472	0.0	0.0	0.0	-0.497924757306	0.0	0.0	0.0	0.0	-3.63463369598	0.0	0.0	0.0	0.0	0.0	0.0	0.408305916311	0.0	-1.10728586408	0.0	0.0	0.0	-2.49670090095	-0.129903877521	0.0	0.0	0.0	0.0	-6.38206231463	0.0	0.0	0.0	0.0	0.0	0.2005129042	0.0	0.0	-1.26527546582	0.0	0.0	1.06883355029	0.0	0.0	0.0	0.164755955924	0.0	1.18714058742	0.0	0.0	0.0	-1.21689799529	-2.19475840903	-0.837996759042	0.0	0.0	0.0	0.0	0.0	0.0	-2.08957384293	2.69620178329	0.0	0.763716908748	0.955148358746	0.0	0.0	0.0	0.250296575026	0.0	0.0	0.0	-0.42996150981	-5.25867870135	0.0	-0.700738901224	-2.26061270334	0.0	1.82249698801	0.0172036488273	-2.69559256789	0.232701021144	0.864294836612	0.00318600152244	0.0	-0.153775261642	2.25276492211	0.0480716038601	0.0	0.072692165714	-0.470330894768	0.0	0.0	-2.13772342362	3.6426999457	3.284728057	0.0	0.892699737234	1.16298613442
# Gene_ID	Label	Prediction	Decision_Func_Score	Prob_of_Pos
ENSG00000107984	1	1	2.93132365334	0.949373332479
ENSG00000139174	1	1	1.37654450409	0.798435459053
ENSG00000129925	0	0	-8.66162426725	0.00017307295361
ENSG00000121653	0	0	-7.53088520899	0.000535975917147
ENSG00000102802	0	0	-28.2129614609	5.58813023907e-13
ENSG00000105723	1	0	-6.74391925239	0.00117663503417
ENSG00000186895	1	1	7.43910032511	0.999412531521
ENSG00000144847	0	1	7.32053046396	0.999338626653
