# Prediction results for GO term: GO:0055026
# Model used: Logistic Regression with L1 Penalty
# ROC AUC Score: 0.375
# Tissues used:
Cells - Transformed fibroblasts
# Number of folds used for cross-validation: 5
# Range of cost parameters:
0.0001	0.000263665089873	0.000695192796178	0.00183298071083	0.00483293023857	0.012742749857	0.0335981828628	0.088586679041	0.233572146909	0.615848211066	1.62377673919	4.28133239872	11.2883789168	29.7635144163	78.4759970351	206.913808111	545.559478117	1438.44988829	3792.69019073	10000.0
# Best cost parameter (determined by CV): [ 3792.69019073]
# Coefficients:
0.0	0.0	0.0	-3.35392318057e-05	-0.00355709824602	-0.00829164158213	-0.076226725561	-0.733250225632	-2.56649215514	-0.629591135182	0.0	0.0	0.0	33.5539245025	0.0	-1.34905037573	0.0	-1.79571741586	0.0	0.0	0.0	0.0	0.416361771321	-0.00385416271032	0.0	-0.00525444844306	0.0	0.0	-2.48387084311	0.0	-1.61883316866	-1.40396658569	0.0	-3.88426388579	-2.26697838573	0.0	0.0	37.4532217074	0.0	0.0	-2.39456448383	-3.64099283139	0.0	-1.76474053529	-1.04426396758	0.0	-0.0560912664589	-5.96767762435	0.0	0.0	0.0	0.0	0.0	1.5393566918	0.0	0.0	-0.421632770325	0.0313885357329	0.0	0.0	0.0	0.0	0.0	0.0	0.0	0.0	-0.0956653357345	4.30163567933	2.75421355811	0.0	3.58555866259	0.0	0.0	0.0	0.0	0.0	1.00014129009	0.0	0.0	0.0	0.0	0.0	0.0	0.0	0.0	0.0	0.0	0.0	0.0	0.0	-0.203248012937	0.0	0.0	0.0	0.0	-0.181754855951	0.0	0.0	0.0	-0.203856683271	-5.63219669124	0.0	-0.46157377219	-2.1404074953	-5.36546220837	0.0	0.0	-1.96527805811	0.0	0.0	0.0	0.0	0.0	4.79879537142	0.0	0.0	0.0	0.0	0.0	0.0	0.0	0.0	0.0	0.0	0.0	0.0	-4.32898493269	-0.91014994193	1.73798513994	0.0	1.96257756927	0.0	0.0	-0.0394737031	0.0	-0.706184593574	-1.72601270695	0.0	-0.567001284284	0.0	0.0	0.0	0.0	2.6339929813	0.0	0.0	-2.30435707462	0.0	0.0	0.0	-1.46383720449	-5.27328695518	-2.21961023804	-3.33892263812	-2.98535930499	-2.78385481307	0.0	-1.73459075652	-2.90249391961	0.0	0.0	0.0	0.0	-0.897590630168	-1.73071685314	0.0	0.0	0.0	-3.64983840989	-2.17921407952	0.0	0.0	-1.27507121311	-2.7984475477	-2.12080516729	0.0	-0.00255949262403	0.0	0.0	0.0	0.0	0.0	0.0	0.0	-0.318283795506	-2.6532519152	0.0	0.0	-9.37375817994e-05	0.0	-0.744168340267	-1.69032142696	0.0	0.0	0.0	0.0	0.0	0.0	0.0	0.0	-0.151511310844	0.0	-0.0121884983078	0.0	-3.11981378629	0.0	0.0	-1.15570280588	0.0	-0.299151261887	0.0	1.31028851615	0.0	0.0	0.0	0.0	0.0	-0.272053202166	-1.65904768235	0.0	-1.44240416867	0.0	-1.14914167636	0.0	0.0	-6.80380869388	0.0	-3.55950519011	-0.329306433654	-0.609634217179	0.0	0.0	0.0	-2.11406652706	-0.821283843547	-0.324205500747	0.0	0.0	-1.31499298266	-0.236527873254	0.0	0.0	0.0	-0.170900924935	0.0	0.0	0.0	0.0	0.0	0.0	-2.2586979227	36.4684071159	0.0	0.0	-0.911252414708	0.0	0.0	0.0	0.0	0.0	0.0	0.0	0.0	-0.685099125565	0.0	0.0	0.0	0.0	0.0	0.0	-1.35125343938	0.0	0.0	0.0	0.0	0.0	0.0	0.0	0.0	-2.56933639724	0.0	0.0	0.0	0.0
# Gene_ID	Label	Prediction	Decision_Func_Score	Prob_of_Pos
ENSG00000185379	0	0	-8.41368259018	0.000221762320703
ENSG00000138207	1	1	32.4828312816	1.0
ENSG00000128699	0	1	7.21502616941	0.999265089144
ENSG00000107984	1	0	-19.5732592018	3.15821385491e-09
ENSG00000089225	1	0	-13.0052003558	2.24860034458e-06
ENSG00000078900	1	1	0.190303268483	0.547432754031
ENSG00000121653	0	1	13.5198889051	0.99999865604
ENSG00000087258	0	0	-0.00464787363328	0.498838033683
