# Prediction results for GO term: GO:0055026
# Model used: Logistic Regression with L1 Penalty
# ROC AUC Score: 0.5
# Tissues used:
Esophagus - Mucosa
# Number of folds used for cross-validation: 5
# Range of cost parameters:
0.0001	0.000263665089873	0.000695192796178	0.00183298071083	0.00483293023857	0.012742749857	0.0335981828628	0.088586679041	0.233572146909	0.615848211066	1.62377673919	4.28133239872	11.2883789168	29.7635144163	78.4759970351	206.913808111	545.559478117	1438.44988829	3792.69019073	10000.0
# Best cost parameter (determined by CV): [ 1438.44988829]
# Coefficients:
-1.47990507864	-0.519230832594	0.0	-1.03281885407	0.0	-1.00389495991	-0.0734616920564	15.2269489512	-1.48940849117	-1.74008375023	-2.05531950175	0.0	-0.0536640385037	-0.253101453906	0.0	-0.565299431817	0.0	-0.269506274421	-0.134602437024	0.0	0.0	0.0	8.61649492985	-1.07869548225	-2.73533764646	0.0	0.0	-0.339155653532	-1.40935241767	-0.957855800633	-1.03375909801	0.0	0.0	-1.2668538249	-1.4455971637	-0.602573774331	0.0	-1.37707760993	-1.07894876872	-0.0891794777744	-0.993758267024	0.0	0.0	-1.80714175695	-1.37058677272	-0.681188973664	-0.336304723287	-0.292635873971	23.8830455826	-0.85167753974	0.0	0.0	0.0	-1.56743218905	-0.620209746188	-0.951814631996	-1.11106468641	-0.537780746669	-0.404712035653	0.0	12.3542649005	-0.44126269994	-2.0117441307	-0.748380663651	-0.325302824057	-0.499909240052	0.0	-0.013790049824	-2.74955205839	0.0	-1.53953975031	0.0	14.4522672584	-0.028366303363	11.0062882175	0.0	0.0	0.0	0.0	0.0	-0.477309124362	-1.38414864801	-2.64547106594	0.0	-2.30971381994	-0.258658571998	-1.83025158834	-1.11867710323	-2.39396566434	-3.58430426648	-2.98709652158	-0.606791179908	0.0	-2.02927721634	-0.398480599048	-0.517139333643	-1.46739530074	-0.620892290672	-2.92349001915	-1.39210543213	-0.529984123901	0.0	-2.20561750364	-0.677808939694	0.0	-0.995576885732	-0.452681793075	0.0	-1.51746626069	-0.962037177332	-0.65552232438	0.0	0.0	-0.649838240766	0.0	-0.323354504762	-0.00577115636646	0.0	0.0	-0.910745613412	0.0	-1.27289885543	-1.20916154028	0.0	0.0	4.63065406041	-0.706532463672	-1.30857114784	0.0	-0.358156504106	0.0	0.0	0.0	0.0	-1.47890050595	0.0	0.0	0.0	-0.0535390593449	-0.115277545602	-0.336675186033	-0.233899336523	0.0	-1.49639688091	0.0	-0.0546561342843	-0.315032313547	-0.22815114149	0.0	-0.0512852903293	-0.248935044649	-3.52390972436	-0.126973175233	0.0	0.0	0.0	-0.0847510306379	-0.00449272067412	-1.2540635007	0.0	-0.188191740047	-0.165156262439	0.0	-1.43704700205	-1.36666921259	-0.218787871855	0.0	0.0	0.0	0.0	-0.0773532694752	-0.730956279317	0.0	0.0	-0.282242502565	-0.836535674989	-0.0776364454909	-1.19620535692	0.0	-0.800868039982	-0.0697047836375	-0.720596860058	-1.63966148537	-0.266051527757	-0.692350806	0.0	-1.59667544966	-1.40214778077	-0.0954872348581	0.0	-0.858325669148	0.0	-1.87594733543	-0.0225722025025	-3.02681239154	-0.461809882578	0.0	0.0	-1.18740643256	0.0	0.0	0.0	-1.06267338589	-0.494888363616	-1.16468600982	-0.448650684613	0.0	-0.444141524515	-1.21435385483	0.0	0.0	-1.61846081664	-1.00619036703	-1.33119920971	0.0	0.0	-1.58311066075	0.0	-1.09891945247	-0.380617769928	-0.657797576571	0.0	-0.69474298749	-1.98208191235	-1.39726535483	11.4048598681	6.63651510123	-0.723324894315	0.0	0.0	-0.04448274694	0.0	-1.86047220356	0.0	-1.20749233839	-0.870483851895	-0.807837264342	-0.909577663149	-0.0772168641775	-0.957103041376	6.61586227008	-1.37601374212	-0.111070058267	15.0327618518	0.0	0.0	0.0	-1.45774625058	-0.0141348034853	-0.580344083979	-0.381128656606	-1.81336152149	0.0	-1.59693224105	-2.17866126134	0.0	28.6758186514	0.0	0.0	-0.0504138165711	0.0	0.0	-0.00268143894243	0.0	0.0	-1.88006505445	-0.472604000708	0.0	12.3078492907	-0.350133782044	0.0	-2.30826846693	0.0	-1.55538889971	0.0	-0.0231919450209	0.0	-0.980672722762	0.0	-0.895665084368	-1.2133915027	0.0	-1.40550255021	-0.638831774151	-0.750045035078	-2.6598872362
# Gene_ID	Label	Prediction	Decision_Func_Score	Prob_of_Pos
ENSG00000129925	0	0	-21.7751768911	3.49269637613e-10
ENSG00000125845	1	1	7.70860125475	0.999551252461
ENSG00000121653	0	0	-2.71250685746	0.0622393763837
ENSG00000183691	1	0	-2.9981872481	0.0475078344722
ENSG00000185379	0	1	21.4851820252	0.999999999533
ENSG00000107831	1	0	-2.90557509618	0.0518786532802
ENSG00000078900	1	0	-9.58006436739	6.90877268358e-05
ENSG00000087258	0	0	-7.55226941846	0.000524642123019
