# Prediction results for:	 GO:0045621 
# Model used:	 group_lasso 
# ROC AUC score:	 0.5 
# All tissues were included
# Best penalty parameter (CV): 2.457079 
# tissue	 1 	 5 
# tissue	 2 	 5 
# tissue	 3 	 5 
# tissue	 4 	 5 
# tissue	 5 	 5 
# tissue	 6 	 5 
# tissue	 7 	 5 
# tissue	 8 	 5 
# tissue	 9 	 5 
# tissue	 10 	 5 
# tissue	 11 	 5 
# tissue	 12 	 5 
# tissue	 13 	 5 
# tissue	 14 	 5 
# tissue	 15 	 5 
# tissue	 16 	 5 
# tissue	 17 	 5 
# tissue	 18 	 5 
# tissue	 19 	 5 
# tissue	 20 	 5 
# tissue	 21 	 5 
# tissue	 22 	 5 
# tissue	 23 	 5 
# tissue	 24 	 5 
# tissue	 25 	 5 
# tissue	 26 	 5 
# tissue	 27 	 5 
# tissue	 28 	 5 
# tissue	 29 	 5 
# tissue	 30 	 5 
# tissue	 31 	 5 
# tissue	 32 	 5 
# tissue	 33 	 5 
# tissue	 34 	 5 
# tissue	 35 	 5 
# tissue	 36 	 5 
# tissue	 37 	 5 
# tissue	 38 	 5 
# tissue	 39 	 5 
# tissue	 40 	 5 
# tissue	 41 	 5 
# tissue	 42 	 5 
# tissue	 43 	 5 
# tissue	 44 	 5 
# tissue	 45 	 5 
# tissue	 46 	 5 
# tissue	 47 	 5 
# tissue	 48 	 5 
# tissue	 49 	 5 
# tissue	 50 	 5 
# tissue	 51 	 5 
# tissue	 52 	 5 
# tissue	 53 	 5 
# Coefficients:
1 	 0.001288062 
1 	 -0.1306572 
1 	 -0.2201312 
1 	 -0.2232485 
1 	 0.124704 
2 	 0.00624196 
2 	 0.02303133 
2 	 0.03027017 
2 	 -0.3736286 
2 	 -0.2598849 
3 	 0 
3 	 0 
3 	 0 
3 	 0 
3 	 0 
4 	 0 
4 	 0 
4 	 0 
4 	 0 
4 	 0 
5 	 0 
5 	 0 
5 	 0 
5 	 0 
5 	 0 
6 	 0 
6 	 0 
6 	 0 
6 	 0 
6 	 0 
7 	 0 
7 	 0 
7 	 0 
7 	 0 
7 	 0 
8 	 0 
8 	 0 
8 	 0 
8 	 0 
8 	 0 
9 	 0 
9 	 0 
9 	 0 
9 	 0 
9 	 0 
10 	 0 
10 	 0 
10 	 0 
10 	 0 
10 	 0 
11 	 0 
11 	 0 
11 	 0 
11 	 0 
11 	 0 
12 	 0 
12 	 0 
12 	 0 
12 	 0 
12 	 0 
13 	 0 
13 	 0 
13 	 0 
13 	 0 
13 	 0 
14 	 0 
14 	 0 
14 	 0 
14 	 0 
14 	 0 
15 	 -0.0002650808 
15 	 -0.0006573849 
15 	 -0.00340694 
15 	 0.004326252 
15 	 0.000526678 
16 	 -0.0006633011 
16 	 -0.02201119 
16 	 -0.0009669302 
16 	 0.02467419 
16 	 0.01689653 
17 	 0 
17 	 0 
17 	 0 
17 	 0 
17 	 0 
18 	 0 
18 	 0 
18 	 0 
18 	 0 
18 	 0 
19 	 0 
19 	 0 
19 	 0 
19 	 0 
19 	 0 
20 	 0 
20 	 0 
20 	 0 
20 	 0 
20 	 0 
21 	 0 
21 	 0 
21 	 0 
21 	 0 
21 	 0 
22 	 0 
22 	 0 
22 	 0 
22 	 0 
22 	 0 
23 	 0 
23 	 0 
23 	 0 
23 	 0 
23 	 0 
24 	 0 
24 	 0 
24 	 0 
24 	 0 
24 	 0 
25 	 0.0009768802 
25 	 0.007676059 
25 	 0.04085572 
25 	 0.1123652 
25 	 0.07076544 
26 	 0 
26 	 0 
26 	 0 
26 	 0 
26 	 0 
27 	 0 
27 	 0 
27 	 0 
27 	 0 
27 	 0 
28 	 0 
28 	 0 
28 	 0 
28 	 0 
28 	 0 
29 	 -0.00609552 
29 	 -0.06427073 
29 	 0.04523178 
29 	 0.01527044 
29 	 -0.137813 
30 	 -0.0001933213 
30 	 -0.05121909 
30 	 -0.04251454 
30 	 0.03014094 
30 	 0.1328078 
31 	 0.00564728 
31 	 -0.003337028 
31 	 -0.04928784 
31 	 0.04356569 
31 	 0.1703703 
32 	 0 
32 	 0 
32 	 0 
32 	 0 
32 	 0 
33 	 0 
33 	 0 
33 	 0 
33 	 0 
33 	 0 
34 	 0 
34 	 0 
34 	 0 
34 	 0 
34 	 0 
35 	 0.001782964 
35 	 0.02445826 
35 	 -0.00385439 
35 	 -0.04312739 
35 	 0.0111646 
36 	 0 
36 	 0 
36 	 0 
36 	 0 
36 	 0 
37 	 0.0194066 
37 	 -0.4059791 
37 	 -0.6874835 
37 	 -0.1300596 
37 	 0.02513439 
38 	 0 
38 	 0 
38 	 0 
38 	 0 
38 	 0 
39 	 0 
39 	 0 
39 	 0 
39 	 0 
39 	 0 
40 	 0.0004495249 
40 	 -0.01384175 
40 	 -0.01654378 
40 	 0.007341011 
40 	 0.007001848 
41 	 0 
41 	 0 
41 	 0 
41 	 0 
41 	 0 
42 	 -0.002467924 
42 	 -0.00489012 
42 	 -0.02490597 
42 	 0.2360496 
42 	 0.006238152 
43 	 0 
43 	 0 
43 	 0 
43 	 0 
43 	 0 
44 	 0 
44 	 0 
44 	 0 
44 	 0 
44 	 0 
45 	 0 
45 	 0 
45 	 0 
45 	 0 
45 	 0 
46 	 0 
46 	 0 
46 	 0 
46 	 0 
46 	 0 
47 	 0.006121349 
47 	 -0.04361887 
47 	 -0.09315672 
47 	 0.2968753 
47 	 0.1041851 
48 	 0.0006296787 
48 	 -0.01398622 
48 	 -0.01151821 
48 	 -0.01462423 
48 	 0.04466769 
49 	 -0.002900516 
49 	 -0.01139803 
49 	 0.02146726 
49 	 -0.02789695 
49 	 0.003666902 
50 	 0 
50 	 0 
50 	 0 
50 	 0 
50 	 0 
51 	 0 
51 	 0 
51 	 0 
51 	 0 
51 	 0 
52 	 0 
52 	 0 
52 	 0 
52 	 0 
52 	 0 
53 	 0 
53 	 0 
53 	 0 
53 	 0 
53 	 0 
# Gene ID	Label	Prediction
0000000003 ENSG00000100219 	 1 	 0.008186909 
0000000008 ENSG00000125657 	 1 	 0.4329728 
0000000010 ENSG00000135046 	 1 	 0.5043137 
0000000013 ENSG00000121594 	 1 	 0.2796092 
0000000014 ENSG00000114013 	 1 	 0.2085269 
0000000016 ENSG00000139193 	 1 	 0.271915 
0000000020 ENSG00000163513 	 1 	 0.05070125 
0000000023 ENSG00000168961 	 1 	 0.1479145 
0000000026 ENSG00000157227 	 1 	 0.1538349 
0000000028 ENSG00000175467 	 1 	 0.02769437 
0000000032 ENSG00000096996 	 1 	 0.4674352 
0000000034 ENSG00000183087 	 1 	 0.1486038 
0000000035 ENSG00000162711 	 1 	 0.37163 
0000000036 ENSG00000118513 	 1 	 0.1501002 
0000000037 ENSG00000107485 	 1 	 0.05399017 
0000000043 ENSG00000101882 	 1 	 0.06099529 
0000000046 ENSG00000067606 	 1 	 0.06017506 
0000000015 ENSG00000126432 	 0 	 0.007728737 
0000000016 ENSG00000110075 	 0 	 0.07842406 
0000000017 ENSG00000110721 	 0 	 0.2057372 
0000000020 ENSG00000152583 	 0 	 0.769833 
0000000022 ENSG00000142185 	 0 	 0.2026347 
0000000026 ENSG00000169371 	 0 	 0.2196357 
0000000028 ENSG00000142173 	 0 	 0.1669545 
0000000030 ENSG00000090905 	 0 	 0.03818083 
0000000031 ENSG00000129636 	 0 	 0.4537181 
0000000035 ENSG00000184787 	 0 	 0.1414259 
0000000036 ENSG00000186998 	 0 	 0.1498787 
0000000039 ENSG00000124490 	 0 	 0.06056165 
0000000045 ENSG00000061273 	 0 	 0.7697327 
0000000051 ENSG00000137700 	 0 	 0.1496566 
0000000053 ENSG00000130311 	 0 	 0.07894065 
0000000055 ENSG00000198795 	 0 	 0.4787358 
0000000057 ENSG00000196189 	 0 	 0.1136609 
0000000061 ENSG00000178028 	 0 	 0.1525111 
0000000062 ENSG00000186191 	 0 	 0.5415299 
0000000071 ENSG00000174738 	 0 	 0.1499196 
0000000074 ENSG00000131943 	 0 	 0.1196109 
0000000077 ENSG00000100592 	 0 	 0.2091997 
0000000078 ENSG00000163291 	 0 	 0.07003358 
0000000079 ENSG00000073712 	 0 	 0.1195286 
0000000081 ENSG00000070718 	 0 	 0.2078498 
0000000085 ENSG00000253309 	 0 	 0.1409993 
0000000086 ENSG00000079101 	 0 	 0.1903442 
0000000088 ENSG00000163359 	 0 	 0.1498668 
0000000089 ENSG00000119383 	 0 	 0.1337488 
0000000093 ENSG00000124092 	 0 	 0.1498668 
0000000094 ENSG00000143578 	 0 	 0.1481593 
0000000098 ENSG00000180902 	 0 	 0.02617631 
0000000099 ENSG00000115271 	 0 	 0.4981035 
0000000103 ENSG00000144791 	 0 	 0.01984594 
0000000107 ENSG00000145012 	 0 	 0.1652705 
0000000113 ENSG00000112511 	 0 	 0.1656856 
0000000114 ENSG00000132716 	 0 	 0.1448983 
0000000119 ENSG00000163539 	 0 	 0.1622415 
0000000120 ENSG00000129521 	 0 	 0.1498571 
0000000127 ENSG00000129116 	 0 	 0.1500945 
0000000131 ENSG00000152413 	 0 	 0.1483496 
0000000132 ENSG00000181751 	 0 	 0.09674715 
0000000133 ENSG00000196353 	 0 	 0.1495774 
0000000134 ENSG00000120910 	 0 	 0.1506863 
0000000140 ENSG00000070081 	 0 	 0.1451828 
0000000145 ENSG00000086062 	 0 	 0.1560646 
0000000146 ENSG00000151148 	 0 	 0.09381036 
0000000147 ENSG00000023734 	 0 	 0.2222165 
0000000149 ENSG00000029153 	 0 	 0.1050333 
0000000158 ENSG00000198894 	 0 	 0.1494165 
0000000160 ENSG00000133958 	 0 	 0.1458904 
0000000161 ENSG00000137070 	 0 	 0.1440855 
0000000163 ENSG00000100911 	 0 	 0.1968001 
0000000164 ENSG00000028528 	 0 	 0.1427767 
0000000167 ENSG00000140525 	 0 	 0.1484094 
0000000170 ENSG00000092531 	 0 	 0.1489927 
0000000174 ENSG00000147274 	 0 	 0.2312656 
0000000182 ENSG00000066044 	 0 	 0.008756558 
0000000183 ENSG00000105698 	 0 	 0.05596663 
0000000191 ENSG00000188629 	 0 	 0.1544397 
0000000192 ENSG00000089091 	 0 	 0.1508905 
