# Prediction results for:	 GO:2000181 
# Model used:	 group_lasso 
# ROC AUC score:	 0.5609756 
# All tissues were included
# Best penalty parameter (CV): 11.05858 
# tissue	 1 	 5 
# tissue	 2 	 5 
# tissue	 3 	 5 
# tissue	 4 	 5 
# tissue	 5 	 5 
# tissue	 6 	 5 
# tissue	 7 	 5 
# tissue	 8 	 5 
# tissue	 9 	 5 
# tissue	 10 	 5 
# tissue	 11 	 5 
# tissue	 12 	 5 
# tissue	 13 	 5 
# tissue	 14 	 5 
# tissue	 15 	 5 
# tissue	 16 	 5 
# tissue	 17 	 5 
# tissue	 18 	 5 
# tissue	 19 	 5 
# tissue	 20 	 5 
# tissue	 21 	 5 
# tissue	 22 	 5 
# tissue	 23 	 5 
# tissue	 24 	 5 
# tissue	 25 	 5 
# tissue	 26 	 5 
# tissue	 27 	 5 
# tissue	 28 	 5 
# tissue	 29 	 5 
# tissue	 30 	 5 
# tissue	 31 	 5 
# tissue	 32 	 5 
# tissue	 33 	 5 
# tissue	 34 	 5 
# tissue	 35 	 5 
# tissue	 36 	 5 
# tissue	 37 	 5 
# tissue	 38 	 5 
# tissue	 39 	 5 
# tissue	 40 	 5 
# tissue	 41 	 5 
# tissue	 42 	 5 
# tissue	 43 	 5 
# tissue	 44 	 5 
# tissue	 45 	 5 
# tissue	 46 	 5 
# tissue	 47 	 5 
# tissue	 48 	 5 
# tissue	 49 	 5 
# tissue	 50 	 5 
# tissue	 51 	 5 
# tissue	 52 	 5 
# tissue	 53 	 5 
# Coefficients:
1 	 0 
1 	 0 
1 	 0 
1 	 0 
1 	 0 
2 	 0 
2 	 0 
2 	 0 
2 	 0 
2 	 0 
3 	 0 
3 	 0 
3 	 0 
3 	 0 
3 	 0 
4 	 0 
4 	 0 
4 	 0 
4 	 0 
4 	 0 
5 	 0 
5 	 0 
5 	 0 
5 	 0 
5 	 0 
6 	 0 
6 	 0 
6 	 0 
6 	 0 
6 	 0 
7 	 0 
7 	 0 
7 	 0 
7 	 0 
7 	 0 
8 	 0 
8 	 0 
8 	 0 
8 	 0 
8 	 0 
9 	 0 
9 	 0 
9 	 0 
9 	 0 
9 	 0 
10 	 0 
10 	 0 
10 	 0 
10 	 0 
10 	 0 
11 	 0 
11 	 0 
11 	 0 
11 	 0 
11 	 0 
12 	 0 
12 	 0 
12 	 0 
12 	 0 
12 	 0 
13 	 0 
13 	 0 
13 	 0 
13 	 0 
13 	 0 
14 	 0 
14 	 0 
14 	 0 
14 	 0 
14 	 0 
15 	 0 
15 	 0 
15 	 0 
15 	 0 
15 	 0 
16 	 0 
16 	 0 
16 	 0 
16 	 0 
16 	 0 
17 	 0 
17 	 0 
17 	 0 
17 	 0 
17 	 0 
18 	 0 
18 	 0 
18 	 0 
18 	 0 
18 	 0 
19 	 0 
19 	 0 
19 	 0 
19 	 0 
19 	 0 
20 	 0 
20 	 0 
20 	 0 
20 	 0 
20 	 0 
21 	 0 
21 	 0 
21 	 0 
21 	 0 
21 	 0 
22 	 -0.004372586 
22 	 -0.02484119 
22 	 -0.05642277 
22 	 0.1196101 
22 	 -0.09851889 
23 	 0 
23 	 0 
23 	 0 
23 	 0 
23 	 0 
24 	 0 
24 	 0 
24 	 0 
24 	 0 
24 	 0 
25 	 0 
25 	 0 
25 	 0 
25 	 0 
25 	 0 
26 	 0 
26 	 0 
26 	 0 
26 	 0 
26 	 0 
27 	 0 
27 	 0 
27 	 0 
27 	 0 
27 	 0 
28 	 0 
28 	 0 
28 	 0 
28 	 0 
28 	 0 
29 	 0 
29 	 0 
29 	 0 
29 	 0 
29 	 0 
30 	 0 
30 	 0 
30 	 0 
30 	 0 
30 	 0 
31 	 0 
31 	 0 
31 	 0 
31 	 0 
31 	 0 
32 	 0 
32 	 0 
32 	 0 
32 	 0 
32 	 0 
33 	 0 
33 	 0 
33 	 0 
33 	 0 
33 	 0 
34 	 0 
34 	 0 
34 	 0 
34 	 0 
34 	 0 
35 	 0 
35 	 0 
35 	 0 
35 	 0 
35 	 0 
36 	 0 
36 	 0 
36 	 0 
36 	 0 
36 	 0 
37 	 -0.005525001 
37 	 -0.06371289 
37 	 -0.1991452 
37 	 -0.1114714 
37 	 -0.09606662 
38 	 0 
38 	 0 
38 	 0 
38 	 0 
38 	 0 
39 	 0 
39 	 0 
39 	 0 
39 	 0 
39 	 0 
40 	 0 
40 	 0 
40 	 0 
40 	 0 
40 	 0 
41 	 -3.590718e-05 
41 	 0.0003048846 
41 	 -0.0002587249 
41 	 0.0002160811 
41 	 -0.0004818918 
42 	 0 
42 	 0 
42 	 0 
42 	 0 
42 	 0 
43 	 0 
43 	 0 
43 	 0 
43 	 0 
43 	 0 
44 	 0 
44 	 0 
44 	 0 
44 	 0 
44 	 0 
45 	 0 
45 	 0 
45 	 0 
45 	 0 
45 	 0 
46 	 0 
46 	 0 
46 	 0 
46 	 0 
46 	 0 
47 	 0 
47 	 0 
47 	 0 
47 	 0 
47 	 0 
48 	 -0.003114472 
48 	 -0.02430111 
48 	 0.01095341 
48 	 -0.03148041 
48 	 0.03923225 
49 	 0 
49 	 0 
49 	 0 
49 	 0 
49 	 0 
50 	 0 
50 	 0 
50 	 0 
50 	 0 
50 	 0 
51 	 0 
51 	 0 
51 	 0 
51 	 0 
51 	 0 
52 	 0 
52 	 0 
52 	 0 
52 	 0 
52 	 0 
53 	 0 
53 	 0 
53 	 0 
53 	 0 
53 	 0 
# Gene ID	Label	Prediction
0000000003 ENSG00000011465 	 1 	 0.4383484 
0000000005 ENSG00000137764 	 1 	 0.2274046 
0000000009 ENSG00000108840 	 1 	 0.1997763 
0000000011 ENSG00000113905 	 1 	 0.1670165 
0000000014 ENSG00000133121 	 1 	 0.1700664 
0000000015 ENSG00000133710 	 1 	 0.1499253 
0000000019 ENSG00000137801 	 1 	 0.5505248 
0000000024 ENSG00000152804 	 1 	 0.2403445 
0000000027 ENSG00000121807 	 1 	 0.1658095 
0000000032 ENSG00000142515 	 1 	 0.1657276 
0000000033 ENSG00000173482 	 1 	 0.3201591 
0000000037 ENSG00000184481 	 1 	 0.2591249 
0000000039 ENSG00000134871 	 1 	 0.5568097 
0000000040 ENSG00000115415 	 1 	 0.3009749 
0000000044 ENSG00000186810 	 1 	 0.1676162 
0000000046 ENSG00000120937 	 1 	 0.1683591 
0000000048 ENSG00000102760 	 1 	 0.4551614 
0000000049 ENSG00000158125 	 1 	 0.1119054 
0000000054 ENSG00000169031 	 1 	 0.2924422 
0000000056 ENSG00000067560 	 1 	 0.3421264 
0000000007 ENSG00000101442 	 0 	 0.2052615 
0000000014 ENSG00000137285 	 0 	 0.30368 
0000000020 ENSG00000157388 	 0 	 0.138509 
0000000022 ENSG00000159228 	 0 	 0.2603993 
0000000028 ENSG00000197887 	 0 	 0.1664654 
0000000030 ENSG00000169154 	 0 	 0.1663721 
0000000031 ENSG00000168256 	 0 	 0.1654572 
0000000032 ENSG00000163600 	 0 	 0.1683848 
0000000038 ENSG00000197937 	 0 	 0.2341163 
0000000039 ENSG00000158555 	 0 	 0.2154097 
0000000043 ENSG00000139579 	 0 	 0.191127 
0000000048 ENSG00000150967 	 0 	 0.1587378 
0000000050 ENSG00000157766 	 0 	 0.1653795 
0000000052 ENSG00000087088 	 0 	 0.1561124 
0000000053 ENSG00000169813 	 0 	 0.159904 
0000000054 ENSG00000100092 	 0 	 0.1948592 
0000000056 ENSG00000197943 	 0 	 0.3798178 
0000000059 ENSG00000109339 	 0 	 0.187205 
0000000061 ENSG00000162910 	 0 	 0.1641628 
0000000062 ENSG00000130347 	 0 	 0.1986574 
0000000063 ENSG00000138111 	 0 	 0.158511 
0000000065 ENSG00000132122 	 0 	 0.2651172 
0000000067 ENSG00000156671 	 0 	 0.1670006 
0000000068 ENSG00000204279 	 0 	 0.1663721 
0000000074 ENSG00000164283 	 0 	 0.1987036 
0000000082 ENSG00000214642 	 0 	 0.1663721 
0000000085 ENSG00000101557 	 0 	 0.1661933 
0000000094 ENSG00000129167 	 0 	 0.1665067 
0000000096 ENSG00000102178 	 0 	 0.1664422 
0000000099 ENSG00000173809 	 0 	 0.1643472 
0000000109 ENSG00000133895 	 0 	 0.1663721 
0000000115 ENSG00000185313 	 0 	 0.1733528 
0000000116 ENSG00000125868 	 0 	 0.2998486 
0000000118 ENSG00000172432 	 0 	 0.1689346 
0000000120 ENSG00000198822 	 0 	 0.1605062 
0000000124 ENSG00000114646 	 0 	 0.1902768 
0000000132 ENSG00000005483 	 0 	 0.1644764 
0000000137 ENSG00000160055 	 0 	 0.1975384 
0000000139 ENSG00000162591 	 0 	 0.319672 
0000000141 ENSG00000114861 	 0 	 0.1618073 
0000000147 ENSG00000197530 	 0 	 0.1631036 
0000000148 ENSG00000129951 	 0 	 0.1666095 
0000000150 ENSG00000080823 	 0 	 0.1662686 
0000000151 ENSG00000156467 	 0 	 0.1900861 
0000000152 ENSG00000145675 	 0 	 0.3018646 
0000000155 ENSG00000160613 	 0 	 0.2949287 
0000000156 ENSG00000139132 	 0 	 0.1663721 
0000000158 ENSG00000006534 	 0 	 0.1708397 
0000000161 ENSG00000157613 	 0 	 0.1621198 
0000000163 ENSG00000104131 	 0 	 0.1273423 
0000000168 ENSG00000204583 	 0 	 0.1768136 
0000000169 ENSG00000177426 	 0 	 0.1701255 
0000000171 ENSG00000021645 	 0 	 0.1704809 
0000000173 ENSG00000150527 	 0 	 0.1833799 
0000000177 ENSG00000086666 	 0 	 0.1663721 
0000000183 ENSG00000126602 	 0 	 0.1788637 
0000000185 ENSG00000182612 	 0 	 0.1703947 
0000000188 ENSG00000136490 	 0 	 0.2507067 
0000000190 ENSG00000053747 	 0 	 0.2064935 
0000000191 ENSG00000131037 	 0 	 0.1140081 
0000000192 ENSG00000130734 	 0 	 0.1658292 
0000000193 ENSG00000171302 	 0 	 0.1626645 
