# Prediction results for:	 GO:0060420 
# Model used:	 group_lasso 
# ROC AUC score:	 0.459708 
# All tissues were included
# Best penalty parameter (CV): 4.068308 
# tissue	 1 	 5 
# tissue	 2 	 5 
# tissue	 3 	 5 
# tissue	 4 	 5 
# tissue	 5 	 5 
# tissue	 6 	 5 
# tissue	 7 	 5 
# tissue	 8 	 5 
# tissue	 9 	 5 
# tissue	 10 	 5 
# tissue	 11 	 5 
# tissue	 12 	 5 
# tissue	 13 	 5 
# tissue	 14 	 5 
# tissue	 15 	 5 
# tissue	 16 	 5 
# tissue	 17 	 5 
# tissue	 18 	 5 
# tissue	 19 	 5 
# tissue	 20 	 5 
# tissue	 21 	 5 
# tissue	 22 	 5 
# tissue	 23 	 5 
# tissue	 24 	 5 
# tissue	 25 	 5 
# tissue	 26 	 5 
# tissue	 27 	 5 
# tissue	 28 	 5 
# tissue	 29 	 5 
# tissue	 30 	 5 
# tissue	 31 	 5 
# tissue	 32 	 5 
# tissue	 33 	 5 
# tissue	 34 	 5 
# tissue	 35 	 5 
# tissue	 36 	 5 
# tissue	 37 	 5 
# tissue	 38 	 5 
# tissue	 39 	 5 
# tissue	 40 	 5 
# tissue	 41 	 5 
# tissue	 42 	 5 
# tissue	 43 	 5 
# tissue	 44 	 5 
# tissue	 45 	 5 
# tissue	 46 	 5 
# tissue	 47 	 5 
# tissue	 48 	 5 
# tissue	 49 	 5 
# tissue	 50 	 5 
# tissue	 51 	 5 
# tissue	 52 	 5 
# tissue	 53 	 5 
# Coefficients:
1 	 0 
1 	 0 
1 	 0 
1 	 0 
1 	 0 
2 	 0 
2 	 0 
2 	 0 
2 	 0 
2 	 0 
3 	 0 
3 	 0 
3 	 0 
3 	 0 
3 	 0 
4 	 0 
4 	 0 
4 	 0 
4 	 0 
4 	 0 
5 	 0 
5 	 0 
5 	 0 
5 	 0 
5 	 0 
6 	 0 
6 	 0 
6 	 0 
6 	 0 
6 	 0 
7 	 0 
7 	 0 
7 	 0 
7 	 0 
7 	 0 
8 	 0 
8 	 0 
8 	 0 
8 	 0 
8 	 0 
9 	 0 
9 	 0 
9 	 0 
9 	 0 
9 	 0 
10 	 0 
10 	 0 
10 	 0 
10 	 0 
10 	 0 
11 	 0 
11 	 0 
11 	 0 
11 	 0 
11 	 0 
12 	 0 
12 	 0 
12 	 0 
12 	 0 
12 	 0 
13 	 0 
13 	 0 
13 	 0 
13 	 0 
13 	 0 
14 	 0 
14 	 0 
14 	 0 
14 	 0 
14 	 0 
15 	 0 
15 	 0 
15 	 0 
15 	 0 
15 	 0 
16 	 0 
16 	 0 
16 	 0 
16 	 0 
16 	 0 
17 	 0 
17 	 0 
17 	 0 
17 	 0 
17 	 0 
18 	 0 
18 	 0 
18 	 0 
18 	 0 
18 	 0 
19 	 0 
19 	 0 
19 	 0 
19 	 0 
19 	 0 
20 	 0 
20 	 0 
20 	 0 
20 	 0 
20 	 0 
21 	 0 
21 	 0 
21 	 0 
21 	 0 
21 	 0 
22 	 0 
22 	 0 
22 	 0 
22 	 0 
22 	 0 
23 	 0 
23 	 0 
23 	 0 
23 	 0 
23 	 0 
24 	 0 
24 	 0 
24 	 0 
24 	 0 
24 	 0 
25 	 0 
25 	 0 
25 	 0 
25 	 0 
25 	 0 
26 	 0 
26 	 0 
26 	 0 
26 	 0 
26 	 0 
27 	 0 
27 	 0 
27 	 0 
27 	 0 
27 	 0 
28 	 0 
28 	 0 
28 	 0 
28 	 0 
28 	 0 
29 	 -0.01828071 
29 	 -0.07098399 
29 	 0.05056006 
29 	 0.7506626 
29 	 0.374564 
30 	 0 
30 	 0 
30 	 0 
30 	 0 
30 	 0 
31 	 0 
31 	 0 
31 	 0 
31 	 0 
31 	 0 
32 	 0 
32 	 0 
32 	 0 
32 	 0 
32 	 0 
33 	 0 
33 	 0 
33 	 0 
33 	 0 
33 	 0 
34 	 0 
34 	 0 
34 	 0 
34 	 0 
34 	 0 
35 	 0 
35 	 0 
35 	 0 
35 	 0 
35 	 0 
36 	 0 
36 	 0 
36 	 0 
36 	 0 
36 	 0 
37 	 0 
37 	 0 
37 	 0 
37 	 0 
37 	 0 
38 	 0 
38 	 0 
38 	 0 
38 	 0 
38 	 0 
39 	 0 
39 	 0 
39 	 0 
39 	 0 
39 	 0 
40 	 0 
40 	 0 
40 	 0 
40 	 0 
40 	 0 
41 	 0 
41 	 0 
41 	 0 
41 	 0 
41 	 0 
42 	 0 
42 	 0 
42 	 0 
42 	 0 
42 	 0 
43 	 0 
43 	 0 
43 	 0 
43 	 0 
43 	 0 
44 	 0 
44 	 0 
44 	 0 
44 	 0 
44 	 0 
45 	 0 
45 	 0 
45 	 0 
45 	 0 
45 	 0 
46 	 0 
46 	 0 
46 	 0 
46 	 0 
46 	 0 
47 	 0 
47 	 0 
47 	 0 
47 	 0 
47 	 0 
48 	 0 
48 	 0 
48 	 0 
48 	 0 
48 	 0 
49 	 0 
49 	 0 
49 	 0 
49 	 0 
49 	 0 
50 	 0 
50 	 0 
50 	 0 
50 	 0 
50 	 0 
51 	 0 
51 	 0 
51 	 0 
51 	 0 
51 	 0 
52 	 0 
52 	 0 
52 	 0 
52 	 0 
52 	 0 
53 	 0 
53 	 0 
53 	 0 
53 	 0 
53 	 0 
# Gene ID	Label	Prediction
0000000003 ENSG00000105723 	 1 	 0.1037651 
0000000006 ENSG00000117707 	 1 	 0.1153885 
0000000007 ENSG00000138685 	 1 	 0.1092259 
0000000011 ENSG00000157168 	 1 	 0.227966 
0000000015 ENSG00000184937 	 1 	 0.1184683 
0000000017 ENSG00000066468 	 1 	 0.1161415 
0000000018 ENSG00000081189 	 1 	 0.1167154 
0000000005 ENSG00000121417 	 0 	 0.11551 
0000000010 ENSG00000120907 	 0 	 0.244594 
0000000014 ENSG00000042445 	 0 	 0.167857 
0000000017 ENSG00000087085 	 0 	 0.2501924 
0000000019 ENSG00000149016 	 0 	 0.2088912 
0000000028 ENSG00000095794 	 0 	 0.1291361 
0000000031 ENSG00000162931 	 0 	 0.1270198 
0000000037 ENSG00000169605 	 0 	 0.09815261 
0000000038 ENSG00000107105 	 0 	 0.1161156 
0000000046 ENSG00000180116 	 0 	 0.1153885 
0000000050 ENSG00000184601 	 0 	 0.1596917 
0000000056 ENSG00000233276 	 0 	 0.05710956 
0000000062 ENSG00000119321 	 0 	 0.129409 
0000000063 ENSG00000149599 	 0 	 0.1154601 
0000000068 ENSG00000076242 	 0 	 0.06087061 
0000000069 ENSG00000033867 	 0 	 0.1153885 
0000000075 ENSG00000185842 	 0 	 0.1206462 
0000000076 ENSG00000091972 	 0 	 0.2074274 
0000000077 ENSG00000005483 	 0 	 0.1153885 
0000000078 ENSG00000196428 	 0 	 0.1069906 
0000000079 ENSG00000064225 	 0 	 0.1153885 
0000000080 ENSG00000169504 	 0 	 0.1153885 
0000000082 ENSG00000159363 	 0 	 0.1148126 
0000000084 ENSG00000168916 	 0 	 0.3148432 
0000000089 ENSG00000164953 	 0 	 0.1153885 
0000000091 ENSG00000048649 	 0 	 0.1149861 
0000000092 ENSG00000120457 	 0 	 0.1231711 
0000000093 ENSG00000119616 	 0 	 0.1134244 
0000000095 ENSG00000151491 	 0 	 0.1153885 
0000000096 ENSG00000261701 	 0 	 0.3199448 
0000000099 ENSG00000139910 	 0 	 0.1177957 
0000000105 ENSG00000162069 	 0 	 0.1123313 
0000000109 ENSG00000171466 	 0 	 0.1258502 
0000000110 ENSG00000153885 	 0 	 0.09932357 
0000000111 ENSG00000184828 	 0 	 0.1153099 
0000000113 ENSG00000126456 	 0 	 0.1153885 
