# Prediction results for:	 GO:0045639 
# Model used:	 group_lasso 
# ROC AUC score:	 0.5515927 
# All tissues were included
# Best penalty parameter (CV): 5.919995 
# tissue	 1 	 5 
# tissue	 2 	 5 
# tissue	 3 	 5 
# tissue	 4 	 5 
# tissue	 5 	 5 
# tissue	 6 	 5 
# tissue	 7 	 5 
# tissue	 8 	 5 
# tissue	 9 	 5 
# tissue	 10 	 5 
# tissue	 11 	 5 
# tissue	 12 	 5 
# tissue	 13 	 5 
# tissue	 14 	 5 
# tissue	 15 	 5 
# tissue	 16 	 5 
# tissue	 17 	 5 
# tissue	 18 	 5 
# tissue	 19 	 5 
# tissue	 20 	 5 
# tissue	 21 	 5 
# tissue	 22 	 5 
# tissue	 23 	 5 
# tissue	 24 	 5 
# tissue	 25 	 5 
# tissue	 26 	 5 
# tissue	 27 	 5 
# tissue	 28 	 5 
# tissue	 29 	 5 
# tissue	 30 	 5 
# tissue	 31 	 5 
# tissue	 32 	 5 
# tissue	 33 	 5 
# tissue	 34 	 5 
# tissue	 35 	 5 
# tissue	 36 	 5 
# tissue	 37 	 5 
# tissue	 38 	 5 
# tissue	 39 	 5 
# tissue	 40 	 5 
# tissue	 41 	 5 
# tissue	 42 	 5 
# tissue	 43 	 5 
# tissue	 44 	 5 
# tissue	 45 	 5 
# tissue	 46 	 5 
# tissue	 47 	 5 
# tissue	 48 	 5 
# tissue	 49 	 5 
# tissue	 50 	 5 
# tissue	 51 	 5 
# tissue	 52 	 5 
# tissue	 53 	 5 
# Coefficients:
1 	 0 
1 	 0 
1 	 0 
1 	 0 
1 	 0 
2 	 0 
2 	 0 
2 	 0 
2 	 0 
2 	 0 
3 	 0 
3 	 0 
3 	 0 
3 	 0 
3 	 0 
4 	 0 
4 	 0 
4 	 0 
4 	 0 
4 	 0 
5 	 0 
5 	 0 
5 	 0 
5 	 0 
5 	 0 
6 	 0 
6 	 0 
6 	 0 
6 	 0 
6 	 0 
7 	 0 
7 	 0 
7 	 0 
7 	 0 
7 	 0 
8 	 0 
8 	 0 
8 	 0 
8 	 0 
8 	 0 
9 	 0 
9 	 0 
9 	 0 
9 	 0 
9 	 0 
10 	 0 
10 	 0 
10 	 0 
10 	 0 
10 	 0 
11 	 0 
11 	 0 
11 	 0 
11 	 0 
11 	 0 
12 	 0 
12 	 0 
12 	 0 
12 	 0 
12 	 0 
13 	 0 
13 	 0 
13 	 0 
13 	 0 
13 	 0 
14 	 0 
14 	 0 
14 	 0 
14 	 0 
14 	 0 
15 	 0 
15 	 0 
15 	 0 
15 	 0 
15 	 0 
16 	 0 
16 	 0 
16 	 0 
16 	 0 
16 	 0 
17 	 0 
17 	 0 
17 	 0 
17 	 0 
17 	 0 
18 	 0 
18 	 0 
18 	 0 
18 	 0 
18 	 0 
19 	 0 
19 	 0 
19 	 0 
19 	 0 
19 	 0 
20 	 0 
20 	 0 
20 	 0 
20 	 0 
20 	 0 
21 	 0 
21 	 0 
21 	 0 
21 	 0 
21 	 0 
22 	 0 
22 	 0 
22 	 0 
22 	 0 
22 	 0 
23 	 0 
23 	 0 
23 	 0 
23 	 0 
23 	 0 
24 	 0 
24 	 0 
24 	 0 
24 	 0 
24 	 0 
25 	 0 
25 	 0 
25 	 0 
25 	 0 
25 	 0 
26 	 0 
26 	 0 
26 	 0 
26 	 0 
26 	 0 
27 	 0 
27 	 0 
27 	 0 
27 	 0 
27 	 0 
28 	 0 
28 	 0 
28 	 0 
28 	 0 
28 	 0 
29 	 0 
29 	 0 
29 	 0 
29 	 0 
29 	 0 
30 	 0 
30 	 0 
30 	 0 
30 	 0 
30 	 0 
31 	 0 
31 	 0 
31 	 0 
31 	 0 
31 	 0 
32 	 0 
32 	 0 
32 	 0 
32 	 0 
32 	 0 
33 	 0 
33 	 0 
33 	 0 
33 	 0 
33 	 0 
34 	 0 
34 	 0 
34 	 0 
34 	 0 
34 	 0 
35 	 0 
35 	 0 
35 	 0 
35 	 0 
35 	 0 
36 	 0 
36 	 0 
36 	 0 
36 	 0 
36 	 0 
37 	 0 
37 	 0 
37 	 0 
37 	 0 
37 	 0 
38 	 0 
38 	 0 
38 	 0 
38 	 0 
38 	 0 
39 	 0 
39 	 0 
39 	 0 
39 	 0 
39 	 0 
40 	 0 
40 	 0 
40 	 0 
40 	 0 
40 	 0 
41 	 -0.001278099 
41 	 0.001042728 
41 	 0.02083107 
41 	 0.001627142 
41 	 0.008695022 
42 	 -0.02957119 
42 	 0.239423 
42 	 -0.08324686 
42 	 -0.0009300731 
42 	 0.1197465 
43 	 0 
43 	 0 
43 	 0 
43 	 0 
43 	 0 
44 	 0 
44 	 0 
44 	 0 
44 	 0 
44 	 0 
45 	 0 
45 	 0 
45 	 0 
45 	 0 
45 	 0 
46 	 0 
46 	 0 
46 	 0 
46 	 0 
46 	 0 
47 	 0 
47 	 0 
47 	 0 
47 	 0 
47 	 0 
48 	 0 
48 	 0 
48 	 0 
48 	 0 
48 	 0 
49 	 -0.00161698 
49 	 -0.002453427 
49 	 -0.0006830734 
49 	 0.007873323 
49 	 0.0006873759 
50 	 0 
50 	 0 
50 	 0 
50 	 0 
50 	 0 
51 	 0 
51 	 0 
51 	 0 
51 	 0 
51 	 0 
52 	 0 
52 	 0 
52 	 0 
52 	 0 
52 	 0 
53 	 0 
53 	 0 
53 	 0 
53 	 0 
53 	 0 
# Gene ID	Label	Prediction
0000000003 ENSG00000090534 	 1 	 0.1556352 
0000000006 ENSG00000108342 	 1 	 0.152175 
0000000008 ENSG00000111537 	 1 	 0.1676903 
0000000010 ENSG00000113302 	 1 	 0.1497421 
0000000014 ENSG00000128342 	 1 	 0.1746525 
0000000015 ENSG00000005483 	 1 	 0.2474105 
0000000018 ENSG00000100813 	 1 	 0.1464907 
0000000023 ENSG00000154229 	 1 	 0.1465582 
0000000026 ENSG00000162367 	 1 	 0.1609311 
0000000028 ENSG00000163823 	 1 	 0.1909683 
0000000031 ENSG00000006747 	 1 	 0.1453485 
0000000032 ENSG00000164935 	 1 	 0.1458653 
0000000034 ENSG00000125686 	 1 	 0.1985508 
0000000036 ENSG00000180353 	 1 	 0.5127648 
0000000037 ENSG00000134954 	 1 	 0.146457 
0000000038 ENSG00000100644 	 1 	 0.2592313 
0000000039 ENSG00000143575 	 1 	 0.1681438 
0000000043 ENSG00000088992 	 1 	 0.1479092 
0000000046 ENSG00000162594 	 1 	 0.1463335 
0000000047 ENSG00000175104 	 1 	 0.1994358 
0000000052 ENSG00000178585 	 1 	 0.1421449 
0000000053 ENSG00000126457 	 1 	 0.3064378 
0000000007 ENSG00000104888 	 0 	 0.1466125 
0000000008 ENSG00000109132 	 0 	 0.1420914 
0000000010 ENSG00000122375 	 0 	 0.1462849 
0000000014 ENSG00000143870 	 0 	 0.3942718 
0000000019 ENSG00000164106 	 0 	 0.1385491 
0000000022 ENSG00000128641 	 0 	 0.1149414 
0000000023 ENSG00000169683 	 0 	 0.2781957 
0000000027 ENSG00000178149 	 0 	 0.1600383 
0000000029 ENSG00000248905 	 0 	 0.1433804 
0000000030 ENSG00000137216 	 0 	 0.1708375 
0000000031 ENSG00000153132 	 0 	 0.1439337 
0000000032 ENSG00000185842 	 0 	 0.1464891 
0000000042 ENSG00000106714 	 0 	 0.1682269 
0000000048 ENSG00000162735 	 0 	 0.2187992 
0000000049 ENSG00000176769 	 0 	 0.1400038 
0000000051 ENSG00000171116 	 0 	 0.1800954 
0000000052 ENSG00000120054 	 0 	 0.1464464 
0000000053 ENSG00000185985 	 0 	 0.140525 
0000000054 ENSG00000241935 	 0 	 0.1442595 
0000000060 ENSG00000165029 	 0 	 0.1877686 
0000000061 ENSG00000099250 	 0 	 0.1464786 
0000000062 ENSG00000147059 	 0 	 0.1419961 
0000000063 ENSG00000077327 	 0 	 0.1476801 
0000000068 ENSG00000028528 	 0 	 0.2830883 
0000000073 ENSG00000108387 	 0 	 0.1835478 
0000000075 ENSG00000085998 	 0 	 0.2062269 
0000000078 ENSG00000086712 	 0 	 0.1636171 
0000000081 ENSG00000115685 	 0 	 0.2156825 
0000000083 ENSG00000137869 	 0 	 0.1464891 
0000000094 ENSG00000100360 	 0 	 0.1464891 
0000000095 ENSG00000167716 	 0 	 0.1477382 
0000000108 ENSG00000169519 	 0 	 0.1525054 
0000000113 ENSG00000117748 	 0 	 0.146511 
0000000114 ENSG00000173531 	 0 	 0.3379613 
0000000115 ENSG00000168883 	 0 	 0.1470617 
0000000122 ENSG00000164654 	 0 	 0.1421133 
0000000129 ENSG00000196517 	 0 	 0.1466797 
0000000131 ENSG00000163539 	 0 	 0.1220668 
0000000135 ENSG00000104524 	 0 	 0.1466102 
0000000137 ENSG00000132463 	 0 	 0.1429666 
0000000146 ENSG00000197451 	 0 	 0.25174 
0000000148 ENSG00000133878 	 0 	 0.1483065 
0000000149 ENSG00000113645 	 0 	 0.1390894 
0000000150 ENSG00000186474 	 0 	 0.1449143 
0000000153 ENSG00000087365 	 0 	 0.1495268 
0000000155 ENSG00000116497 	 0 	 0.1467553 
0000000158 ENSG00000087494 	 0 	 0.1478849 
0000000161 ENSG00000176871 	 0 	 0.1466258 
0000000164 ENSG00000169851 	 0 	 0.1348777 
0000000166 ENSG00000179832 	 0 	 0.3348291 
0000000171 ENSG00000135447 	 0 	 0.1382839 
0000000174 ENSG00000187778 	 0 	 0.160667 
0000000175 ENSG00000131981 	 0 	 0.1516702 
0000000182 ENSG00000167005 	 0 	 0.1470677 
0000000186 ENSG00000121064 	 0 	 0.1430917 
0000000187 ENSG00000181031 	 0 	 0.1350621 
0000000189 ENSG00000213246 	 0 	 0.1705636 
0000000191 ENSG00000005243 	 0 	 0.1387648 
0000000196 ENSG00000174652 	 0 	 0.2227625 
