# Prediction results for:	 GO:0045190 
# Model used:	 group_lasso 
# ROC AUC score:	 0.5381944 
# All tissues were included
# Best penalty parameter (CV): 0.2318909 
# tissue	 1 	 5 
# tissue	 2 	 5 
# tissue	 3 	 5 
# tissue	 4 	 5 
# tissue	 5 	 5 
# tissue	 6 	 5 
# tissue	 7 	 5 
# tissue	 8 	 5 
# tissue	 9 	 5 
# tissue	 10 	 5 
# tissue	 11 	 5 
# tissue	 12 	 5 
# tissue	 13 	 5 
# tissue	 14 	 5 
# tissue	 15 	 5 
# tissue	 16 	 5 
# tissue	 17 	 5 
# tissue	 18 	 5 
# tissue	 19 	 5 
# tissue	 20 	 5 
# tissue	 21 	 5 
# tissue	 22 	 5 
# tissue	 23 	 5 
# tissue	 24 	 5 
# tissue	 25 	 5 
# tissue	 26 	 5 
# tissue	 27 	 5 
# tissue	 28 	 5 
# tissue	 29 	 5 
# tissue	 30 	 5 
# tissue	 31 	 5 
# tissue	 32 	 5 
# tissue	 33 	 5 
# tissue	 34 	 5 
# tissue	 35 	 5 
# tissue	 36 	 5 
# tissue	 37 	 5 
# tissue	 38 	 5 
# tissue	 39 	 5 
# tissue	 40 	 5 
# tissue	 41 	 5 
# tissue	 42 	 5 
# tissue	 43 	 5 
# tissue	 44 	 5 
# tissue	 45 	 5 
# tissue	 46 	 5 
# tissue	 47 	 5 
# tissue	 48 	 5 
# tissue	 49 	 5 
# tissue	 50 	 5 
# tissue	 51 	 5 
# tissue	 52 	 5 
# tissue	 53 	 5 
# Coefficients:
1 	 0 
1 	 0 
1 	 0 
1 	 0 
1 	 0 
2 	 0 
2 	 0 
2 	 0 
2 	 0 
2 	 0 
3 	 0 
3 	 0 
3 	 0 
3 	 0 
3 	 0 
4 	 0 
4 	 0 
4 	 0 
4 	 0 
4 	 0 
5 	 -0.01075978 
5 	 -0.1394776 
5 	 0.07676114 
5 	 0.168445 
5 	 -0.1668283 
6 	 0 
6 	 0 
6 	 0 
6 	 0 
6 	 0 
7 	 -0.005931102 
7 	 0.05688018 
7 	 0.08239595 
7 	 0.009590707 
7 	 -0.03098741 
8 	 0 
8 	 0 
8 	 0 
8 	 0 
8 	 0 
9 	 -0.01017808 
9 	 0.07129059 
9 	 -0.03689359 
9 	 0.0002998225 
9 	 -0.07817576 
10 	 -0.1000125 
10 	 -0.7730656 
10 	 -0.7810491 
10 	 0.06970761 
10 	 0.2673358 
11 	 0 
11 	 0 
11 	 0 
11 	 0 
11 	 0 
12 	 0 
12 	 0 
12 	 0 
12 	 0 
12 	 0 
13 	 -0.01068263 
13 	 -0.06187682 
13 	 -0.01748043 
13 	 0.0238563 
13 	 -0.1263268 
14 	 0 
14 	 0 
14 	 0 
14 	 0 
14 	 0 
15 	 0 
15 	 0 
15 	 0 
15 	 0 
15 	 0 
16 	 0 
16 	 0 
16 	 0 
16 	 0 
16 	 0 
17 	 0 
17 	 0 
17 	 0 
17 	 0 
17 	 0 
18 	 0 
18 	 0 
18 	 0 
18 	 0 
18 	 0 
19 	 0 
19 	 0 
19 	 0 
19 	 0 
19 	 0 
20 	 0 
20 	 0 
20 	 0 
20 	 0 
20 	 0 
21 	 -0.01479523 
21 	 0.1286081 
21 	 -0.1010832 
21 	 0.1764547 
21 	 0.139987 
22 	 -0.06949919 
22 	 0.6401558 
22 	 -0.7353603 
22 	 0.6736646 
22 	 -0.9053236 
23 	 0 
23 	 0 
23 	 0 
23 	 0 
23 	 0 
24 	 0 
24 	 0 
24 	 0 
24 	 0 
24 	 0 
25 	 0 
25 	 0 
25 	 0 
25 	 0 
25 	 0 
26 	 0 
26 	 0 
26 	 0 
26 	 0 
26 	 0 
27 	 0 
27 	 0 
27 	 0 
27 	 0 
27 	 0 
28 	 0 
28 	 0 
28 	 0 
28 	 0 
28 	 0 
29 	 0 
29 	 0 
29 	 0 
29 	 0 
29 	 0 
30 	 0 
30 	 0 
30 	 0 
30 	 0 
30 	 0 
31 	 0 
31 	 0 
31 	 0 
31 	 0 
31 	 0 
32 	 0 
32 	 0 
32 	 0 
32 	 0 
32 	 0 
33 	 0 
33 	 0 
33 	 0 
33 	 0 
33 	 0 
34 	 0 
34 	 0 
34 	 0 
34 	 0 
34 	 0 
35 	 -0.02678019 
35 	 -0.3172983 
35 	 0.1852687 
35 	 0.06547553 
35 	 -0.1543276 
36 	 0 
36 	 0 
36 	 0 
36 	 0 
36 	 0 
37 	 0 
37 	 0 
37 	 0 
37 	 0 
37 	 0 
38 	 0 
38 	 0 
38 	 0 
38 	 0 
38 	 0 
39 	 0 
39 	 0 
39 	 0 
39 	 0 
39 	 0 
40 	 0 
40 	 0 
40 	 0 
40 	 0 
40 	 0 
41 	 0 
41 	 0 
41 	 0 
41 	 0 
41 	 0 
42 	 0 
42 	 0 
42 	 0 
42 	 0 
42 	 0 
43 	 0 
43 	 0 
43 	 0 
43 	 0 
43 	 0 
44 	 0 
44 	 0 
44 	 0 
44 	 0 
44 	 0 
45 	 0 
45 	 0 
45 	 0 
45 	 0 
45 	 0 
46 	 0 
46 	 0 
46 	 0 
46 	 0 
46 	 0 
47 	 0 
47 	 0 
47 	 0 
47 	 0 
47 	 0 
48 	 0 
48 	 0 
48 	 0 
48 	 0 
48 	 0 
49 	 0 
49 	 0 
49 	 0 
49 	 0 
49 	 0 
50 	 -0.1522886 
50 	 1.304654 
50 	 0.9333687 
50 	 1.809509 
50 	 1.598338 
51 	 0 
51 	 0 
51 	 0 
51 	 0 
51 	 0 
52 	 0 
52 	 0 
52 	 0 
52 	 0 
52 	 0 
53 	 -0.00336957 
53 	 0.0364832 
53 	 0.007748855 
53 	 -0.00553797 
53 	 0.02882569 
# Gene ID	Label	Prediction
0000000006 ENSG00000156127 	 1 	 0.6235769 
0000000007 ENSG00000163961 	 1 	 0.5266666 
0000000011 ENSG00000102245 	 1 	 0.03025473 
0000000003 ENSG00000091640 	 0 	 0.9998998 
0000000005 ENSG00000168306 	 0 	 0.979544 
0000000014 ENSG00000079337 	 0 	 0.06493892 
0000000017 ENSG00000231475 	 0 	 0.005217409 
0000000021 ENSG00000158941 	 0 	 0.04268165 
0000000023 ENSG00000150787 	 0 	 0.01548442 
0000000024 ENSG00000171492 	 0 	 0.008607006 
0000000028 ENSG00000133687 	 0 	 0.008643443 
0000000030 ENSG00000140043 	 0 	 0.01303661 
