# Prediction results for:	 GO:0045444 
# Model used:	 group_lasso 
# ROC AUC score:	 0.5398308 
# All tissues were included
# Best penalty parameter (CV): 5.520846 
# tissue	 1 	 5 
# tissue	 2 	 5 
# tissue	 3 	 5 
# tissue	 4 	 5 
# tissue	 5 	 5 
# tissue	 6 	 5 
# tissue	 7 	 5 
# tissue	 8 	 5 
# tissue	 9 	 5 
# tissue	 10 	 5 
# tissue	 11 	 5 
# tissue	 12 	 5 
# tissue	 13 	 5 
# tissue	 14 	 5 
# tissue	 15 	 5 
# tissue	 16 	 5 
# tissue	 17 	 5 
# tissue	 18 	 5 
# tissue	 19 	 5 
# tissue	 20 	 5 
# tissue	 21 	 5 
# tissue	 22 	 5 
# tissue	 23 	 5 
# tissue	 24 	 5 
# tissue	 25 	 5 
# tissue	 26 	 5 
# tissue	 27 	 5 
# tissue	 28 	 5 
# tissue	 29 	 5 
# tissue	 30 	 5 
# tissue	 31 	 5 
# tissue	 32 	 5 
# tissue	 33 	 5 
# tissue	 34 	 5 
# tissue	 35 	 5 
# tissue	 36 	 5 
# tissue	 37 	 5 
# tissue	 38 	 5 
# tissue	 39 	 5 
# tissue	 40 	 5 
# tissue	 41 	 5 
# tissue	 42 	 5 
# tissue	 43 	 5 
# tissue	 44 	 5 
# tissue	 45 	 5 
# tissue	 46 	 5 
# tissue	 47 	 5 
# tissue	 48 	 5 
# tissue	 49 	 5 
# tissue	 50 	 5 
# tissue	 51 	 5 
# tissue	 52 	 5 
# tissue	 53 	 5 
# Coefficients:
1 	 0 
1 	 0 
1 	 0 
1 	 0 
1 	 0 
2 	 -0.001722443 
2 	 0.0506702 
2 	 -0.2724098 
2 	 0.05322318 
2 	 -0.1604217 
3 	 -0.001907213 
3 	 -0.03452135 
3 	 0.04655648 
3 	 0.02473662 
3 	 0.1074573 
4 	 0 
4 	 0 
4 	 0 
4 	 0 
4 	 0 
5 	 0 
5 	 0 
5 	 0 
5 	 0 
5 	 0 
6 	 0 
6 	 0 
6 	 0 
6 	 0 
6 	 0 
7 	 0 
7 	 0 
7 	 0 
7 	 0 
7 	 0 
8 	 0 
8 	 0 
8 	 0 
8 	 0 
8 	 0 
9 	 0 
9 	 0 
9 	 0 
9 	 0 
9 	 0 
10 	 0 
10 	 0 
10 	 0 
10 	 0 
10 	 0 
11 	 0 
11 	 0 
11 	 0 
11 	 0 
11 	 0 
12 	 0 
12 	 0 
12 	 0 
12 	 0 
12 	 0 
13 	 0 
13 	 0 
13 	 0 
13 	 0 
13 	 0 
14 	 0 
14 	 0 
14 	 0 
14 	 0 
14 	 0 
15 	 0 
15 	 0 
15 	 0 
15 	 0 
15 	 0 
16 	 0 
16 	 0 
16 	 0 
16 	 0 
16 	 0 
17 	 0 
17 	 0 
17 	 0 
17 	 0 
17 	 0 
18 	 0 
18 	 0 
18 	 0 
18 	 0 
18 	 0 
19 	 0 
19 	 0 
19 	 0 
19 	 0 
19 	 0 
20 	 0 
20 	 0 
20 	 0 
20 	 0 
20 	 0 
21 	 0 
21 	 0 
21 	 0 
21 	 0 
21 	 0 
22 	 0 
22 	 0 
22 	 0 
22 	 0 
22 	 0 
23 	 -0.001305306 
23 	 0.04506265 
23 	 -0.05318401 
23 	 -0.1344443 
23 	 0.03671303 
24 	 0 
24 	 0 
24 	 0 
24 	 0 
24 	 0 
25 	 0 
25 	 0 
25 	 0 
25 	 0 
25 	 0 
26 	 0 
26 	 0 
26 	 0 
26 	 0 
26 	 0 
27 	 0 
27 	 0 
27 	 0 
27 	 0 
27 	 0 
28 	 0 
28 	 0 
28 	 0 
28 	 0 
28 	 0 
29 	 0 
29 	 0 
29 	 0 
29 	 0 
29 	 0 
30 	 0 
30 	 0 
30 	 0 
30 	 0 
30 	 0 
31 	 -0.001944357 
31 	 0.001708 
31 	 -0.1413266 
31 	 -0.1391298 
31 	 -0.04950411 
32 	 0 
32 	 0 
32 	 0 
32 	 0 
32 	 0 
33 	 0 
33 	 0 
33 	 0 
33 	 0 
33 	 0 
34 	 0 
34 	 0 
34 	 0 
34 	 0 
34 	 0 
35 	 0 
35 	 0 
35 	 0 
35 	 0 
35 	 0 
36 	 0 
36 	 0 
36 	 0 
36 	 0 
36 	 0 
37 	 0 
37 	 0 
37 	 0 
37 	 0 
37 	 0 
38 	 0 
38 	 0 
38 	 0 
38 	 0 
38 	 0 
39 	 0 
39 	 0 
39 	 0 
39 	 0 
39 	 0 
40 	 0 
40 	 0 
40 	 0 
40 	 0 
40 	 0 
41 	 0 
41 	 0 
41 	 0 
41 	 0 
41 	 0 
42 	 0 
42 	 0 
42 	 0 
42 	 0 
42 	 0 
43 	 0 
43 	 0 
43 	 0 
43 	 0 
43 	 0 
44 	 0 
44 	 0 
44 	 0 
44 	 0 
44 	 0 
45 	 -0.003577265 
45 	 0.05159961 
45 	 0.002668702 
45 	 0.002738986 
45 	 -0.2041645 
46 	 0 
46 	 0 
46 	 0 
46 	 0 
46 	 0 
47 	 0 
47 	 0 
47 	 0 
47 	 0 
47 	 0 
48 	 0 
48 	 0 
48 	 0 
48 	 0 
48 	 0 
49 	 0.001807876 
49 	 0.006638821 
49 	 0.0382586 
49 	 -0.006645371 
49 	 -0.06926797 
50 	 0 
50 	 0 
50 	 0 
50 	 0 
50 	 0 
51 	 0 
51 	 0 
51 	 0 
51 	 0 
51 	 0 
52 	 0 
52 	 0 
52 	 0 
52 	 0 
52 	 0 
53 	 0 
53 	 0 
53 	 0 
53 	 0 
53 	 0 
# Gene ID	Label	Prediction
0000000003 ENSG00000096717 	 1 	 0.1634477 
0000000004 ENSG00000100211 	 1 	 0.1507435 
0000000010 ENSG00000126262 	 1 	 0.1308515 
0000000012 ENSG00000091039 	 1 	 0.1388791 
0000000014 ENSG00000100393 	 1 	 0.1716843 
0000000016 ENSG00000138686 	 1 	 0.1241395 
0000000017 ENSG00000095752 	 1 	 0.1066741 
0000000021 ENSG00000168000 	 1 	 0.1378037 
0000000022 ENSG00000156466 	 1 	 0.1115666 
0000000027 ENSG00000163083 	 1 	 0.1045015 
0000000030 ENSG00000164307 	 1 	 0.2229621 
0000000031 ENSG00000125686 	 1 	 0.1533339 
0000000036 ENSG00000176845 	 1 	 0.20507 
0000000042 ENSG00000148737 	 1 	 0.1268046 
0000000043 ENSG00000125863 	 1 	 0.1621577 
0000000044 ENSG00000149948 	 1 	 0.1267804 
0000000045 ENSG00000105270 	 1 	 0.05102485 
0000000049 ENSG00000204264 	 1 	 0.1365085 
0000000050 ENSG00000150907 	 1 	 0.2650313 
0000000052 ENSG00000189077 	 1 	 0.177496 
0000000053 ENSG00000169136 	 1 	 0.2296945 
0000000054 ENSG00000101493 	 1 	 0.09995577 
0000000004 ENSG00000090863 	 0 	 0.1268426 
0000000007 ENSG00000112218 	 0 	 0.1004551 
0000000012 ENSG00000131148 	 0 	 0.1886958 
0000000014 ENSG00000240505 	 0 	 0.1179727 
0000000022 ENSG00000140678 	 0 	 0.1322726 
0000000024 ENSG00000145348 	 0 	 0.1233994 
0000000026 ENSG00000125861 	 0 	 0.1638691 
0000000028 ENSG00000162989 	 0 	 0.1499755 
0000000031 ENSG00000168274 	 0 	 0.05428463 
0000000034 ENSG00000144214 	 0 	 0.06532547 
0000000036 ENSG00000132849 	 0 	 0.1269536 
0000000037 ENSG00000114861 	 0 	 0.1259924 
0000000039 ENSG00000167554 	 0 	 0.1032753 
0000000040 ENSG00000168010 	 0 	 0.144801 
0000000049 ENSG00000124214 	 0 	 0.1264032 
0000000051 ENSG00000185825 	 0 	 0.1659444 
0000000057 ENSG00000113734 	 0 	 0.09992716 
0000000058 ENSG00000142192 	 0 	 0.178086 
0000000059 ENSG00000104067 	 0 	 0.1484077 
0000000062 ENSG00000188620 	 0 	 0.128993 
0000000068 ENSG00000117586 	 0 	 0.1162295 
0000000070 ENSG00000009413 	 0 	 0.173137 
0000000071 ENSG00000143369 	 0 	 0.07369442 
0000000072 ENSG00000168679 	 0 	 0.05210376 
0000000073 ENSG00000124233 	 0 	 0.1247178 
0000000074 ENSG00000196090 	 0 	 0.1268426 
0000000077 ENSG00000137288 	 0 	 0.1966109 
0000000078 ENSG00000158813 	 0 	 0.1381308 
0000000079 ENSG00000204628 	 0 	 0.009520677 
0000000082 ENSG00000172062 	 0 	 0.1282766 
0000000083 ENSG00000018189 	 0 	 0.1165858 
0000000085 ENSG00000122033 	 0 	 0.1590888 
0000000088 ENSG00000106993 	 0 	 0.13182 
0000000092 ENSG00000109758 	 0 	 0.1209041 
0000000094 ENSG00000211808 	 0 	 0.1271349 
0000000095 ENSG00000104960 	 0 	 0.1565897 
0000000096 ENSG00000142046 	 0 	 0.07384729 
0000000097 ENSG00000115415 	 0 	 0.1313029 
0000000100 ENSG00000072571 	 0 	 0.109475 
0000000101 ENSG00000144824 	 0 	 0.1529649 
0000000102 ENSG00000173801 	 0 	 0.2260856 
0000000104 ENSG00000170634 	 0 	 0.2856331 
0000000108 ENSG00000171988 	 0 	 0.196925 
0000000116 ENSG00000159111 	 0 	 0.3486426 
0000000118 ENSG00000186625 	 0 	 0.1305272 
0000000120 ENSG00000122852 	 0 	 0.08571906 
0000000122 ENSG00000167491 	 0 	 0.1321335 
0000000131 ENSG00000198203 	 0 	 0.1512211 
0000000143 ENSG00000120913 	 0 	 0.119958 
0000000144 ENSG00000099957 	 0 	 0.1315698 
0000000150 ENSG00000198910 	 0 	 0.1307206 
0000000151 ENSG00000132716 	 0 	 0.1275046 
0000000154 ENSG00000161048 	 0 	 0.1266526 
0000000157 ENSG00000163412 	 0 	 0.1268426 
0000000158 ENSG00000131381 	 0 	 0.1272882 
0000000168 ENSG00000183684 	 0 	 0.1761842 
0000000173 ENSG00000087008 	 0 	 0.1359871 
0000000174 ENSG00000167904 	 0 	 0.1186786 
0000000187 ENSG00000178999 	 0 	 0.06748887 
0000000189 ENSG00000158301 	 0 	 0.1254384 
0000000193 ENSG00000185432 	 0 	 0.05461693 
0000000194 ENSG00000135486 	 0 	 0.06723755 
0000000203 ENSG00000140368 	 0 	 0.05911077 
0000000210 ENSG00000141198 	 0 	 0.1245919 
0000000211 ENSG00000158201 	 0 	 0.1268908 
0000000216 ENSG00000167766 	 0 	 0.1268426 
0000000218 ENSG00000171606 	 0 	 0.1148878 
