# Prediction results for:	 GO:0001525 
# Model used:	 group_lasso 
# ROC AUC score:	 0.5958145 
# All tissues were included
# Best penalty parameter (CV): 7.157838 
# tissue	 1 	 5 
# tissue	 2 	 5 
# tissue	 3 	 5 
# tissue	 4 	 5 
# tissue	 5 	 5 
# tissue	 6 	 5 
# tissue	 7 	 5 
# tissue	 8 	 5 
# tissue	 9 	 5 
# tissue	 10 	 5 
# tissue	 11 	 5 
# tissue	 12 	 5 
# tissue	 13 	 5 
# tissue	 14 	 5 
# tissue	 15 	 5 
# tissue	 16 	 5 
# tissue	 17 	 5 
# tissue	 18 	 5 
# tissue	 19 	 5 
# tissue	 20 	 5 
# tissue	 21 	 5 
# tissue	 22 	 5 
# tissue	 23 	 5 
# tissue	 24 	 5 
# tissue	 25 	 5 
# tissue	 26 	 5 
# tissue	 27 	 5 
# tissue	 28 	 5 
# tissue	 29 	 5 
# tissue	 30 	 5 
# tissue	 31 	 5 
# tissue	 32 	 5 
# tissue	 33 	 5 
# tissue	 34 	 5 
# tissue	 35 	 5 
# tissue	 36 	 5 
# tissue	 37 	 5 
# tissue	 38 	 5 
# tissue	 39 	 5 
# tissue	 40 	 5 
# tissue	 41 	 5 
# tissue	 42 	 5 
# tissue	 43 	 5 
# tissue	 44 	 5 
# tissue	 45 	 5 
# tissue	 46 	 5 
# tissue	 47 	 5 
# tissue	 48 	 5 
# tissue	 49 	 5 
# tissue	 50 	 5 
# tissue	 51 	 5 
# tissue	 52 	 5 
# tissue	 53 	 5 
# Coefficients:
1 	 0 
1 	 0 
1 	 0 
1 	 0 
1 	 0 
2 	 -0.002349294 
2 	 -0.006140335 
2 	 -0.008407883 
2 	 -0.005416456 
2 	 -0.06774143 
3 	 0 
3 	 0 
3 	 0 
3 	 0 
3 	 0 
4 	 0 
4 	 0 
4 	 0 
4 	 0 
4 	 0 
5 	 0.0002871189 
5 	 0.01297161 
5 	 -0.004054358 
5 	 0.03521189 
5 	 -0.0132606 
6 	 0 
6 	 0 
6 	 0 
6 	 0 
6 	 0 
7 	 0 
7 	 0 
7 	 0 
7 	 0 
7 	 0 
8 	 0 
8 	 0 
8 	 0 
8 	 0 
8 	 0 
9 	 0 
9 	 0 
9 	 0 
9 	 0 
9 	 0 
10 	 0.001658957 
10 	 0.03310921 
10 	 0.09021258 
10 	 -0.08951738 
10 	 0.09237876 
11 	 -0.0008637532 
11 	 0.1926689 
11 	 0.06089985 
11 	 -0.05266737 
11 	 -0.2960206 
12 	 0 
12 	 0 
12 	 0 
12 	 0 
12 	 0 
13 	 0 
13 	 0 
13 	 0 
13 	 0 
13 	 0 
14 	 0 
14 	 0 
14 	 0 
14 	 0 
14 	 0 
15 	 0 
15 	 0 
15 	 0 
15 	 0 
15 	 0 
16 	 0 
16 	 0 
16 	 0 
16 	 0 
16 	 0 
17 	 -0.018856 
17 	 0.004446879 
17 	 -0.09501556 
17 	 0.2843222 
17 	 -0.2967644 
18 	 0 
18 	 0 
18 	 0 
18 	 0 
18 	 0 
19 	 -0.008061169 
19 	 0.06164905 
19 	 -0.05624863 
19 	 -0.3184365 
19 	 -0.2747327 
20 	 0 
20 	 0 
20 	 0 
20 	 0 
20 	 0 
21 	 0 
21 	 0 
21 	 0 
21 	 0 
21 	 0 
22 	 0 
22 	 0 
22 	 0 
22 	 0 
22 	 0 
23 	 0 
23 	 0 
23 	 0 
23 	 0 
23 	 0 
24 	 0 
24 	 0 
24 	 0 
24 	 0 
24 	 0 
25 	 -0.005384128 
25 	 0.106705 
25 	 0.02828345 
25 	 0.0580745 
25 	 -0.01779315 
26 	 0 
26 	 0 
26 	 0 
26 	 0 
26 	 0 
27 	 0 
27 	 0 
27 	 0 
27 	 0 
27 	 0 
28 	 0 
28 	 0 
28 	 0 
28 	 0 
28 	 0 
29 	 0.0006685678 
29 	 0.0002705429 
29 	 0.008690641 
29 	 0.03316636 
29 	 0.01469919 
30 	 -0.003083265 
30 	 -0.06115612 
30 	 0.08300795 
30 	 0.02448669 
30 	 -0.004055789 
31 	 0 
31 	 0 
31 	 0 
31 	 0 
31 	 0 
32 	 8.022037e-06 
32 	 0.001179067 
32 	 0.003038647 
32 	 -0.00386656 
32 	 0.004929518 
33 	 0 
33 	 0 
33 	 0 
33 	 0 
33 	 0 
34 	 0 
34 	 0 
34 	 0 
34 	 0 
34 	 0 
35 	 0 
35 	 0 
35 	 0 
35 	 0 
35 	 0 
36 	 0 
36 	 0 
36 	 0 
36 	 0 
36 	 0 
37 	 0 
37 	 0 
37 	 0 
37 	 0 
37 	 0 
38 	 0 
38 	 0 
38 	 0 
38 	 0 
38 	 0 
39 	 0 
39 	 0 
39 	 0 
39 	 0 
39 	 0 
40 	 -0.001324533 
40 	 -0.01452472 
40 	 -0.01399576 
40 	 0.005955582 
40 	 -0.04908162 
41 	 -0.003531524 
41 	 0.05903928 
41 	 -0.10803 
41 	 0.02190387 
41 	 -0.3772677 
42 	 0 
42 	 0 
42 	 0 
42 	 0 
42 	 0 
43 	 0 
43 	 0 
43 	 0 
43 	 0 
43 	 0 
44 	 0 
44 	 0 
44 	 0 
44 	 0 
44 	 0 
45 	 0 
45 	 0 
45 	 0 
45 	 0 
45 	 0 
46 	 0 
46 	 0 
46 	 0 
46 	 0 
46 	 0 
47 	 -0.0009323479 
47 	 -0.01050617 
47 	 -0.04692689 
47 	 0.002482371 
47 	 0.02543686 
48 	 0 
48 	 0 
48 	 0 
48 	 0 
48 	 0 
49 	 0 
49 	 0 
49 	 0 
49 	 0 
49 	 0 
50 	 0 
50 	 0 
50 	 0 
50 	 0 
50 	 0 
51 	 0 
51 	 0 
51 	 0 
51 	 0 
51 	 0 
52 	 0 
52 	 0 
52 	 0 
52 	 0 
52 	 0 
53 	 0 
53 	 0 
53 	 0 
53 	 0 
53 	 0 
# Gene ID	Label	Prediction
0000000003 ENSG00000079385 	 1 	 0.187572 
0000000004 ENSG00000071246 	 1 	 0.3326055 
0000000006 ENSG00000100219 	 1 	 0.5601864 
0000000007 ENSG00000100292 	 1 	 0.4491886 
0000000008 ENSG00000100345 	 1 	 0.5796699 
0000000011 ENSG00000106366 	 1 	 0.9438101 
0000000013 ENSG00000108691 	 1 	 0.8930857 
0000000014 ENSG00000112715 	 1 	 0.125454 
0000000015 ENSG00000113196 	 1 	 0.1344251 
0000000017 ENSG00000122592 	 1 	 0.2298644 
0000000021 ENSG00000129173 	 1 	 0.1345154 
0000000022 ENSG00000130702 	 1 	 0.7278049 
0000000026 ENSG00000134853 	 1 	 0.622343 
0000000029 ENSG00000255346 	 1 	 0.1189429 
0000000038 ENSG00000138792 	 1 	 0.301763 
0000000046 ENSG00000021645 	 1 	 0.4300046 
0000000047 ENSG00000154096 	 1 	 0.8919691 
0000000049 ENSG00000140199 	 1 	 0.208196 
0000000054 ENSG00000164736 	 1 	 0.6329847 
0000000059 ENSG00000171951 	 1 	 0.8170069 
0000000061 ENSG00000169429 	 1 	 0.7729831 
0000000062 ENSG00000170381 	 1 	 0.2399019 
0000000065 ENSG00000120093 	 1 	 0.3565402 
0000000070 ENSG00000173821 	 1 	 0.2490153 
0000000072 ENSG00000165891 	 1 	 0.1300706 
0000000073 ENSG00000004399 	 1 	 0.6519555 
0000000079 ENSG00000197702 	 1 	 0.3009966 
0000000088 ENSG00000116678 	 1 	 0.1144563 
0000000091 ENSG00000091129 	 1 	 0.260945 
0000000094 ENSG00000006831 	 1 	 0.1538078 
0000000095 ENSG00000135250 	 1 	 0.1098229 
0000000096 ENSG00000196411 	 1 	 0.3972979 
0000000097 ENSG00000092969 	 1 	 0.1458587 
0000000098 ENSG00000169242 	 1 	 0.2938812 
0000000101 ENSG00000133216 	 1 	 0.1269082 
0000000104 ENSG00000173376 	 1 	 0.60705 
0000000111 ENSG00000064989 	 1 	 0.6669963 
0000000003 ENSG00000006025 	 0 	 0.2211026 
0000000006 ENSG00000089195 	 0 	 0.08324953 
0000000014 ENSG00000118705 	 0 	 0.3537163 
0000000017 ENSG00000127528 	 0 	 0.7420681 
0000000022 ENSG00000254245 	 0 	 0.3132545 
0000000025 ENSG00000132541 	 0 	 0.1402598 
0000000030 ENSG00000070193 	 0 	 0.4865628 
0000000038 ENSG00000150045 	 0 	 0.1309094 
0000000040 ENSG00000153237 	 0 	 0.1110493 
0000000041 ENSG00000124333 	 0 	 0.1630629 
0000000042 ENSG00000156009 	 0 	 0.1219471 
0000000044 ENSG00000157014 	 0 	 0.2010417 
0000000051 ENSG00000164134 	 0 	 0.2930833 
0000000052 ENSG00000052126 	 0 	 0.2978715 
0000000057 ENSG00000168481 	 0 	 0.03858799 
0000000059 ENSG00000175318 	 0 	 0.1176885 
0000000064 ENSG00000131042 	 0 	 0.1078617 
0000000068 ENSG00000177889 	 0 	 0.1547807 
0000000072 ENSG00000155816 	 0 	 0.1847525 
0000000074 ENSG00000084693 	 0 	 0.100178 
0000000075 ENSG00000180090 	 0 	 0.1100604 
0000000078 ENSG00000181392 	 0 	 0.1169053 
0000000079 ENSG00000116882 	 0 	 0.1160935 
0000000081 ENSG00000183762 	 0 	 0.117371 
0000000083 ENSG00000184602 	 0 	 0.2172324 
0000000088 ENSG00000186150 	 0 	 0.1153227 
0000000091 ENSG00000106633 	 0 	 0.2451174 
0000000093 ENSG00000178188 	 0 	 0.1666894 
0000000104 ENSG00000126214 	 0 	 0.1418867 
0000000105 ENSG00000114737 	 0 	 0.4478611 
0000000119 ENSG00000205045 	 0 	 0.1380564 
0000000128 ENSG00000135824 	 0 	 0.1125314 
0000000133 ENSG00000188690 	 0 	 0.1035677 
0000000135 ENSG00000165806 	 0 	 0.1148834 
0000000137 ENSG00000166136 	 0 	 0.09633497 
0000000140 ENSG00000162618 	 0 	 0.7551732 
0000000141 ENSG00000151917 	 0 	 0.1605249 
0000000144 ENSG00000162398 	 0 	 0.1236476 
0000000148 ENSG00000108219 	 0 	 0.4766219 
0000000151 ENSG00000185009 	 0 	 0.1048761 
0000000152 ENSG00000131238 	 0 	 0.1144563 
0000000157 ENSG00000147130 	 0 	 0.1076304 
0000000158 ENSG00000136888 	 0 	 0.2182369 
0000000160 ENSG00000204290 	 0 	 0.1144563 
0000000166 ENSG00000126767 	 0 	 0.2115958 
0000000168 ENSG00000013306 	 0 	 0.261104 
0000000177 ENSG00000109610 	 0 	 0.8749001 
0000000178 ENSG00000154864 	 0 	 0.1174368 
0000000179 ENSG00000178467 	 0 	 0.2521579 
0000000180 ENSG00000104313 	 0 	 0.1127788 
0000000181 ENSG00000136535 	 0 	 0.1055178 
0000000182 ENSG00000135090 	 0 	 0.2780933 
0000000185 ENSG00000183160 	 0 	 0.5816354 
0000000188 ENSG00000144182 	 0 	 0.09832596 
0000000192 ENSG00000103852 	 0 	 0.1192076 
0000000193 ENSG00000108306 	 0 	 0.1822308 
0000000195 ENSG00000157214 	 0 	 0.1135071 
0000000197 ENSG00000176658 	 0 	 0.2885692 
0000000198 ENSG00000164924 	 0 	 0.1015507 
0000000199 ENSG00000111716 	 0 	 0.1155162 
0000000203 ENSG00000256660 	 0 	 0.1212542 
0000000204 ENSG00000187699 	 0 	 0.1182506 
0000000205 ENSG00000129535 	 0 	 0.1028018 
0000000210 ENSG00000142102 	 0 	 0.2256611 
0000000214 ENSG00000150672 	 0 	 0.1644995 
0000000217 ENSG00000196932 	 0 	 0.1899916 
0000000218 ENSG00000113597 	 0 	 0.1072685 
0000000229 ENSG00000204941 	 0 	 0.114163 
0000000230 ENSG00000136193 	 0 	 0.1144563 
0000000231 ENSG00000064933 	 0 	 0.1034893 
0000000237 ENSG00000119227 	 0 	 0.05193851 
0000000238 ENSG00000115271 	 0 	 0.1623534 
0000000239 ENSG00000080345 	 0 	 0.1144563 
0000000240 ENSG00000105146 	 0 	 0.1124652 
0000000245 ENSG00000101425 	 0 	 0.09919264 
0000000246 ENSG00000164651 	 0 	 0.1028727 
0000000247 ENSG00000079308 	 0 	 0.1370478 
0000000249 ENSG00000141127 	 0 	 0.1144563 
0000000250 ENSG00000101049 	 0 	 0.0770861 
0000000251 ENSG00000185825 	 0 	 0.1239718 
0000000257 ENSG00000161800 	 0 	 0.1138658 
0000000263 ENSG00000171094 	 0 	 0.1356024 
0000000275 ENSG00000197885 	 0 	 0.1360861 
0000000278 ENSG00000105953 	 0 	 0.1198575 
0000000279 ENSG00000204463 	 0 	 0.2224885 
0000000281 ENSG00000168385 	 0 	 0.1144563 
0000000284 ENSG00000143891 	 0 	 0.118512 
0000000287 ENSG00000166913 	 0 	 0.1145952 
0000000288 ENSG00000229972 	 0 	 0.1130757 
0000000292 ENSG00000025434 	 0 	 0.1120201 
0000000293 ENSG00000103485 	 0 	 0.2000467 
0000000294 ENSG00000187764 	 0 	 0.08330176 
0000000295 ENSG00000127054 	 0 	 0.1175353 
0000000296 ENSG00000198876 	 0 	 0.1145394 
0000000300 ENSG00000099290 	 0 	 0.1081349 
0000000306 ENSG00000158796 	 0 	 0.0953781 
0000000307 ENSG00000102981 	 0 	 0.1195164 
0000000309 ENSG00000151577 	 0 	 0.1097716 
0000000310 ENSG00000185267 	 0 	 0.1199693 
0000000312 ENSG00000128536 	 0 	 0.1557788 
0000000315 ENSG00000116584 	 0 	 0.1131103 
0000000319 ENSG00000162599 	 0 	 0.1137811 
0000000321 ENSG00000203797 	 0 	 0.1147039 
0000000323 ENSG00000075790 	 0 	 0.1219085 
0000000327 ENSG00000168615 	 0 	 0.0908692 
0000000330 ENSG00000028310 	 0 	 0.224217 
0000000331 ENSG00000169241 	 0 	 0.2821895 
0000000335 ENSG00000026103 	 0 	 0.1179944 
0000000337 ENSG00000141698 	 0 	 0.1683709 
0000000338 ENSG00000162923 	 0 	 0.1843343 
0000000341 ENSG00000165609 	 0 	 0.1210045 
0000000350 ENSG00000172869 	 0 	 0.1592972 
0000000358 ENSG00000169744 	 0 	 0.5863991 
0000000360 ENSG00000124795 	 0 	 0.30479 
0000000362 ENSG00000169567 	 0 	 0.1129434 
0000000366 ENSG00000064489 	 0 	 0.1631151 
0000000367 ENSG00000270249 	 0 	 0.1183874 
0000000368 ENSG00000159733 	 0 	 0.1398548 
0000000372 ENSG00000136960 	 0 	 0.1093122 
0000000374 ENSG00000089472 	 0 	 0.06007788 
0000000381 ENSG00000120885 	 0 	 0.3102228 
0000000382 ENSG00000156467 	 0 	 0.2268627 
0000000385 ENSG00000187079 	 0 	 0.2555924 
0000000386 ENSG00000138115 	 0 	 0.04862718 
0000000387 ENSG00000137727 	 0 	 0.1124037 
0000000395 ENSG00000164483 	 0 	 0.115918 
0000000397 ENSG00000185507 	 0 	 0.2492128 
0000000401 ENSG00000134940 	 0 	 0.1229259 
0000000404 ENSG00000109929 	 0 	 0.07465735 
0000000405 ENSG00000082175 	 0 	 0.1143352 
0000000406 ENSG00000135503 	 0 	 0.1130386 
0000000410 ENSG00000146839 	 0 	 0.1144564 
0000000411 ENSG00000141542 	 0 	 0.0867725 
0000000412 ENSG00000169718 	 0 	 0.09022351 
0000000413 ENSG00000183878 	 0 	 0.1270904 
0000000417 ENSG00000134240 	 0 	 0.2134027 
0000000418 ENSG00000133872 	 0 	 0.1106933 
0000000428 ENSG00000125954 	 0 	 0.1211124 
0000000432 ENSG00000100462 	 0 	 0.1280996 
0000000433 ENSG00000042088 	 0 	 0.1348336 
0000000436 ENSG00000012983 	 0 	 0.1144563 
0000000437 ENSG00000166920 	 0 	 0.1279804 
0000000441 ENSG00000123358 	 0 	 0.2863924 
0000000442 ENSG00000005844 	 0 	 0.1155138 
0000000443 ENSG00000178188 	 0 	 0.1471621 
0000000444 ENSG00000166192 	 0 	 0.1145625 
0000000445 ENSG00000167005 	 0 	 0.1094614 
0000000447 ENSG00000040199 	 0 	 0.1149162 
0000000450 ENSG00000167515 	 0 	 0.1026474 
0000000451 ENSG00000102898 	 0 	 0.2722166 
0000000455 ENSG00000213918 	 0 	 0.06917173 
0000000460 ENSG00000161958 	 0 	 0.261245 
0000000461 ENSG00000141198 	 0 	 0.09260607 
0000000465 ENSG00000167543 	 0 	 0.1840224 
0000000468 ENSG00000073584 	 0 	 0.1204406 
0000000469 ENSG00000002919 	 0 	 0.1144563 
0000000471 ENSG00000011304 	 0 	 0.1209129 
0000000472 ENSG00000150477 	 0 	 0.1124404 
0000000482 ENSG00000123143 	 0 	 0.1092381 
0000000484 ENSG00000161888 	 0 	 0.128294 
0000000487 ENSG00000268809 	 0 	 0.1144563 
0000000489 ENSG00000231924 	 0 	 0.1144667 
0000000492 ENSG00000141985 	 0 	 0.2606719 
0000000497 ENSG00000154814 	 0 	 0.1051123 
