# Prediction results for:	 GO:0071593 
# Model used:	 group_lasso 
# ROC AUC score:	 0.5836141 
# All tissues were included
# Best penalty parameter (CV): 2.284129 
# tissue	 1 	 5 
# tissue	 2 	 5 
# tissue	 3 	 5 
# tissue	 4 	 5 
# tissue	 5 	 5 
# tissue	 6 	 5 
# tissue	 7 	 5 
# tissue	 8 	 5 
# tissue	 9 	 5 
# tissue	 10 	 5 
# tissue	 11 	 5 
# tissue	 12 	 5 
# tissue	 13 	 5 
# tissue	 14 	 5 
# tissue	 15 	 5 
# tissue	 16 	 5 
# tissue	 17 	 5 
# tissue	 18 	 5 
# tissue	 19 	 5 
# tissue	 20 	 5 
# tissue	 21 	 5 
# tissue	 22 	 5 
# tissue	 23 	 5 
# tissue	 24 	 5 
# tissue	 25 	 5 
# tissue	 26 	 5 
# tissue	 27 	 5 
# tissue	 28 	 5 
# tissue	 29 	 5 
# tissue	 30 	 5 
# tissue	 31 	 5 
# tissue	 32 	 5 
# tissue	 33 	 5 
# tissue	 34 	 5 
# tissue	 35 	 5 
# tissue	 36 	 5 
# tissue	 37 	 5 
# tissue	 38 	 5 
# tissue	 39 	 5 
# tissue	 40 	 5 
# tissue	 41 	 5 
# tissue	 42 	 5 
# tissue	 43 	 5 
# tissue	 44 	 5 
# tissue	 45 	 5 
# tissue	 46 	 5 
# tissue	 47 	 5 
# tissue	 48 	 5 
# tissue	 49 	 5 
# tissue	 50 	 5 
# tissue	 51 	 5 
# tissue	 52 	 5 
# tissue	 53 	 5 
# Coefficients:
1 	 -0.000525094 
1 	 -0.06149014 
1 	 -0.01046586 
1 	 -0.02188522 
1 	 0.005567054 
2 	 -0.002059309 
2 	 -0.04836571 
2 	 0.0520953 
2 	 0.0409054 
2 	 -0.1512752 
3 	 0.0092668 
3 	 -0.06241026 
3 	 -0.118499 
3 	 0.01034481 
3 	 -0.2536471 
4 	 0.01063343 
4 	 -0.1167901 
4 	 -0.1143383 
4 	 0.05498685 
4 	 0.5469657 
5 	 0 
5 	 0 
5 	 0 
5 	 0 
5 	 0 
6 	 0 
6 	 0 
6 	 0 
6 	 0 
6 	 0 
7 	 0.003267426 
7 	 0.02122876 
7 	 -0.05811804 
7 	 -0.08626746 
7 	 0.1815391 
8 	 0 
8 	 0 
8 	 0 
8 	 0 
8 	 0 
9 	 0 
9 	 0 
9 	 0 
9 	 0 
9 	 0 
10 	 0.001089465 
10 	 0.02095836 
10 	 -0.03571494 
10 	 -0.1031075 
10 	 0.05806151 
11 	 0.0006201077 
11 	 0.01485853 
11 	 -0.02337372 
11 	 -0.0174257 
11 	 -0.007837747 
12 	 0 
12 	 0 
12 	 0 
12 	 0 
12 	 0 
13 	 0 
13 	 0 
13 	 0 
13 	 0 
13 	 0 
14 	 0 
14 	 0 
14 	 0 
14 	 0 
14 	 0 
15 	 -0.006379064 
15 	 -0.004784915 
15 	 -0.2559176 
15 	 0.1610308 
15 	 0.2986978 
16 	 0.00024118 
16 	 -0.02661305 
16 	 -0.02149906 
16 	 0.0810089 
16 	 0.1086771 
17 	 -0.006171595 
17 	 -0.1552984 
17 	 -0.0519782 
17 	 -0.735446 
17 	 -0.5102454 
18 	 0.00505473 
18 	 0.3496806 
18 	 -0.1086128 
18 	 -0.2712559 
18 	 0.5818275 
19 	 0 
19 	 0 
19 	 0 
19 	 0 
19 	 0 
20 	 0 
20 	 0 
20 	 0 
20 	 0 
20 	 0 
21 	 0 
21 	 0 
21 	 0 
21 	 0 
21 	 0 
22 	 0.0008058085 
22 	 0.01430968 
22 	 -0.05636057 
22 	 -0.03244813 
22 	 -0.01188231 
23 	 0 
23 	 0 
23 	 0 
23 	 0 
23 	 0 
24 	 0.001659028 
24 	 0.03619678 
24 	 0.0935638 
24 	 -0.03721674 
24 	 0.09945561 
25 	 -0.003037348 
25 	 0.1620261 
25 	 0.08046604 
25 	 0.04366467 
25 	 0.2011967 
26 	 0.001914343 
26 	 -0.04735541 
26 	 -0.09943214 
26 	 -0.3069208 
26 	 -0.07130484 
27 	 -0.002340571 
27 	 -0.02659979 
27 	 0.02582123 
27 	 -0.009714811 
27 	 0.07626016 
28 	 -0.0001687972 
28 	 -0.1055882 
28 	 0.02207509 
28 	 -0.01530195 
28 	 -0.1043613 
29 	 1.014012e-08 
29 	 -3.388373e-07 
29 	 -8.398607e-07 
29 	 4.656337e-07 
29 	 1.977129e-06 
30 	 0.00340532 
30 	 0.03748814 
30 	 -0.1202322 
30 	 -0.1656495 
30 	 0.3195563 
31 	 0.001599899 
31 	 -0.03245261 
31 	 -0.1683008 
31 	 0.006103445 
31 	 0.135968 
32 	 0 
32 	 0 
32 	 0 
32 	 0 
32 	 0 
33 	 -6.867887e-07 
33 	 -0.002370229 
33 	 -0.001480007 
33 	 -0.00719811 
33 	 -0.001535962 
34 	 0 
34 	 0 
34 	 0 
34 	 0 
34 	 0 
35 	 0 
35 	 0 
35 	 0 
35 	 0 
35 	 0 
36 	 -0.008152202 
36 	 0.0414066 
36 	 -0.0205996 
36 	 -0.3498511 
36 	 -0.03616767 
37 	 0.01423231 
37 	 -0.1220603 
37 	 -0.3463877 
37 	 -0.6360053 
37 	 -0.03883158 
38 	 5.724411e-05 
38 	 0.05935261 
38 	 0.01508885 
38 	 0.2476748 
38 	 0.106059 
39 	 0 
39 	 0 
39 	 0 
39 	 0 
39 	 0 
40 	 0.0009225888 
40 	 0.005812414 
40 	 -0.01263389 
40 	 0.01564717 
40 	 -0.08385686 
41 	 -0.005463421 
41 	 -0.03030191 
41 	 0.1509708 
41 	 -0.2620871 
41 	 -0.08951179 
42 	 -0.0039058 
42 	 -0.1293659 
42 	 -0.07645435 
42 	 -0.03215791 
42 	 0.1578872 
43 	 -0.003879851 
43 	 -0.05270859 
43 	 0.1784575 
43 	 0.01956943 
43 	 -0.2473923 
44 	 0.01480797 
44 	 -0.1324669 
44 	 0.1447349 
44 	 0.1147908 
44 	 -0.1494328 
45 	 0 
45 	 0 
45 	 0 
45 	 0 
45 	 0 
46 	 0 
46 	 0 
46 	 0 
46 	 0 
46 	 0 
47 	 0.001343359 
47 	 0.01037377 
47 	 -0.197435 
47 	 -0.007233347 
47 	 0.138983 
48 	 0 
48 	 0 
48 	 0 
48 	 0 
48 	 0 
49 	 -0.0005421781 
49 	 0.01063912 
49 	 0.03091204 
49 	 -0.01623646 
49 	 0.06320448 
50 	 -0.0001250288 
50 	 -0.02587615 
50 	 0.01333272 
50 	 0.0139592 
50 	 0.01258792 
51 	 0 
51 	 0 
51 	 0 
51 	 0 
51 	 0 
52 	 0.0002021731 
52 	 0.0004343231 
52 	 0.01399928 
52 	 0.006661965 
52 	 0.00310035 
53 	 0 
53 	 0 
53 	 0 
53 	 0 
53 	 0 
# Gene ID	Label	Prediction
0000000003 ENSG00000010610 	 1 	 0.93854 
0000000004 ENSG00000129465 	 1 	 0.8645441 
0000000005 ENSG00000106003 	 1 	 0.31295 
0000000006 ENSG00000109471 	 1 	 0.2126761 
0000000007 ENSG00000010810 	 1 	 0.02718334 
0000000010 ENSG00000071051 	 1 	 0.06329482 
0000000011 ENSG00000018280 	 1 	 0.3937115 
0000000012 ENSG00000214042 	 1 	 0.1749973 
0000000013 ENSG00000124766 	 1 	 0.8143495 
0000000015 ENSG00000128340 	 1 	 0.9966301 
0000000016 ENSG00000128917 	 1 	 0.8925665 
0000000021 ENSG00000069667 	 1 	 0.1518795 
0000000022 ENSG00000101082 	 1 	 0.7615093 
0000000023 ENSG00000128829 	 1 	 0.03304015 
0000000025 ENSG00000064012 	 1 	 0.07967375 
0000000027 ENSG00000090339 	 1 	 0.9963613 
0000000029 ENSG00000138795 	 1 	 0.41517 
0000000038 ENSG00000026950 	 1 	 0.3102778 
0000000049 ENSG00000172216 	 1 	 0.4289579 
0000000051 ENSG00000174697 	 1 	 0.03028372 
0000000053 ENSG00000151694 	 1 	 0.7193958 
0000000055 ENSG00000173762 	 1 	 0.9246725 
0000000058 ENSG00000114861 	 1 	 0.1524858 
0000000059 ENSG00000138814 	 1 	 0.4393427 
0000000065 ENSG00000172116 	 1 	 0.2261968 
0000000067 ENSG00000182866 	 1 	 0.5478215 
0000000071 ENSG00000160223 	 1 	 0.1833776 
0000000072 ENSG00000116678 	 1 	 0.1718817 
0000000075 ENSG00000005844 	 1 	 0.9255516 
0000000076 ENSG00000187736 	 1 	 0.1319436 
0000000083 ENSG00000213658 	 1 	 0.3096784 
0000000092 ENSG00000186827 	 1 	 0.967234 
0000000096 ENSG00000147885 	 1 	 0.1718433 
0000000097 ENSG00000228083 	 1 	 0.1839251 
0000000099 ENSG00000177047 	 1 	 0.1725775 
0000000103 ENSG00000168421 	 1 	 0.8465736 
0000000112 ENSG00000113263 	 1 	 0.4827462 
0000000113 ENSG00000171316 	 1 	 0.2588517 
0000000116 ENSG00000112195 	 1 	 0.2199067 
0000000117 ENSG00000197892 	 1 	 0.1766483 
0000000005 ENSG00000102103 	 0 	 0.05322206 
0000000010 ENSG00000256223 	 0 	 0.01532918 
0000000011 ENSG00000127666 	 0 	 0.4839747 
0000000015 ENSG00000135441 	 0 	 0.1856856 
0000000016 ENSG00000135940 	 0 	 0.04129731 
0000000020 ENSG00000101624 	 0 	 0.2569219 
0000000022 ENSG00000047056 	 0 	 0.03244925 
0000000026 ENSG00000198099 	 0 	 0.1322811 
0000000030 ENSG00000141576 	 0 	 0.006670744 
0000000031 ENSG00000171425 	 0 	 0.1430657 
0000000032 ENSG00000142507 	 0 	 0.04477049 
0000000034 ENSG00000183833 	 0 	 0.02913418 
0000000035 ENSG00000167996 	 0 	 0.1808809 
0000000036 ENSG00000147601 	 0 	 0.08586324 
0000000045 ENSG00000162909 	 0 	 0.09559721 
0000000049 ENSG00000144712 	 0 	 0.06653128 
0000000051 ENSG00000165832 	 0 	 0.1419046 
0000000054 ENSG00000169575 	 0 	 0.1765058 
0000000059 ENSG00000074317 	 0 	 0.03827175 
0000000061 ENSG00000074219 	 0 	 0.8251301 
0000000063 ENSG00000174970 	 0 	 0.1777004 
0000000066 ENSG00000171121 	 0 	 0.1549299 
0000000068 ENSG00000109111 	 0 	 0.02293225 
0000000077 ENSG00000213402 	 0 	 0.7157486 
0000000078 ENSG00000183145 	 0 	 0.1789833 
0000000087 ENSG00000188716 	 0 	 0.1910723 
0000000088 ENSG00000156313 	 0 	 0.06202134 
0000000092 ENSG00000170927 	 0 	 0.1732723 
0000000095 ENSG00000117155 	 0 	 0.07891667 
0000000096 ENSG00000038427 	 0 	 0.2588524 
0000000100 ENSG00000147082 	 0 	 0.1781208 
0000000103 ENSG00000146963 	 0 	 0.07276919 
0000000104 ENSG00000092054 	 0 	 0.07343856 
0000000111 ENSG00000047249 	 0 	 0.02055541 
0000000112 ENSG00000071889 	 0 	 0.1976284 
0000000115 ENSG00000145365 	 0 	 0.7954593 
0000000120 ENSG00000158796 	 0 	 0.05433728 
0000000122 ENSG00000203757 	 0 	 0.1778629 
0000000123 ENSG00000198715 	 0 	 0.1473899 
0000000125 ENSG00000185515 	 0 	 0.1123152 
0000000128 ENSG00000101974 	 0 	 0.1750233 
0000000131 ENSG00000142864 	 0 	 0.4271547 
0000000134 ENSG00000168734 	 0 	 0.10205 
0000000135 ENSG00000185090 	 0 	 0.2297463 
0000000137 ENSG00000148634 	 0 	 0.4165144 
0000000138 ENSG00000095261 	 0 	 0.1479293 
0000000139 ENSG00000148584 	 0 	 0.1799673 
0000000153 ENSG00000125817 	 0 	 0.08784404 
0000000160 ENSG00000166527 	 0 	 0.2015815 
0000000162 ENSG00000174738 	 0 	 0.1656815 
0000000163 ENSG00000198862 	 0 	 0.0447134 
0000000164 ENSG00000211701 	 0 	 0.17661 
0000000165 ENSG00000211750 	 0 	 0.231196 
0000000166 ENSG00000211794 	 0 	 0.3200945 
0000000171 ENSG00000163918 	 0 	 0.1086651 
0000000172 ENSG00000121964 	 0 	 0.09886178 
0000000175 ENSG00000163933 	 0 	 0.5956713 
0000000181 ENSG00000124207 	 0 	 0.09204784 
0000000182 ENSG00000166920 	 0 	 0.5954269 
0000000183 ENSG00000213965 	 0 	 0.1907026 
0000000192 ENSG00000169760 	 0 	 0.08793109 
0000000197 ENSG00000057935 	 0 	 0.01727823 
0000000198 ENSG00000106070 	 0 	 0.03224646 
0000000202 ENSG00000135974 	 0 	 0.08986636 
0000000208 ENSG00000003137 	 0 	 0.1890319 
0000000209 ENSG00000111653 	 0 	 0.1683993 
0000000211 ENSG00000102100 	 0 	 0.1428811 
0000000212 ENSG00000240065 	 0 	 0.02191436 
0000000213 ENSG00000149212 	 0 	 0.1624117 
0000000215 ENSG00000154025 	 0 	 0.1451702 
0000000220 ENSG00000007372 	 0 	 0.1218782 
0000000223 ENSG00000248643 	 0 	 0.5825635 
0000000229 ENSG00000144959 	 0 	 0.1647464 
0000000235 ENSG00000108924 	 0 	 0.1755224 
0000000236 ENSG00000136560 	 0 	 0.2223492 
0000000237 ENSG00000125814 	 0 	 0.1426967 
0000000241 ENSG00000042980 	 0 	 0.2906867 
0000000246 ENSG00000150967 	 0 	 0.161767 
0000000247 ENSG00000074582 	 0 	 0.2399814 
0000000252 ENSG00000168594 	 0 	 0.09594853 
0000000254 ENSG00000128965 	 0 	 0.909832 
0000000259 ENSG00000272410 	 0 	 0.1372993 
0000000264 ENSG00000100416 	 0 	 0.2567348 
0000000265 ENSG00000115464 	 0 	 0.1717042 
0000000266 ENSG00000071564 	 0 	 0.2284437 
0000000281 ENSG00000162236 	 0 	 0.03781499 
0000000282 ENSG00000186532 	 0 	 0.3291282 
0000000283 ENSG00000163520 	 0 	 0.1739036 
0000000284 ENSG00000047648 	 0 	 0.1743212 
0000000287 ENSG00000114120 	 0 	 0.1793938 
0000000289 ENSG00000129071 	 0 	 0.0953301 
0000000301 ENSG00000152990 	 0 	 0.1751308 
0000000302 ENSG00000150471 	 0 	 0.1732486 
0000000303 ENSG00000049860 	 0 	 0.317887 
0000000304 ENSG00000160867 	 0 	 0.1968751 
0000000305 ENSG00000169045 	 0 	 0.1024762 
0000000308 ENSG00000108846 	 0 	 0.7115431 
0000000312 ENSG00000173011 	 0 	 0.08750532 
0000000313 ENSG00000034677 	 0 	 0.1763073 
0000000316 ENSG00000082556 	 0 	 0.1717638 
0000000319 ENSG00000102225 	 0 	 0.06350384 
0000000320 ENSG00000197140 	 0 	 0.1735534 
0000000322 ENSG00000136944 	 0 	 0.1712035 
0000000326 ENSG00000180438 	 0 	 0.1766859 
0000000328 ENSG00000078124 	 0 	 0.1688836 
0000000329 ENSG00000165916 	 0 	 0.1128909 
0000000331 ENSG00000104529 	 0 	 0.03314358 
0000000333 ENSG00000166394 	 0 	 0.1114506 
0000000334 ENSG00000168000 	 0 	 0.01088425 
0000000336 ENSG00000008394 	 0 	 0.1931033 
0000000343 ENSG00000140694 	 0 	 0.1732643 
0000000344 ENSG00000177675 	 0 	 0.1606083 
0000000346 ENSG00000120063 	 0 	 0.119013 
0000000349 ENSG00000166037 	 0 	 0.161891 
0000000350 ENSG00000054392 	 0 	 0.1716952 
0000000356 ENSG00000196465 	 0 	 0.1917579 
0000000358 ENSG00000111481 	 0 	 0.1782604 
0000000362 ENSG00000100577 	 0 	 0.1000199 
0000000368 ENSG00000128918 	 0 	 0.1732622 
0000000369 ENSG00000090661 	 0 	 0.1387146 
0000000377 ENSG00000260300 	 0 	 0.1704705 
0000000378 ENSG00000140465 	 0 	 0.1779878 
0000000389 ENSG00000029725 	 0 	 0.1385895 
0000000390 ENSG00000175866 	 0 	 0.06626135 
0000000392 ENSG00000101751 	 0 	 0.1878535 
0000000397 ENSG00000002919 	 0 	 0.179508 
0000000400 ENSG00000141293 	 0 	 0.1746925 
0000000401 ENSG00000105426 	 0 	 0.1408256 
0000000402 ENSG00000166377 	 0 	 0.1259432 
0000000405 ENSG00000099622 	 0 	 0.09119588 
0000000408 ENSG00000256683 	 0 	 0.1737637 
0000000415 ENSG00000175279 	 0 	 0.1607146 
0000000416 ENSG00000134248 	 0 	 0.06227299 
0000000417 ENSG00000203880 	 0 	 0.1701235 
