# Prediction results for:	 GO:0008015 
# Model used:	 group_lasso 
# ROC AUC score:	 0.589089 
# All tissues were included
# Best penalty parameter (CV): 4.462163 
# tissue	 1 	 5 
# tissue	 2 	 5 
# tissue	 3 	 5 
# tissue	 4 	 5 
# tissue	 5 	 5 
# tissue	 6 	 5 
# tissue	 7 	 5 
# tissue	 8 	 5 
# tissue	 9 	 5 
# tissue	 10 	 5 
# tissue	 11 	 5 
# tissue	 12 	 5 
# tissue	 13 	 5 
# tissue	 14 	 5 
# tissue	 15 	 5 
# tissue	 16 	 5 
# tissue	 17 	 5 
# tissue	 18 	 5 
# tissue	 19 	 5 
# tissue	 20 	 5 
# tissue	 21 	 5 
# tissue	 22 	 5 
# tissue	 23 	 5 
# tissue	 24 	 5 
# tissue	 25 	 5 
# tissue	 26 	 5 
# tissue	 27 	 5 
# tissue	 28 	 5 
# tissue	 29 	 5 
# tissue	 30 	 5 
# tissue	 31 	 5 
# tissue	 32 	 5 
# tissue	 33 	 5 
# tissue	 34 	 5 
# tissue	 35 	 5 
# tissue	 36 	 5 
# tissue	 37 	 5 
# tissue	 38 	 5 
# tissue	 39 	 5 
# tissue	 40 	 5 
# tissue	 41 	 5 
# tissue	 42 	 5 
# tissue	 43 	 5 
# tissue	 44 	 5 
# tissue	 45 	 5 
# tissue	 46 	 5 
# tissue	 47 	 5 
# tissue	 48 	 5 
# tissue	 49 	 5 
# tissue	 50 	 5 
# tissue	 51 	 5 
# tissue	 52 	 5 
# tissue	 53 	 5 
# Coefficients:
1 	 -0.001019792 
1 	 -0.07593919 
1 	 0.01678121 
1 	 0.0187974 
1 	 -0.001338792 
2 	 0 
2 	 0 
2 	 0 
2 	 0 
2 	 0 
3 	 0 
3 	 0 
3 	 0 
3 	 0 
3 	 0 
4 	 0 
4 	 0 
4 	 0 
4 	 0 
4 	 0 
5 	 0 
5 	 0 
5 	 0 
5 	 0 
5 	 0 
6 	 0 
6 	 0 
6 	 0 
6 	 0 
6 	 0 
7 	 0 
7 	 0 
7 	 0 
7 	 0 
7 	 0 
8 	 0 
8 	 0 
8 	 0 
8 	 0 
8 	 0 
9 	 0 
9 	 0 
9 	 0 
9 	 0 
9 	 0 
10 	 0 
10 	 0 
10 	 0 
10 	 0 
10 	 0 
11 	 0.008503573 
11 	 0.1514202 
11 	 0.2201901 
11 	 -0.03242975 
11 	 -0.06906569 
12 	 0.0009635484 
12 	 0.01171626 
12 	 -0.01141764 
12 	 -0.04496801 
12 	 -0.03487174 
13 	 0 
13 	 0 
13 	 0 
13 	 0 
13 	 0 
14 	 -0.002528736 
14 	 0.01745035 
14 	 0.1253932 
14 	 -0.05124877 
14 	 -0.05388554 
15 	 0 
15 	 0 
15 	 0 
15 	 0 
15 	 0 
16 	 0.0003357768 
16 	 -0.003610873 
16 	 0.01946601 
16 	 0.0007689379 
16 	 -0.01604873 
17 	 0 
17 	 0 
17 	 0 
17 	 0 
17 	 0 
18 	 0 
18 	 0 
18 	 0 
18 	 0 
18 	 0 
19 	 0 
19 	 0 
19 	 0 
19 	 0 
19 	 0 
20 	 0 
20 	 0 
20 	 0 
20 	 0 
20 	 0 
21 	 0 
21 	 0 
21 	 0 
21 	 0 
21 	 0 
22 	 0.0003095225 
22 	 0.00506657 
22 	 -0.01140768 
22 	 -0.002092535 
22 	 -0.05516043 
23 	 0 
23 	 0 
23 	 0 
23 	 0 
23 	 0 
24 	 0 
24 	 0 
24 	 0 
24 	 0 
24 	 0 
25 	 0 
25 	 0 
25 	 0 
25 	 0 
25 	 0 
26 	 0 
26 	 0 
26 	 0 
26 	 0 
26 	 0 
27 	 0 
27 	 0 
27 	 0 
27 	 0 
27 	 0 
28 	 -0.002153327 
28 	 -0.05818914 
28 	 0.1498937 
28 	 -0.1836711 
28 	 0.4401318 
29 	 0 
29 	 0 
29 	 0 
29 	 0 
29 	 0 
30 	 0 
30 	 0 
30 	 0 
30 	 0 
30 	 0 
31 	 0 
31 	 0 
31 	 0 
31 	 0 
31 	 0 
32 	 0 
32 	 0 
32 	 0 
32 	 0 
32 	 0 
33 	 0 
33 	 0 
33 	 0 
33 	 0 
33 	 0 
34 	 0 
34 	 0 
34 	 0 
34 	 0 
34 	 0 
35 	 0 
35 	 0 
35 	 0 
35 	 0 
35 	 0 
36 	 0 
36 	 0 
36 	 0 
36 	 0 
36 	 0 
37 	 -0.0006790457 
37 	 -0.04140836 
37 	 -0.1199323 
37 	 -0.3596887 
37 	 -0.007601149 
38 	 0 
38 	 0 
38 	 0 
38 	 0 
38 	 0 
39 	 0 
39 	 0 
39 	 0 
39 	 0 
39 	 0 
40 	 -0.0002093746 
40 	 -0.008559112 
40 	 -0.01360199 
40 	 -0.0123095 
40 	 0.001471422 
41 	 0 
41 	 0 
41 	 0 
41 	 0 
41 	 0 
42 	 0 
42 	 0 
42 	 0 
42 	 0 
42 	 0 
43 	 -0.0008618666 
43 	 0.03239239 
43 	 -0.0006372615 
43 	 -0.1068133 
43 	 -0.07891806 
44 	 0 
44 	 0 
44 	 0 
44 	 0 
44 	 0 
45 	 0 
45 	 0 
45 	 0 
45 	 0 
45 	 0 
46 	 0 
46 	 0 
46 	 0 
46 	 0 
46 	 0 
47 	 0 
47 	 0 
47 	 0 
47 	 0 
47 	 0 
48 	 -0.0008437644 
48 	 -0.005031894 
48 	 -0.002049329 
48 	 -0.01330264 
48 	 0.02858252 
49 	 0 
49 	 0 
49 	 0 
49 	 0 
49 	 0 
50 	 0 
50 	 0 
50 	 0 
50 	 0 
50 	 0 
51 	 0 
51 	 0 
51 	 0 
51 	 0 
51 	 0 
52 	 0 
52 	 0 
52 	 0 
52 	 0 
52 	 0 
53 	 0 
53 	 0 
53 	 0 
53 	 0 
53 	 0 
# Gene ID	Label	Prediction
0000000004 ENSG00000128917 	 1 	 0.8035793 
0000000007 ENSG00000138622 	 1 	 0.1499433 
0000000009 ENSG00000061918 	 1 	 0.6884965 
0000000011 ENSG00000148926 	 1 	 0.56373 
0000000014 ENSG00000164128 	 1 	 0.2763571 
0000000017 ENSG00000171860 	 1 	 0.1914232 
0000000018 ENSG00000173391 	 1 	 0.710927 
0000000021 ENSG00000181408 	 1 	 0.110301 
0000000022 ENSG00000159200 	 1 	 0.03889082 
0000000024 ENSG00000173917 	 1 	 0.297606 
0000000028 ENSG00000100243 	 1 	 0.1303188 
0000000030 ENSG00000138119 	 1 	 0.3573809 
0000000032 ENSG00000143185 	 1 	 0.1478342 
0000000037 ENSG00000169031 	 1 	 0.1443442 
0000000005 ENSG00000130164 	 0 	 0.8079041 
0000000011 ENSG00000158315 	 0 	 0.1277109 
0000000012 ENSG00000158352 	 0 	 0.1682344 
0000000014 ENSG00000052841 	 0 	 0.0543271 
0000000015 ENSG00000056291 	 0 	 0.1288103 
0000000022 ENSG00000130939 	 0 	 0.03292048 
0000000026 ENSG00000103275 	 0 	 0.1193899 
0000000028 ENSG00000173210 	 0 	 0.1204588 
0000000036 ENSG00000160688 	 0 	 0.07062764 
0000000037 ENSG00000143393 	 0 	 0.2797022 
0000000040 ENSG00000117859 	 0 	 0.1203653 
0000000045 ENSG00000091129 	 0 	 0.1536588 
0000000047 ENSG00000153707 	 0 	 0.1153406 
0000000053 ENSG00000211652 	 0 	 0.1065441 
0000000055 ENSG00000153823 	 0 	 0.1684227 
0000000056 ENSG00000152492 	 0 	 0.2090029 
0000000064 ENSG00000204099 	 0 	 0.1154025 
0000000065 ENSG00000196419 	 0 	 0.1109256 
0000000070 ENSG00000173662 	 0 	 0.1220213 
0000000076 ENSG00000170442 	 0 	 0.1197742 
0000000080 ENSG00000181513 	 0 	 0.1389069 
0000000081 ENSG00000178568 	 0 	 0.2654866 
0000000084 ENSG00000149599 	 0 	 0.1291336 
0000000095 ENSG00000144591 	 0 	 0.2203608 
0000000100 ENSG00000176358 	 0 	 0.1153173 
0000000102 ENSG00000113231 	 0 	 0.122706 
0000000103 ENSG00000109332 	 0 	 0.1214422 
0000000106 ENSG00000109572 	 0 	 0.1203653 
0000000107 ENSG00000113328 	 0 	 0.1161839 
0000000108 ENSG00000111879 	 0 	 0.1188546 
0000000111 ENSG00000077782 	 0 	 0.1207696 
0000000112 ENSG00000133818 	 0 	 0.1201026 
0000000114 ENSG00000120279 	 0 	 0.4407798 
0000000115 ENSG00000048540 	 0 	 0.1178929 
0000000117 ENSG00000171617 	 0 	 0.1209544 
0000000119 ENSG00000010379 	 0 	 0.114493 
0000000121 ENSG00000124664 	 0 	 0.1000851 
0000000124 ENSG00000111481 	 0 	 0.1203653 
0000000126 ENSG00000166908 	 0 	 0.1204061 
0000000127 ENSG00000137804 	 0 	 0.1246246 
0000000128 ENSG00000260230 	 0 	 0.1600564 
0000000130 ENSG00000103494 	 0 	 0.118835 
0000000131 ENSG00000169018 	 0 	 0.1212849 
0000000135 ENSG00000129221 	 0 	 0.1151893 
0000000146 ENSG00000130518 	 0 	 0.1192735 
0000000151 ENSG00000009830 	 0 	 0.1180674 
0000000152 ENSG00000196422 	 0 	 0.05134966 
