# Prediction results for:	 GO:0007507 
# Model used:	 group_lasso 
# ROC AUC score:	 0.5487582 
# All tissues were included
# Best penalty parameter (CV): 3.275081 
# tissue	 1 	 5 
# tissue	 2 	 5 
# tissue	 3 	 5 
# tissue	 4 	 5 
# tissue	 5 	 5 
# tissue	 6 	 5 
# tissue	 7 	 5 
# tissue	 8 	 5 
# tissue	 9 	 5 
# tissue	 10 	 5 
# tissue	 11 	 5 
# tissue	 12 	 5 
# tissue	 13 	 5 
# tissue	 14 	 5 
# tissue	 15 	 5 
# tissue	 16 	 5 
# tissue	 17 	 5 
# tissue	 18 	 5 
# tissue	 19 	 5 
# tissue	 20 	 5 
# tissue	 21 	 5 
# tissue	 22 	 5 
# tissue	 23 	 5 
# tissue	 24 	 5 
# tissue	 25 	 5 
# tissue	 26 	 5 
# tissue	 27 	 5 
# tissue	 28 	 5 
# tissue	 29 	 5 
# tissue	 30 	 5 
# tissue	 31 	 5 
# tissue	 32 	 5 
# tissue	 33 	 5 
# tissue	 34 	 5 
# tissue	 35 	 5 
# tissue	 36 	 5 
# tissue	 37 	 5 
# tissue	 38 	 5 
# tissue	 39 	 5 
# tissue	 40 	 5 
# tissue	 41 	 5 
# tissue	 42 	 5 
# tissue	 43 	 5 
# tissue	 44 	 5 
# tissue	 45 	 5 
# tissue	 46 	 5 
# tissue	 47 	 5 
# tissue	 48 	 5 
# tissue	 49 	 5 
# tissue	 50 	 5 
# tissue	 51 	 5 
# tissue	 52 	 5 
# tissue	 53 	 5 
# Coefficients:
1 	 0 
1 	 0 
1 	 0 
1 	 0 
1 	 0 
2 	 0 
2 	 0 
2 	 0 
2 	 0 
2 	 0 
3 	 0 
3 	 0 
3 	 0 
3 	 0 
3 	 0 
4 	 0 
4 	 0 
4 	 0 
4 	 0 
4 	 0 
5 	 0.0001999143 
5 	 0.08908896 
5 	 0.190333 
5 	 0.07339264 
5 	 0.1908225 
6 	 0 
6 	 0 
6 	 0 
6 	 0 
6 	 0 
7 	 0 
7 	 0 
7 	 0 
7 	 0 
7 	 0 
8 	 0 
8 	 0 
8 	 0 
8 	 0 
8 	 0 
9 	 0 
9 	 0 
9 	 0 
9 	 0 
9 	 0 
10 	 0 
10 	 0 
10 	 0 
10 	 0 
10 	 0 
11 	 0.001141805 
11 	 0.1613955 
11 	 0.1078446 
11 	 0.1033364 
11 	 0.1659846 
12 	 -0.001551816 
12 	 0.01313447 
12 	 0.01204105 
12 	 0.01398192 
12 	 -0.1474119 
13 	 0.006643272 
13 	 0.2463721 
13 	 0.1602978 
13 	 -0.2739102 
13 	 0.07747188 
14 	 0 
14 	 0 
14 	 0 
14 	 0 
14 	 0 
15 	 0.003415213 
15 	 0.01189434 
15 	 0.001201379 
15 	 0.02411206 
15 	 0.002091792 
16 	 0.005317877 
16 	 -0.1550669 
16 	 0.07880586 
16 	 -0.05891996 
16 	 -0.2086402 
17 	 -0.0006042467 
17 	 0.008129294 
17 	 -0.01354283 
17 	 0.02952257 
17 	 0.01131888 
18 	 -0.04853215 
18 	 0.3973011 
18 	 0.8188648 
18 	 -0.616794 
18 	 0.2886398 
19 	 0 
19 	 0 
19 	 0 
19 	 0 
19 	 0 
20 	 0.0002486554 
20 	 0.004335623 
20 	 0.00138805 
20 	 -0.003265367 
20 	 -0.02003364 
21 	 0 
21 	 0 
21 	 0 
21 	 0 
21 	 0 
22 	 0.0008784999 
22 	 -0.008904155 
22 	 -0.01119629 
22 	 0.002664806 
22 	 -0.03441349 
23 	 0 
23 	 0 
23 	 0 
23 	 0 
23 	 0 
24 	 0 
24 	 0 
24 	 0 
24 	 0 
24 	 0 
25 	 0.006615563 
25 	 0.2446319 
25 	 -0.6307842 
25 	 -0.7481019 
25 	 0.1630308 
26 	 -0.01942358 
26 	 0.1090583 
26 	 -0.08065448 
26 	 0.1025845 
26 	 -0.02326693 
27 	 0 
27 	 0 
27 	 0 
27 	 0 
27 	 0 
28 	 0 
28 	 0 
28 	 0 
28 	 0 
28 	 0 
29 	 0 
29 	 0 
29 	 0 
29 	 0 
29 	 0 
30 	 -0.00134356 
30 	 0.01101177 
30 	 0.01269656 
30 	 0.07300937 
30 	 0.06125441 
31 	 -0.00164766 
31 	 -0.08631865 
31 	 -0.1727945 
31 	 -0.09109114 
31 	 0.1788858 
32 	 0 
32 	 0 
32 	 0 
32 	 0 
32 	 0 
33 	 -6.636391e-05 
33 	 -0.01764308 
33 	 -0.002852457 
33 	 -0.03174182 
33 	 -0.05737456 
34 	 0.002187156 
34 	 0.1249623 
34 	 -0.1141541 
34 	 0.2713652 
34 	 -0.1056987 
35 	 0.0007789216 
35 	 0.001701627 
35 	 -0.008861824 
35 	 0.1465369 
35 	 0.08573947 
36 	 0 
36 	 0 
36 	 0 
36 	 0 
36 	 0 
37 	 0.001482728 
37 	 0.09456216 
37 	 -0.1637052 
37 	 -0.06640258 
37 	 -0.02514208 
38 	 -0.0001465177 
38 	 0.00179913 
38 	 -0.005520495 
38 	 0.003060459 
38 	 0.008394973 
39 	 0 
39 	 0 
39 	 0 
39 	 0 
39 	 0 
40 	 0 
40 	 0 
40 	 0 
40 	 0 
40 	 0 
41 	 0 
41 	 0 
41 	 0 
41 	 0 
41 	 0 
42 	 0 
42 	 0 
42 	 0 
42 	 0 
42 	 0 
43 	 0 
43 	 0 
43 	 0 
43 	 0 
43 	 0 
44 	 0.006421518 
44 	 -0.09929838 
44 	 -0.02546189 
44 	 0.1469761 
44 	 -0.09820068 
45 	 0 
45 	 0 
45 	 0 
45 	 0 
45 	 0 
46 	 -6.601024e-05 
46 	 -0.005658128 
46 	 0.0429852 
46 	 0.05224361 
46 	 -0.1524647 
47 	 -0.002264608 
47 	 -0.003687645 
47 	 -0.02021045 
47 	 0.1260196 
47 	 0.0830282 
48 	 0 
48 	 0 
48 	 0 
48 	 0 
48 	 0 
49 	 0 
49 	 0 
49 	 0 
49 	 0 
49 	 0 
50 	 -0.0199728 
50 	 -0.1670263 
50 	 0.491699 
50 	 0.6260197 
50 	 -0.1671585 
51 	 0 
51 	 0 
51 	 0 
51 	 0 
51 	 0 
52 	 0 
52 	 0 
52 	 0 
52 	 0 
52 	 0 
53 	 0 
53 	 0 
53 	 0 
53 	 0 
53 	 0 
# Gene ID	Label	Prediction
0000000003 ENSG00000004975 	 1 	 0.3380063 
0000000004 ENSG00000057294 	 1 	 0.2600479 
0000000005 ENSG00000100714 	 1 	 0.02756135 
0000000006 ENSG00000103197 	 1 	 0.1538302 
0000000009 ENSG00000113196 	 1 	 0.4255579 
0000000011 ENSG00000124766 	 1 	 0.9424829 
0000000015 ENSG00000133816 	 1 	 0.2089422 
0000000016 ENSG00000134817 	 1 	 0.110107 
0000000017 ENSG00000136383 	 1 	 0.6495498 
0000000019 ENSG00000178568 	 1 	 0.1161136 
0000000020 ENSG00000008710 	 1 	 0.9909241 
0000000039 ENSG00000074047 	 1 	 0.1160074 
0000000041 ENSG00000166147 	 1 	 0.5990361 
0000000043 ENSG00000179588 	 1 	 0.4027649 
0000000044 ENSG00000176678 	 1 	 0.1667034 
0000000045 ENSG00000176692 	 1 	 0.1018519 
0000000048 ENSG00000145194 	 1 	 0.6417 
0000000049 ENSG00000183072 	 1 	 0.337702 
0000000051 ENSG00000213145 	 1 	 0.1426978 
0000000053 ENSG00000100311 	 1 	 0.8338238 
0000000058 ENSG00000081189 	 1 	 0.08319655 
0000000061 ENSG00000183337 	 1 	 0.08149394 
0000000065 ENSG00000116604 	 1 	 0.1682576 
0000000066 ENSG00000179295 	 1 	 0.3507132 
0000000068 ENSG00000196712 	 1 	 0.1536463 
0000000071 ENSG00000164107 	 1 	 0.9717727 
0000000072 ENSG00000170776 	 1 	 0.09412357 
0000000073 ENSG00000185155 	 1 	 0.1454375 
0000000077 ENSG00000203867 	 1 	 0.1311554 
0000000078 ENSG00000102125 	 1 	 0.1261627 
0000000087 ENSG00000168779 	 1 	 0.06596546 
0000000005 ENSG00000109320 	 0 	 0.07927287 
0000000012 ENSG00000123607 	 0 	 0.1814914 
0000000015 ENSG00000104415 	 0 	 0.612931 
0000000016 ENSG00000114547 	 0 	 0.04963093 
0000000017 ENSG00000131050 	 0 	 0.118312 
0000000019 ENSG00000133997 	 0 	 0.1745067 
0000000020 ENSG00000116337 	 0 	 0.08923466 
0000000021 ENSG00000136146 	 0 	 0.274236 
0000000023 ENSG00000118482 	 0 	 0.1278013 
0000000024 ENSG00000011590 	 0 	 0.07718253 
0000000025 ENSG00000118363 	 0 	 0.2763902 
0000000030 ENSG00000147596 	 0 	 0.1282887 
0000000035 ENSG00000113161 	 0 	 0.1009337 
0000000037 ENSG00000160791 	 0 	 0.2340385 
0000000046 ENSG00000165496 	 0 	 0.06333063 
0000000049 ENSG00000172543 	 0 	 0.4460266 
0000000052 ENSG00000174343 	 0 	 0.1101592 
0000000054 ENSG00000175202 	 0 	 0.07404658 
0000000055 ENSG00000172724 	 0 	 0.7655923 
0000000057 ENSG00000179284 	 0 	 0.1479106 
0000000062 ENSG00000177669 	 0 	 0.1077548 
0000000063 ENSG00000171853 	 0 	 0.06639032 
0000000066 ENSG00000017260 	 0 	 0.1037814 
0000000067 ENSG00000053524 	 0 	 0.2058257 
0000000070 ENSG00000185973 	 0 	 0.2231133 
0000000083 ENSG00000116698 	 0 	 0.08807081 
0000000084 ENSG00000182240 	 0 	 0.7190797 
0000000085 ENSG00000101126 	 0 	 0.1413029 
0000000090 ENSG00000172500 	 0 	 0.0391346 
0000000093 ENSG00000145725 	 0 	 0.05234405 
0000000095 ENSG00000197943 	 0 	 0.4111674 
0000000108 ENSG00000162616 	 0 	 0.09506309 
0000000110 ENSG00000106780 	 0 	 0.1799693 
0000000111 ENSG00000158813 	 0 	 0.2370619 
0000000112 ENSG00000184497 	 0 	 0.6881162 
0000000116 ENSG00000180483 	 0 	 0.1179244 
0000000118 ENSG00000134874 	 0 	 0.1282124 
0000000122 ENSG00000089199 	 0 	 0.9948852 
0000000129 ENSG00000070476 	 0 	 0.1828611 
0000000131 ENSG00000211652 	 0 	 0.1086637 
0000000133 ENSG00000167565 	 0 	 0.5281482 
0000000140 ENSG00000146090 	 0 	 0.1185978 
0000000141 ENSG00000042088 	 0 	 0.08264681 
0000000145 ENSG00000166971 	 0 	 0.1892185 
0000000148 ENSG00000145331 	 0 	 0.1056891 
0000000149 ENSG00000169398 	 0 	 0.09332985 
0000000153 ENSG00000197808 	 0 	 0.08865008 
0000000163 ENSG00000085760 	 0 	 0.1777494 
0000000165 ENSG00000221836 	 0 	 0.1168049 
0000000166 ENSG00000186854 	 0 	 0.04770161 
0000000167 ENSG00000070882 	 0 	 0.1167601 
0000000169 ENSG00000214160 	 0 	 0.1703444 
0000000174 ENSG00000132256 	 0 	 0.1125093 
0000000175 ENSG00000172269 	 0 	 0.1565936 
0000000177 ENSG00000184708 	 0 	 0.1185878 
0000000179 ENSG00000103342 	 0 	 0.1120603 
0000000180 ENSG00000147437 	 0 	 0.220917 
0000000183 ENSG00000255073 	 0 	 0.08081593 
0000000185 ENSG00000125999 	 0 	 0.1112168 
0000000186 ENSG00000163482 	 0 	 0.1279991 
0000000187 ENSG00000172819 	 0 	 0.01778158 
0000000189 ENSG00000171777 	 0 	 0.262869 
0000000194 ENSG00000250361 	 0 	 0.1159665 
0000000200 ENSG00000161202 	 0 	 0.03022564 
0000000204 ENSG00000221988 	 0 	 0.1940616 
0000000209 ENSG00000133997 	 0 	 0.198481 
0000000210 ENSG00000100271 	 0 	 0.1561551 
0000000213 ENSG00000089127 	 0 	 0.1458337 
0000000215 ENSG00000101407 	 0 	 0.5685041 
0000000218 ENSG00000120913 	 0 	 0.0264099 
0000000221 ENSG00000138162 	 0 	 0.170235 
0000000222 ENSG00000092068 	 0 	 0.1820729 
0000000223 ENSG00000068745 	 0 	 0.1251497 
0000000228 ENSG00000150995 	 0 	 0.05418861 
0000000233 ENSG00000147813 	 0 	 0.09873566 
0000000239 ENSG00000144895 	 0 	 0.2442118 
0000000241 ENSG00000107819 	 0 	 0.1183781 
0000000245 ENSG00000171914 	 0 	 0.1099441 
0000000251 ENSG00000161904 	 0 	 0.1390715 
0000000255 ENSG00000169299 	 0 	 0.2318234 
0000000258 ENSG00000180801 	 0 	 0.07745494 
0000000260 ENSG00000164512 	 0 	 0.1170295 
0000000261 ENSG00000152495 	 0 	 0.1153011 
0000000262 ENSG00000145715 	 0 	 0.1130244 
0000000264 ENSG00000153310 	 0 	 0.02824269 
0000000266 ENSG00000153140 	 0 	 0.04386699 
0000000272 ENSG00000134343 	 0 	 0.1167438 
0000000279 ENSG00000131871 	 0 	 0.09323878 
0000000281 ENSG00000165916 	 0 	 0.06379366 
0000000284 ENSG00000174606 	 0 	 0.08415365 
0000000285 ENSG00000089041 	 0 	 0.1048716 
0000000286 ENSG00000137872 	 0 	 0.1242418 
0000000288 ENSG00000103313 	 0 	 0.06752316 
0000000289 ENSG00000060339 	 0 	 0.1430393 
0000000290 ENSG00000197562 	 0 	 0.08993757 
0000000291 ENSG00000198040 	 0 	 0.09367115 
0000000294 ENSG00000111700 	 0 	 0.1160074 
0000000301 ENSG00000136003 	 0 	 0.5209114 
0000000306 ENSG00000070182 	 0 	 0.2786077 
0000000307 ENSG00000100578 	 0 	 0.1105243 
0000000309 ENSG00000100968 	 0 	 0.7494075 
0000000310 ENSG00000140022 	 0 	 0.3168955 
0000000313 ENSG00000140105 	 0 	 0.1194448 
0000000315 ENSG00000033170 	 0 	 0.2016807 
0000000316 ENSG00000186417 	 0 	 0.1176216 
0000000318 ENSG00000137841 	 0 	 0.1020711 
0000000322 ENSG00000064666 	 0 	 0.2346115 
0000000323 ENSG00000158427 	 0 	 0.1346894 
0000000324 ENSG00000162032 	 0 	 0.09467351 
0000000326 ENSG00000260914 	 0 	 0.1211046 
0000000329 ENSG00000108448 	 0 	 0.03327062 
0000000335 ENSG00000002919 	 0 	 0.09684071 
0000000336 ENSG00000141068 	 0 	 0.1560762 
0000000345 ENSG00000119559 	 0 	 0.1147636 
0000000349 ENSG00000104951 	 0 	 0.1145124 
0000000358 ENSG00000181027 	 0 	 0.1160884 
0000000359 ENSG00000116221 	 0 	 0.178183 
