# Prediction results for:	 GO:0045621 
# Model used:	 group_lasso 
# ROC AUC score:	 0.5272025 
# All tissues were included
# Best penalty parameter (CV): 2.461648 
# tissue	 1 	 5 
# tissue	 2 	 5 
# tissue	 3 	 5 
# tissue	 4 	 5 
# tissue	 5 	 5 
# tissue	 6 	 5 
# tissue	 7 	 5 
# tissue	 8 	 5 
# tissue	 9 	 5 
# tissue	 10 	 5 
# tissue	 11 	 5 
# tissue	 12 	 5 
# tissue	 13 	 5 
# tissue	 14 	 5 
# tissue	 15 	 5 
# tissue	 16 	 5 
# tissue	 17 	 5 
# tissue	 18 	 5 
# tissue	 19 	 5 
# tissue	 20 	 5 
# tissue	 21 	 5 
# tissue	 22 	 5 
# tissue	 23 	 5 
# tissue	 24 	 5 
# tissue	 25 	 5 
# tissue	 26 	 5 
# tissue	 27 	 5 
# tissue	 28 	 5 
# tissue	 29 	 5 
# tissue	 30 	 5 
# tissue	 31 	 5 
# tissue	 32 	 5 
# tissue	 33 	 5 
# tissue	 34 	 5 
# tissue	 35 	 5 
# tissue	 36 	 5 
# tissue	 37 	 5 
# tissue	 38 	 5 
# tissue	 39 	 5 
# tissue	 40 	 5 
# tissue	 41 	 5 
# tissue	 42 	 5 
# tissue	 43 	 5 
# tissue	 44 	 5 
# tissue	 45 	 5 
# tissue	 46 	 5 
# tissue	 47 	 5 
# tissue	 48 	 5 
# tissue	 49 	 5 
# tissue	 50 	 5 
# tissue	 51 	 5 
# tissue	 52 	 5 
# tissue	 53 	 5 
# Coefficients:
1 	 0 
1 	 0 
1 	 0 
1 	 0 
1 	 0 
2 	 0.003041112 
2 	 0.03491196 
2 	 0.02934141 
2 	 -0.1442385 
2 	 -0.08428166 
3 	 0 
3 	 0 
3 	 0 
3 	 0 
3 	 0 
4 	 0 
4 	 0 
4 	 0 
4 	 0 
4 	 0 
5 	 0 
5 	 0 
5 	 0 
5 	 0 
5 	 0 
6 	 0 
6 	 0 
6 	 0 
6 	 0 
6 	 0 
7 	 0 
7 	 0 
7 	 0 
7 	 0 
7 	 0 
8 	 0 
8 	 0 
8 	 0 
8 	 0 
8 	 0 
9 	 0 
9 	 0 
9 	 0 
9 	 0 
9 	 0 
10 	 0 
10 	 0 
10 	 0 
10 	 0 
10 	 0 
11 	 0.002970518 
11 	 0.1036141 
11 	 0.01346816 
11 	 -0.02971478 
11 	 0.04602446 
12 	 0 
12 	 0 
12 	 0 
12 	 0 
12 	 0 
13 	 0 
13 	 0 
13 	 0 
13 	 0 
13 	 0 
14 	 0 
14 	 0 
14 	 0 
14 	 0 
14 	 0 
15 	 -0.02049864 
15 	 0.01385931 
15 	 -0.2426846 
15 	 0.2561711 
15 	 -0.2187952 
16 	 -0.001126211 
16 	 -0.01116114 
16 	 -0.0394562 
16 	 0.07124657 
16 	 0.1338422 
17 	 0 
17 	 0 
17 	 0 
17 	 0 
17 	 0 
18 	 0 
18 	 0 
18 	 0 
18 	 0 
18 	 0 
19 	 0 
19 	 0 
19 	 0 
19 	 0 
19 	 0 
20 	 0 
20 	 0 
20 	 0 
20 	 0 
20 	 0 
21 	 0 
21 	 0 
21 	 0 
21 	 0 
21 	 0 
22 	 0 
22 	 0 
22 	 0 
22 	 0 
22 	 0 
23 	 0 
23 	 0 
23 	 0 
23 	 0 
23 	 0 
24 	 0.001665596 
24 	 -0.009433972 
24 	 0.03514842 
24 	 -0.001046456 
24 	 0.04197452 
25 	 0.01008864 
25 	 0.164902 
25 	 0.1278986 
25 	 0.264058 
25 	 0.001387239 
26 	 0 
26 	 0 
26 	 0 
26 	 0 
26 	 0 
27 	 0.004268239 
27 	 0.0006923215 
27 	 0.03332284 
27 	 0.06390271 
27 	 -0.00295735 
28 	 0 
28 	 0 
28 	 0 
28 	 0 
28 	 0 
29 	 0 
29 	 0 
29 	 0 
29 	 0 
29 	 0 
30 	 -0.001481142 
30 	 -0.0209853 
30 	 -0.07960798 
30 	 -0.03463986 
30 	 0.08455541 
31 	 0.001537742 
31 	 0.006645922 
31 	 -0.02248565 
31 	 -0.005330256 
31 	 0.03907957 
32 	 0.000311845 
32 	 -0.005819446 
32 	 0.0003813145 
32 	 0.002460807 
32 	 -0.005683163 
33 	 0 
33 	 0 
33 	 0 
33 	 0 
33 	 0 
34 	 0 
34 	 0 
34 	 0 
34 	 0 
34 	 0 
35 	 0.008422178 
35 	 0.03648918 
35 	 -0.0860354 
35 	 -0.2308892 
35 	 0.1524177 
36 	 0.008667405 
36 	 -0.01608379 
36 	 -0.06072881 
36 	 0.04537398 
36 	 -0.05549518 
37 	 0.02470335 
37 	 -0.1941376 
37 	 -0.6738665 
37 	 -0.2299764 
37 	 0.2022722 
38 	 0 
38 	 0 
38 	 0 
38 	 0 
38 	 0 
39 	 0 
39 	 0 
39 	 0 
39 	 0 
39 	 0 
40 	 0 
40 	 0 
40 	 0 
40 	 0 
40 	 0 
41 	 -0.006209153 
41 	 -0.03713408 
41 	 0.1565064 
41 	 0.01776335 
41 	 0.1923885 
42 	 0 
42 	 0 
42 	 0 
42 	 0 
42 	 0 
43 	 0.001766806 
43 	 -0.01205681 
43 	 0.02489531 
43 	 -0.1864705 
43 	 -0.06817547 
44 	 0 
44 	 0 
44 	 0 
44 	 0 
44 	 0 
45 	 0 
45 	 0 
45 	 0 
45 	 0 
45 	 0 
46 	 0 
46 	 0 
46 	 0 
46 	 0 
46 	 0 
47 	 0 
47 	 0 
47 	 0 
47 	 0 
47 	 0 
48 	 0 
48 	 0 
48 	 0 
48 	 0 
48 	 0 
49 	 0 
49 	 0 
49 	 0 
49 	 0 
49 	 0 
50 	 0 
50 	 0 
50 	 0 
50 	 0 
50 	 0 
51 	 0 
51 	 0 
51 	 0 
51 	 0 
51 	 0 
52 	 0 
52 	 0 
52 	 0 
52 	 0 
52 	 0 
53 	 0 
53 	 0 
53 	 0 
53 	 0 
53 	 0 
# Gene ID	Label	Prediction
0000000003 ENSG00000100219 	 1 	 0.002229097 
0000000008 ENSG00000125657 	 1 	 0.7343797 
0000000010 ENSG00000135046 	 1 	 0.4078366 
0000000013 ENSG00000121594 	 1 	 0.7457329 
0000000014 ENSG00000114013 	 1 	 0.2734668 
0000000016 ENSG00000139193 	 1 	 0.7195652 
0000000020 ENSG00000163513 	 1 	 0.03907677 
0000000023 ENSG00000168961 	 1 	 0.1350417 
0000000026 ENSG00000157227 	 1 	 0.2921062 
0000000028 ENSG00000175467 	 1 	 0.03140375 
0000000032 ENSG00000096996 	 1 	 0.5579298 
0000000034 ENSG00000183087 	 1 	 0.02370354 
0000000035 ENSG00000162711 	 1 	 0.328189 
0000000036 ENSG00000118513 	 1 	 0.1412558 
0000000037 ENSG00000107485 	 1 	 0.3804643 
0000000043 ENSG00000101882 	 1 	 0.07159428 
0000000046 ENSG00000067606 	 1 	 0.05935718 
0000000015 ENSG00000241685 	 0 	 0.03694819 
0000000016 ENSG00000051596 	 0 	 0.0520863 
0000000017 ENSG00000141560 	 0 	 0.05799546 
0000000020 ENSG00000153495 	 0 	 0.08274116 
0000000022 ENSG00000161970 	 0 	 0.434792 
0000000026 ENSG00000169840 	 0 	 0.1423848 
0000000028 ENSG00000174326 	 0 	 0.2505121 
0000000030 ENSG00000176102 	 0 	 0.1177376 
0000000031 ENSG00000123815 	 0 	 0.06252707 
0000000035 ENSG00000183032 	 0 	 0.06559193 
0000000036 ENSG00000214447 	 0 	 0.3284842 
0000000039 ENSG00000007392 	 0 	 0.1654558 
0000000045 ENSG00000100814 	 0 	 0.0240264 
0000000051 ENSG00000100146 	 0 	 0.1213591 
0000000053 ENSG00000086717 	 0 	 0.1372506 
0000000055 ENSG00000143546 	 0 	 0.3331272 
0000000057 ENSG00000162641 	 0 	 0.1424265 
0000000061 ENSG00000132485 	 0 	 0.04330294 
0000000062 ENSG00000066557 	 0 	 0.1956731 
0000000071 ENSG00000115423 	 0 	 0.09059355 
0000000074 ENSG00000211776 	 0 	 0.1844114 
0000000077 ENSG00000135912 	 0 	 0.1248249 
0000000078 ENSG00000163482 	 0 	 0.06963256 
0000000079 ENSG00000170365 	 0 	 0.04297939 
0000000081 ENSG00000138821 	 0 	 0.2483523 
0000000085 ENSG00000125863 	 0 	 0.03322229 
0000000086 ENSG00000214860 	 0 	 0.1212483 
0000000088 ENSG00000100379 	 0 	 0.05717225 
0000000089 ENSG00000105672 	 0 	 0.1340999 
0000000093 ENSG00000074054 	 0 	 0.1306976 
0000000094 ENSG00000115556 	 0 	 0.1409323 
0000000098 ENSG00000127483 	 0 	 0.1410663 
0000000099 ENSG00000155975 	 0 	 0.1836278 
0000000103 ENSG00000116044 	 0 	 0.1370094 
0000000107 ENSG00000123485 	 0 	 0.1919107 
0000000113 ENSG00000197465 	 0 	 0.1380291 
0000000114 ENSG00000117425 	 0 	 0.1520719 
0000000119 ENSG00000163121 	 0 	 0.7884117 
0000000120 ENSG00000116857 	 0 	 0.1341466 
0000000127 ENSG00000114455 	 0 	 0.146053 
0000000131 ENSG00000079385 	 0 	 0.1427336 
0000000132 ENSG00000107317 	 0 	 0.1199914 
0000000133 ENSG00000152969 	 0 	 0.1467407 
0000000134 ENSG00000151576 	 0 	 0.1414168 
0000000140 ENSG00000215788 	 0 	 0.1744428 
0000000145 ENSG00000144908 	 0 	 0.113811 
0000000146 ENSG00000157869 	 0 	 0.1242208 
0000000147 ENSG00000112992 	 0 	 0.02182663 
0000000149 ENSG00000113558 	 0 	 0.3206155 
0000000158 ENSG00000149269 	 0 	 0.1414356 
0000000160 ENSG00000146242 	 0 	 0.09621252 
0000000161 ENSG00000148737 	 0 	 0.05794601 
0000000163 ENSG00000174669 	 0 	 0.03606637 
0000000164 ENSG00000111348 	 0 	 0.1201873 
0000000167 ENSG00000134545 	 0 	 0.1502359 
0000000170 ENSG00000133858 	 0 	 0.3281824 
0000000174 ENSG00000140455 	 0 	 0.1383124 
0000000182 ENSG00000108582 	 0 	 0.1563774 
0000000183 ENSG00000141506 	 0 	 0.5813973 
0000000191 ENSG00000130522 	 0 	 0.009486175 
0000000192 ENSG00000089558 	 0 	 0.1037205 
