# Prediction results for:	 GO:0007507 
# Model used:	 group_lasso 
# ROC AUC score:	 0.5487582 
# All tissues were included
# Best penalty parameter (CV): 9.661508 
# tissue	 1 	 5 
# tissue	 2 	 5 
# tissue	 3 	 5 
# tissue	 4 	 5 
# tissue	 5 	 5 
# tissue	 6 	 5 
# tissue	 7 	 5 
# tissue	 8 	 5 
# tissue	 9 	 5 
# tissue	 10 	 5 
# tissue	 11 	 5 
# tissue	 12 	 5 
# tissue	 13 	 5 
# tissue	 14 	 5 
# tissue	 15 	 5 
# tissue	 16 	 5 
# tissue	 17 	 5 
# tissue	 18 	 5 
# tissue	 19 	 5 
# tissue	 20 	 5 
# tissue	 21 	 5 
# tissue	 22 	 5 
# tissue	 23 	 5 
# tissue	 24 	 5 
# tissue	 25 	 5 
# tissue	 26 	 5 
# tissue	 27 	 5 
# tissue	 28 	 5 
# tissue	 29 	 5 
# tissue	 30 	 5 
# tissue	 31 	 5 
# tissue	 32 	 5 
# tissue	 33 	 5 
# tissue	 34 	 5 
# tissue	 35 	 5 
# tissue	 36 	 5 
# tissue	 37 	 5 
# tissue	 38 	 5 
# tissue	 39 	 5 
# tissue	 40 	 5 
# tissue	 41 	 5 
# tissue	 42 	 5 
# tissue	 43 	 5 
# tissue	 44 	 5 
# tissue	 45 	 5 
# tissue	 46 	 5 
# tissue	 47 	 5 
# tissue	 48 	 5 
# tissue	 49 	 5 
# tissue	 50 	 5 
# tissue	 51 	 5 
# tissue	 52 	 5 
# tissue	 53 	 5 
# Coefficients:
1 	 0 
1 	 0 
1 	 0 
1 	 0 
1 	 0 
2 	 0 
2 	 0 
2 	 0 
2 	 0 
2 	 0 
3 	 0 
3 	 0 
3 	 0 
3 	 0 
3 	 0 
4 	 0 
4 	 0 
4 	 0 
4 	 0 
4 	 0 
5 	 0 
5 	 0 
5 	 0 
5 	 0 
5 	 0 
6 	 0 
6 	 0 
6 	 0 
6 	 0 
6 	 0 
7 	 0 
7 	 0 
7 	 0 
7 	 0 
7 	 0 
8 	 0 
8 	 0 
8 	 0 
8 	 0 
8 	 0 
9 	 0 
9 	 0 
9 	 0 
9 	 0 
9 	 0 
10 	 0 
10 	 0 
10 	 0 
10 	 0 
10 	 0 
11 	 0.0001511136 
11 	 0.01425596 
11 	 0.1028584 
11 	 0.001107591 
11 	 0.1038376 
12 	 0 
12 	 0 
12 	 0 
12 	 0 
12 	 0 
13 	 0 
13 	 0 
13 	 0 
13 	 0 
13 	 0 
14 	 0 
14 	 0 
14 	 0 
14 	 0 
14 	 0 
15 	 0 
15 	 0 
15 	 0 
15 	 0 
15 	 0 
16 	 0 
16 	 0 
16 	 0 
16 	 0 
16 	 0 
17 	 0 
17 	 0 
17 	 0 
17 	 0 
17 	 0 
18 	 0 
18 	 0 
18 	 0 
18 	 0 
18 	 0 
19 	 0 
19 	 0 
19 	 0 
19 	 0 
19 	 0 
20 	 0 
20 	 0 
20 	 0 
20 	 0 
20 	 0 
21 	 0 
21 	 0 
21 	 0 
21 	 0 
21 	 0 
22 	 0.001158532 
22 	 -0.00866083 
22 	 -0.03977236 
22 	 0.07054868 
22 	 -0.1385424 
23 	 0 
23 	 0 
23 	 0 
23 	 0 
23 	 0 
24 	 0 
24 	 0 
24 	 0 
24 	 0 
24 	 0 
25 	 0 
25 	 0 
25 	 0 
25 	 0 
25 	 0 
26 	 -0.004195777 
26 	 0.003330905 
26 	 -0.04033516 
26 	 0.02076749 
26 	 -0.009089222 
27 	 0 
27 	 0 
27 	 0 
27 	 0 
27 	 0 
28 	 0 
28 	 0 
28 	 0 
28 	 0 
28 	 0 
29 	 -3.998766e-05 
29 	 -0.001740871 
29 	 -0.003938848 
29 	 0.02062625 
29 	 0.007038176 
30 	 0 
30 	 0 
30 	 0 
30 	 0 
30 	 0 
31 	 -0.0008460969 
31 	 -0.001277617 
31 	 -0.04810943 
31 	 -0.01162984 
31 	 0.04155875 
32 	 0 
32 	 0 
32 	 0 
32 	 0 
32 	 0 
33 	 0 
33 	 0 
33 	 0 
33 	 0 
33 	 0 
34 	 0 
34 	 0 
34 	 0 
34 	 0 
34 	 0 
35 	 -0.004175737 
35 	 0.0270298 
35 	 0.0002536059 
35 	 0.1607681 
35 	 0.008473075 
36 	 0 
36 	 0 
36 	 0 
36 	 0 
36 	 0 
37 	 -0.0002330496 
37 	 0.001696611 
37 	 -0.03209637 
37 	 -0.02839607 
37 	 -0.009499011 
38 	 -0.005626424 
38 	 0.09481351 
38 	 -0.2061185 
38 	 0.1874807 
38 	 0.1702288 
39 	 0 
39 	 0 
39 	 0 
39 	 0 
39 	 0 
40 	 0 
40 	 0 
40 	 0 
40 	 0 
40 	 0 
41 	 0 
41 	 0 
41 	 0 
41 	 0 
41 	 0 
42 	 0 
42 	 0 
42 	 0 
42 	 0 
42 	 0 
43 	 0 
43 	 0 
43 	 0 
43 	 0 
43 	 0 
44 	 0 
44 	 0 
44 	 0 
44 	 0 
44 	 0 
45 	 0 
45 	 0 
45 	 0 
45 	 0 
45 	 0 
46 	 0 
46 	 0 
46 	 0 
46 	 0 
46 	 0 
47 	 0 
47 	 0 
47 	 0 
47 	 0 
47 	 0 
48 	 0 
48 	 0 
48 	 0 
48 	 0 
48 	 0 
49 	 0 
49 	 0 
49 	 0 
49 	 0 
49 	 0 
50 	 -0.003280723 
50 	 -0.02492951 
50 	 0.04453295 
50 	 0.03773139 
50 	 -0.02310769 
51 	 0 
51 	 0 
51 	 0 
51 	 0 
51 	 0 
52 	 0 
52 	 0 
52 	 0 
52 	 0 
52 	 0 
53 	 0 
53 	 0 
53 	 0 
53 	 0 
53 	 0 
# Gene ID	Label	Prediction
0000000003 ENSG00000004975 	 1 	 0.184238 
0000000004 ENSG00000057294 	 1 	 0.1333539 
0000000005 ENSG00000100714 	 1 	 0.2189676 
0000000006 ENSG00000103197 	 1 	 0.2217882 
0000000009 ENSG00000113196 	 1 	 0.1564669 
0000000011 ENSG00000124766 	 1 	 0.3492822 
0000000015 ENSG00000133816 	 1 	 0.1513746 
0000000016 ENSG00000134817 	 1 	 0.1668887 
0000000017 ENSG00000136383 	 1 	 0.3072726 
0000000019 ENSG00000178568 	 1 	 0.1441515 
0000000020 ENSG00000008710 	 1 	 0.5451765 
0000000039 ENSG00000074047 	 1 	 0.1441515 
0000000041 ENSG00000166147 	 1 	 0.5328908 
0000000043 ENSG00000179588 	 1 	 0.1462848 
0000000044 ENSG00000176678 	 1 	 0.3086863 
0000000045 ENSG00000176692 	 1 	 0.2013041 
0000000048 ENSG00000145194 	 1 	 0.09685475 
0000000049 ENSG00000183072 	 1 	 0.2194767 
0000000051 ENSG00000213145 	 1 	 0.2545744 
0000000053 ENSG00000100311 	 1 	 0.3973603 
0000000058 ENSG00000081189 	 1 	 0.1528702 
0000000061 ENSG00000183337 	 1 	 0.1429442 
0000000065 ENSG00000116604 	 1 	 0.1237331 
0000000066 ENSG00000179295 	 1 	 0.3176358 
0000000068 ENSG00000196712 	 1 	 0.2779726 
0000000071 ENSG00000164107 	 1 	 0.2819412 
0000000072 ENSG00000170776 	 1 	 0.1441515 
0000000073 ENSG00000185155 	 1 	 0.1603334 
0000000077 ENSG00000203867 	 1 	 0.2525883 
0000000078 ENSG00000102125 	 1 	 0.2080717 
0000000087 ENSG00000168779 	 1 	 0.1519056 
0000000005 ENSG00000111666 	 0 	 0.2883389 
0000000012 ENSG00000130640 	 0 	 0.0977014 
0000000015 ENSG00000126583 	 0 	 0.1836639 
0000000016 ENSG00000138688 	 0 	 0.1941214 
0000000017 ENSG00000138755 	 0 	 0.1687519 
0000000019 ENSG00000106066 	 0 	 0.2053312 
0000000020 ENSG00000069122 	 0 	 0.5335428 
0000000021 ENSG00000143569 	 0 	 0.1830013 
0000000023 ENSG00000144566 	 0 	 0.1847374 
0000000024 ENSG00000147123 	 0 	 0.146491 
0000000025 ENSG00000147586 	 0 	 0.1598127 
0000000030 ENSG00000140199 	 0 	 0.2327496 
0000000035 ENSG00000167562 	 0 	 0.137572 
0000000037 ENSG00000169126 	 0 	 0.1833436 
0000000046 ENSG00000145901 	 0 	 0.3848376 
0000000049 ENSG00000176681 	 0 	 0.2467984 
0000000052 ENSG00000181467 	 0 	 0.2085715 
0000000054 ENSG00000138759 	 0 	 0.1355035 
0000000055 ENSG00000179222 	 0 	 0.1665881 
0000000057 ENSG00000131196 	 0 	 0.2382811 
0000000062 ENSG00000121897 	 0 	 0.1639146 
0000000063 ENSG00000189403 	 0 	 0.2613469 
0000000066 ENSG00000215252 	 0 	 0.2762058 
0000000067 ENSG00000146648 	 0 	 0.1441515 
0000000070 ENSG00000177105 	 0 	 0.1938002 
0000000083 ENSG00000144744 	 0 	 0.22967 
0000000084 ENSG00000162430 	 0 	 0.2148815 
0000000085 ENSG00000198945 	 0 	 0.2826865 
0000000090 ENSG00000146416 	 0 	 0.1513132 
0000000093 ENSG00000143363 	 0 	 0.2016512 
0000000095 ENSG00000065621 	 0 	 0.14157 
0000000108 ENSG00000181191 	 0 	 0.1791058 
0000000110 ENSG00000157303 	 0 	 0.2334047 
0000000111 ENSG00000153498 	 0 	 0.1441515 
0000000112 ENSG00000136750 	 0 	 0.1441059 
0000000116 ENSG00000101343 	 0 	 0.1440556 
0000000118 ENSG00000137073 	 0 	 0.1726093 
0000000122 ENSG00000214717 	 0 	 0.1454416 
0000000129 ENSG00000129355 	 0 	 0.1692565 
0000000131 ENSG00000131771 	 0 	 0.580754 
0000000133 ENSG00000167395 	 0 	 0.1635314 
0000000140 ENSG00000170291 	 0 	 0.1438109 
0000000141 ENSG00000092108 	 0 	 0.1584092 
0000000145 ENSG00000186522 	 0 	 0.1714231 
0000000148 ENSG00000161647 	 0 	 0.1391977 
0000000149 ENSG00000172296 	 0 	 0.2697564 
0000000153 ENSG00000155749 	 0 	 0.1438347 
0000000163 ENSG00000159111 	 0 	 0.1395009 
0000000165 ENSG00000100399 	 0 	 0.1451687 
0000000166 ENSG00000163938 	 0 	 0.1021157 
0000000167 ENSG00000073605 	 0 	 0.1499294 
0000000169 ENSG00000135218 	 0 	 0.1942814 
0000000174 ENSG00000107882 	 0 	 0.1942126 
0000000175 ENSG00000243480 	 0 	 0.1513147 
0000000177 ENSG00000196576 	 0 	 0.1461467 
0000000179 ENSG00000108387 	 0 	 0.1411896 
0000000180 ENSG00000134489 	 0 	 0.1489204 
0000000183 ENSG00000066136 	 0 	 0.1314717 
0000000185 ENSG00000168803 	 0 	 0.1694898 
0000000186 ENSG00000173852 	 0 	 0.1447114 
0000000187 ENSG00000097046 	 0 	 0.1598368 
0000000189 ENSG00000172354 	 0 	 0.1349306 
0000000194 ENSG00000114867 	 0 	 0.1385828 
0000000200 ENSG00000172809 	 0 	 0.1162553 
0000000204 ENSG00000147382 	 0 	 0.07168039 
0000000209 ENSG00000168032 	 0 	 0.1427699 
0000000210 ENSG00000134121 	 0 	 0.2012516 
0000000213 ENSG00000169562 	 0 	 0.1408533 
0000000215 ENSG00000165637 	 0 	 0.1513548 
0000000218 ENSG00000197375 	 0 	 0.1404466 
0000000221 ENSG00000183570 	 0 	 0.1715156 
0000000222 ENSG00000179029 	 0 	 0.2168092 
0000000223 ENSG00000112214 	 0 	 0.1436196 
0000000228 ENSG00000182973 	 0 	 0.140193 
0000000233 ENSG00000111305 	 0 	 0.144256 
0000000239 ENSG00000114520 	 0 	 0.1431589 
0000000241 ENSG00000130939 	 0 	 0.1380463 
0000000245 ENSG00000163602 	 0 	 0.2237417 
0000000251 ENSG00000114771 	 0 	 0.1522285 
0000000255 ENSG00000163870 	 0 	 0.1443288 
0000000258 ENSG00000188833 	 0 	 0.144595 
0000000260 ENSG00000135272 	 0 	 0.1467343 
0000000261 ENSG00000145779 	 0 	 0.1439516 
0000000262 ENSG00000145439 	 0 	 0.1778194 
0000000264 ENSG00000109814 	 0 	 0.1441515 
0000000266 ENSG00000170522 	 0 	 0.1441515 
0000000272 ENSG00000163291 	 0 	 0.1441515 
0000000279 ENSG00000164683 	 0 	 0.1454687 
0000000281 ENSG00000101336 	 0 	 0.1568259 
0000000284 ENSG00000156787 	 0 	 0.1454159 
0000000285 ENSG00000120885 	 0 	 0.3592174 
0000000286 ENSG00000070756 	 0 	 0.414353 
0000000288 ENSG00000104613 	 0 	 0.05715388 
0000000289 ENSG00000127603 	 0 	 0.1441515 
0000000290 ENSG00000168807 	 0 	 0.1441515 
0000000291 ENSG00000158813 	 0 	 0.144044 
0000000294 ENSG00000133818 	 0 	 0.1437647 
0000000301 ENSG00000080854 	 0 	 0.1435587 
0000000306 ENSG00000110446 	 0 	 0.4507584 
0000000307 ENSG00000198585 	 0 	 0.1836814 
0000000309 ENSG00000136943 	 0 	 0.1098024 
0000000310 ENSG00000106853 	 0 	 0.1429198 
0000000313 ENSG00000134287 	 0 	 0.1441515 
0000000315 ENSG00000256660 	 0 	 0.1443852 
0000000316 ENSG00000196091 	 0 	 0.146045 
0000000318 ENSG00000076043 	 0 	 0.1348757 
0000000322 ENSG00000075415 	 0 	 0.2380013 
0000000323 ENSG00000178401 	 0 	 0.1380197 
0000000324 ENSG00000135409 	 0 	 0.1444508 
0000000326 ENSG00000119682 	 0 	 0.1441515 
0000000329 ENSG00000182718 	 0 	 0.1452177 
0000000335 ENSG00000140931 	 0 	 0.1439749 
0000000336 ENSG00000005187 	 0 	 0.1294575 
0000000345 ENSG00000181374 	 0 	 0.2470614 
0000000349 ENSG00000150394 	 0 	 0.1541226 
0000000358 ENSG00000249471 	 0 	 0.1463264 
0000000359 ENSG00000130304 	 0 	 0.1998201 
