# Prediction results for:	 GO:0051145 
# Model used:	 group_lasso 
# ROC AUC score:	 0.433642 
# All tissues were included
# Best penalty parameter (CV): 0.1494833 
# tissue	 1 	 5 
# tissue	 2 	 5 
# tissue	 3 	 5 
# tissue	 4 	 5 
# tissue	 5 	 5 
# tissue	 6 	 5 
# tissue	 7 	 5 
# tissue	 8 	 5 
# tissue	 9 	 5 
# tissue	 10 	 5 
# tissue	 11 	 5 
# tissue	 12 	 5 
# tissue	 13 	 5 
# tissue	 14 	 5 
# tissue	 15 	 5 
# tissue	 16 	 5 
# tissue	 17 	 5 
# tissue	 18 	 5 
# tissue	 19 	 5 
# tissue	 20 	 5 
# tissue	 21 	 5 
# tissue	 22 	 5 
# tissue	 23 	 5 
# tissue	 24 	 5 
# tissue	 25 	 5 
# tissue	 26 	 5 
# tissue	 27 	 5 
# tissue	 28 	 5 
# tissue	 29 	 5 
# tissue	 30 	 5 
# tissue	 31 	 5 
# tissue	 32 	 5 
# tissue	 33 	 5 
# tissue	 34 	 5 
# tissue	 35 	 5 
# tissue	 36 	 5 
# tissue	 37 	 5 
# tissue	 38 	 5 
# tissue	 39 	 5 
# tissue	 40 	 5 
# tissue	 41 	 5 
# tissue	 42 	 5 
# tissue	 43 	 5 
# tissue	 44 	 5 
# tissue	 45 	 5 
# tissue	 46 	 5 
# tissue	 47 	 5 
# tissue	 48 	 5 
# tissue	 49 	 5 
# tissue	 50 	 5 
# tissue	 51 	 5 
# tissue	 52 	 5 
# tissue	 53 	 5 
# Coefficients:
1 	 0 
1 	 0 
1 	 0 
1 	 0 
1 	 0 
2 	 0 
2 	 0 
2 	 0 
2 	 0 
2 	 0 
3 	 0 
3 	 0 
3 	 0 
3 	 0 
3 	 0 
4 	 0 
4 	 0 
4 	 0 
4 	 0 
4 	 0 
5 	 0 
5 	 0 
5 	 0 
5 	 0 
5 	 0 
6 	 0 
6 	 0 
6 	 0 
6 	 0 
6 	 0 
7 	 0 
7 	 0 
7 	 0 
7 	 0 
7 	 0 
8 	 0 
8 	 0 
8 	 0 
8 	 0 
8 	 0 
9 	 0 
9 	 0 
9 	 0 
9 	 0 
9 	 0 
10 	 0 
10 	 0 
10 	 0 
10 	 0 
10 	 0 
11 	 0 
11 	 0 
11 	 0 
11 	 0 
11 	 0 
12 	 0.02569774 
12 	 -0.4022197 
12 	 -0.5304027 
12 	 0.1560189 
12 	 -0.2850747 
13 	 0 
13 	 0 
13 	 0 
13 	 0 
13 	 0 
14 	 -0.01792523 
14 	 -0.9983339 
14 	 4.088433 
14 	 -0.3721424 
14 	 2.75213 
15 	 0 
15 	 0 
15 	 0 
15 	 0 
15 	 0 
16 	 0.002326529 
16 	 -0.09163289 
16 	 0.03679365 
16 	 0.09074332 
16 	 0.1947769 
17 	 0 
17 	 0 
17 	 0 
17 	 0 
17 	 0 
18 	 0 
18 	 0 
18 	 0 
18 	 0 
18 	 0 
19 	 0 
19 	 0 
19 	 0 
19 	 0 
19 	 0 
20 	 0 
20 	 0 
20 	 0 
20 	 0 
20 	 0 
21 	 0 
21 	 0 
21 	 0 
21 	 0 
21 	 0 
22 	 0 
22 	 0 
22 	 0 
22 	 0 
22 	 0 
23 	 0 
23 	 0 
23 	 0 
23 	 0 
23 	 0 
24 	 0 
24 	 0 
24 	 0 
24 	 0 
24 	 0 
25 	 0 
25 	 0 
25 	 0 
25 	 0 
25 	 0 
26 	 -0.0003718324 
26 	 0.001701243 
26 	 -0.2226032 
26 	 -0.1853229 
26 	 0.1752309 
27 	 0 
27 	 0 
27 	 0 
27 	 0 
27 	 0 
28 	 0.02963547 
28 	 -0.2144218 
28 	 0.09079381 
28 	 -0.2129609 
28 	 -0.03568559 
29 	 0 
29 	 0 
29 	 0 
29 	 0 
29 	 0 
30 	 0 
30 	 0 
30 	 0 
30 	 0 
30 	 0 
31 	 0 
31 	 0 
31 	 0 
31 	 0 
31 	 0 
32 	 0 
32 	 0 
32 	 0 
32 	 0 
32 	 0 
33 	 0 
33 	 0 
33 	 0 
33 	 0 
33 	 0 
34 	 0 
34 	 0 
34 	 0 
34 	 0 
34 	 0 
35 	 0 
35 	 0 
35 	 0 
35 	 0 
35 	 0 
36 	 0 
36 	 0 
36 	 0 
36 	 0 
36 	 0 
37 	 0 
37 	 0 
37 	 0 
37 	 0 
37 	 0 
38 	 0 
38 	 0 
38 	 0 
38 	 0 
38 	 0 
39 	 0 
39 	 0 
39 	 0 
39 	 0 
39 	 0 
40 	 0 
40 	 0 
40 	 0 
40 	 0 
40 	 0 
41 	 0.000677097 
41 	 0.006313931 
41 	 0.001666065 
41 	 0.02084872 
41 	 -0.1634684 
42 	 0 
42 	 0 
42 	 0 
42 	 0 
42 	 0 
43 	 0 
43 	 0 
43 	 0 
43 	 0 
43 	 0 
44 	 0.03698466 
44 	 -0.1377249 
44 	 0.07862945 
44 	 -0.08040886 
44 	 1.333858 
45 	 0 
45 	 0 
45 	 0 
45 	 0 
45 	 0 
46 	 0 
46 	 0 
46 	 0 
46 	 0 
46 	 0 
47 	 0 
47 	 0 
47 	 0 
47 	 0 
47 	 0 
48 	 0 
48 	 0 
48 	 0 
48 	 0 
48 	 0 
49 	 0 
49 	 0 
49 	 0 
49 	 0 
49 	 0 
50 	 0 
50 	 0 
50 	 0 
50 	 0 
50 	 0 
51 	 0 
51 	 0 
51 	 0 
51 	 0 
51 	 0 
52 	 0 
52 	 0 
52 	 0 
52 	 0 
52 	 0 
53 	 0 
53 	 0 
53 	 0 
53 	 0 
53 	 0 
# Gene ID	Label	Prediction
0000000004 ENSG00000131634 	 1 	 3.015665e-08 
0000000006 ENSG00000166823 	 1 	 0.0004787185 
0000000008 ENSG00000136160 	 1 	 0.9860347 
0000000009 ENSG00000081189 	 1 	 0.4332365 
0000000010 ENSG00000128298 	 0 	 0.0503757 
0000000011 ENSG00000141293 	 0 	 0.4282837 
0000000014 ENSG00000198523 	 0 	 1 
0000000016 ENSG00000163138 	 0 	 0.03850575 
0000000017 ENSG00000162688 	 0 	 0.144194 
0000000020 ENSG00000213722 	 0 	 0.6926 
0000000021 ENSG00000171819 	 0 	 0.9966553 
0000000025 ENSG00000198440 	 0 	 0.4194422 
0000000028 ENSG00000152689 	 0 	 0.9999986 
0000000029 ENSG00000157992 	 0 	 0.000421459 
0000000030 ENSG00000106336 	 0 	 0.01318032 
0000000034 ENSG00000163762 	 0 	 0.1650604 
0000000037 ENSG00000171914 	 0 	 4.47251e-05 
0000000045 ENSG00000109118 	 0 	 0.9783651 
