# Prediction results for:	 GO:0045582 
# Model used:	 group_lasso 
# ROC AUC score:	 0.5315414 
# All tissues were included
# Best penalty parameter (CV): 4.484741 
# tissue	 1 	 5 
# tissue	 2 	 5 
# tissue	 3 	 5 
# tissue	 4 	 5 
# tissue	 5 	 5 
# tissue	 6 	 5 
# tissue	 7 	 5 
# tissue	 8 	 5 
# tissue	 9 	 5 
# tissue	 10 	 5 
# tissue	 11 	 5 
# tissue	 12 	 5 
# tissue	 13 	 5 
# tissue	 14 	 5 
# tissue	 15 	 5 
# tissue	 16 	 5 
# tissue	 17 	 5 
# tissue	 18 	 5 
# tissue	 19 	 5 
# tissue	 20 	 5 
# tissue	 21 	 5 
# tissue	 22 	 5 
# tissue	 23 	 5 
# tissue	 24 	 5 
# tissue	 25 	 5 
# tissue	 26 	 5 
# tissue	 27 	 5 
# tissue	 28 	 5 
# tissue	 29 	 5 
# tissue	 30 	 5 
# tissue	 31 	 5 
# tissue	 32 	 5 
# tissue	 33 	 5 
# tissue	 34 	 5 
# tissue	 35 	 5 
# tissue	 36 	 5 
# tissue	 37 	 5 
# tissue	 38 	 5 
# tissue	 39 	 5 
# tissue	 40 	 5 
# tissue	 41 	 5 
# tissue	 42 	 5 
# tissue	 43 	 5 
# tissue	 44 	 5 
# tissue	 45 	 5 
# tissue	 46 	 5 
# tissue	 47 	 5 
# tissue	 48 	 5 
# tissue	 49 	 5 
# tissue	 50 	 5 
# tissue	 51 	 5 
# tissue	 52 	 5 
# tissue	 53 	 5 
# Coefficients:
1 	 0 
1 	 0 
1 	 0 
1 	 0 
1 	 0 
2 	 -0.003325131 
2 	 -0.009513836 
2 	 0.07508344 
2 	 -0.07878665 
2 	 -0.008542665 
3 	 0 
3 	 0 
3 	 0 
3 	 0 
3 	 0 
4 	 0 
4 	 0 
4 	 0 
4 	 0 
4 	 0 
5 	 0 
5 	 0 
5 	 0 
5 	 0 
5 	 0 
6 	 0 
6 	 0 
6 	 0 
6 	 0 
6 	 0 
7 	 0 
7 	 0 
7 	 0 
7 	 0 
7 	 0 
8 	 0 
8 	 0 
8 	 0 
8 	 0 
8 	 0 
9 	 0 
9 	 0 
9 	 0 
9 	 0 
9 	 0 
10 	 0 
10 	 0 
10 	 0 
10 	 0 
10 	 0 
11 	 0 
11 	 0 
11 	 0 
11 	 0 
11 	 0 
12 	 0 
12 	 0 
12 	 0 
12 	 0 
12 	 0 
13 	 0 
13 	 0 
13 	 0 
13 	 0 
13 	 0 
14 	 0 
14 	 0 
14 	 0 
14 	 0 
14 	 0 
15 	 0 
15 	 0 
15 	 0 
15 	 0 
15 	 0 
16 	 0 
16 	 0 
16 	 0 
16 	 0 
16 	 0 
17 	 0 
17 	 0 
17 	 0 
17 	 0 
17 	 0 
18 	 0 
18 	 0 
18 	 0 
18 	 0 
18 	 0 
19 	 -0.005694438 
19 	 0.004719206 
19 	 -0.2381113 
19 	 -0.01157473 
19 	 -0.02287145 
20 	 -0.005580074 
20 	 0.01310277 
20 	 0.03744884 
20 	 -0.0151499 
20 	 -0.2676959 
21 	 0 
21 	 0 
21 	 0 
21 	 0 
21 	 0 
22 	 0 
22 	 0 
22 	 0 
22 	 0 
22 	 0 
23 	 0 
23 	 0 
23 	 0 
23 	 0 
23 	 0 
24 	 0 
24 	 0 
24 	 0 
24 	 0 
24 	 0 
25 	 0 
25 	 0 
25 	 0 
25 	 0 
25 	 0 
26 	 0 
26 	 0 
26 	 0 
26 	 0 
26 	 0 
27 	 0 
27 	 0 
27 	 0 
27 	 0 
27 	 0 
28 	 0 
28 	 0 
28 	 0 
28 	 0 
28 	 0 
29 	 0 
29 	 0 
29 	 0 
29 	 0 
29 	 0 
30 	 -0.001653233 
30 	 -0.01391686 
30 	 0.01729838 
30 	 0.01249145 
30 	 0.03599583 
31 	 0 
31 	 0 
31 	 0 
31 	 0 
31 	 0 
32 	 0 
32 	 0 
32 	 0 
32 	 0 
32 	 0 
33 	 0 
33 	 0 
33 	 0 
33 	 0 
33 	 0 
34 	 0 
34 	 0 
34 	 0 
34 	 0 
34 	 0 
35 	 0 
35 	 0 
35 	 0 
35 	 0 
35 	 0 
36 	 0 
36 	 0 
36 	 0 
36 	 0 
36 	 0 
37 	 -0.0005607519 
37 	 -0.01137994 
37 	 -0.009015048 
37 	 0.007455867 
37 	 0.002994681 
38 	 0 
38 	 0 
38 	 0 
38 	 0 
38 	 0 
39 	 0 
39 	 0 
39 	 0 
39 	 0 
39 	 0 
40 	 0 
40 	 0 
40 	 0 
40 	 0 
40 	 0 
41 	 -0.0009586956 
41 	 0.003629455 
41 	 0.01713599 
41 	 -0.001958168 
41 	 0.007668366 
42 	 0 
42 	 0 
42 	 0 
42 	 0 
42 	 0 
43 	 -0.003391996 
43 	 -0.01163928 
43 	 0.001833218 
43 	 -0.0987863 
43 	 -0.08528811 
44 	 0 
44 	 0 
44 	 0 
44 	 0 
44 	 0 
45 	 0 
45 	 0 
45 	 0 
45 	 0 
45 	 0 
46 	 0 
46 	 0 
46 	 0 
46 	 0 
46 	 0 
47 	 0 
47 	 0 
47 	 0 
47 	 0 
47 	 0 
48 	 0 
48 	 0 
48 	 0 
48 	 0 
48 	 0 
49 	 -0.0009927952 
49 	 0.001114096 
49 	 0.02118514 
49 	 0.01361562 
49 	 -0.01610999 
50 	 0 
50 	 0 
50 	 0 
50 	 0 
50 	 0 
51 	 0 
51 	 0 
51 	 0 
51 	 0 
51 	 0 
52 	 0 
52 	 0 
52 	 0 
52 	 0 
52 	 0 
53 	 0 
53 	 0 
53 	 0 
53 	 0 
53 	 0 
# Gene ID	Label	Prediction
0000000003 ENSG00000100219 	 1 	 0.1784118 
0000000007 ENSG00000113520 	 1 	 0.1244815 
0000000008 ENSG00000125657 	 1 	 0.2463854 
0000000011 ENSG00000104432 	 1 	 0.1812089 
0000000012 ENSG00000121594 	 1 	 0.1730052 
0000000016 ENSG00000123338 	 1 	 0.483869 
0000000024 ENSG00000131042 	 1 	 0.1267215 
0000000025 ENSG00000074047 	 1 	 0.1233956 
0000000028 ENSG00000117335 	 1 	 0.1299431 
0000000030 ENSG00000118513 	 1 	 0.1233797 
0000000031 ENSG00000107485 	 1 	 0.1574432 
0000000032 ENSG00000162594 	 1 	 0.1211404 
0000000035 ENSG00000198805 	 1 	 0.7535412 
0000000036 ENSG00000112299 	 1 	 0.1891296 
0000000038 ENSG00000049768 	 1 	 0.1233956 
0000000019 ENSG00000104763 	 0 	 0.1367677 
0000000020 ENSG00000064961 	 0 	 0.1132853 
0000000022 ENSG00000069482 	 0 	 0.3792569 
0000000024 ENSG00000144711 	 0 	 0.2041548 
0000000025 ENSG00000069122 	 0 	 0.1307079 
0000000029 ENSG00000175065 	 0 	 0.1235391 
0000000030 ENSG00000135374 	 0 	 0.1184582 
0000000032 ENSG00000178460 	 0 	 0.123364 
0000000038 ENSG00000182934 	 0 	 0.369851 
0000000042 ENSG00000079277 	 0 	 0.2095884 
0000000047 ENSG00000187010 	 0 	 0.1188116 
0000000048 ENSG00000168439 	 0 	 0.1214797 
0000000049 ENSG00000197442 	 0 	 0.3349476 
0000000051 ENSG00000197580 	 0 	 0.126491 
0000000058 ENSG00000125965 	 0 	 0.1233316 
0000000061 ENSG00000125831 	 0 	 0.1212252 
0000000065 ENSG00000122042 	 0 	 0.1865161 
0000000069 ENSG00000103852 	 0 	 0.1366438 
0000000070 ENSG00000213585 	 0 	 0.3455992 
0000000073 ENSG00000100836 	 0 	 0.3050587 
0000000075 ENSG00000157554 	 0 	 0.1138507 
0000000083 ENSG00000144199 	 0 	 0.1338317 
0000000088 ENSG00000100350 	 0 	 0.119228 
0000000091 ENSG00000099901 	 0 	 0.1293159 
0000000093 ENSG00000197885 	 0 	 0.1071032 
0000000099 ENSG00000188227 	 0 	 0.1326185 
0000000105 ENSG00000143416 	 0 	 0.1243283 
0000000111 ENSG00000172053 	 0 	 0.1239634 
0000000112 ENSG00000076864 	 0 	 0.1045922 
0000000115 ENSG00000162813 	 0 	 0.1233817 
0000000116 ENSG00000006283 	 0 	 0.1236697 
0000000120 ENSG00000087088 	 0 	 0.136443 
0000000122 ENSG00000164466 	 0 	 0.2356732 
0000000125 ENSG00000169026 	 0 	 0.131171 
0000000130 ENSG00000147689 	 0 	 0.1231387 
0000000131 ENSG00000197265 	 0 	 0.1233956 
0000000132 ENSG00000042980 	 0 	 0.585962 
0000000133 ENSG00000155508 	 0 	 0.1251046 
0000000135 ENSG00000008517 	 0 	 0.1559876 
0000000138 ENSG00000164172 	 0 	 0.1242274 
0000000140 ENSG00000164871 	 0 	 0.1233956 
0000000142 ENSG00000186104 	 0 	 0.1370727 
0000000144 ENSG00000023191 	 0 	 0.1511057 
0000000145 ENSG00000102241 	 0 	 0.1426939 
0000000146 ENSG00000149452 	 0 	 0.1232853 
0000000148 ENSG00000155380 	 0 	 0.1348828 
0000000149 ENSG00000255730 	 0 	 0.1210527 
0000000154 ENSG00000188580 	 0 	 0.1233956 
0000000156 ENSG00000119682 	 0 	 0.2259857 
0000000164 ENSG00000169032 	 0 	 0.348991 
0000000166 ENSG00000188603 	 0 	 0.1244438 
0000000168 ENSG00000161956 	 0 	 0.1608524 
0000000169 ENSG00000130734 	 0 	 0.1128253 
0000000171 ENSG00000033011 	 0 	 0.1285052 
0000000177 ENSG00000130755 	 0 	 0.1554249 
0000000179 ENSG00000007001 	 0 	 0.1233956 
