# Prediction results for:	 GO:0008016 
# Model used:	 group_lasso 
# ROC AUC score:	 0.5872753 
# All tissues were included
# Best penalty parameter (CV): 2.331043 
# tissue	 1 	 5 
# tissue	 2 	 5 
# tissue	 3 	 5 
# tissue	 4 	 5 
# tissue	 5 	 5 
# tissue	 6 	 5 
# tissue	 7 	 5 
# tissue	 8 	 5 
# tissue	 9 	 5 
# tissue	 10 	 5 
# tissue	 11 	 5 
# tissue	 12 	 5 
# tissue	 13 	 5 
# tissue	 14 	 5 
# tissue	 15 	 5 
# tissue	 16 	 5 
# tissue	 17 	 5 
# tissue	 18 	 5 
# tissue	 19 	 5 
# tissue	 20 	 5 
# tissue	 21 	 5 
# tissue	 22 	 5 
# tissue	 23 	 5 
# tissue	 24 	 5 
# tissue	 25 	 5 
# tissue	 26 	 5 
# tissue	 27 	 5 
# tissue	 28 	 5 
# tissue	 29 	 5 
# tissue	 30 	 5 
# tissue	 31 	 5 
# tissue	 32 	 5 
# tissue	 33 	 5 
# tissue	 34 	 5 
# tissue	 35 	 5 
# tissue	 36 	 5 
# tissue	 37 	 5 
# tissue	 38 	 5 
# tissue	 39 	 5 
# tissue	 40 	 5 
# tissue	 41 	 5 
# tissue	 42 	 5 
# tissue	 43 	 5 
# tissue	 44 	 5 
# tissue	 45 	 5 
# tissue	 46 	 5 
# tissue	 47 	 5 
# tissue	 48 	 5 
# tissue	 49 	 5 
# tissue	 50 	 5 
# tissue	 51 	 5 
# tissue	 52 	 5 
# tissue	 53 	 5 
# Coefficients:
1 	 0 
1 	 0 
1 	 0 
1 	 0 
1 	 0 
2 	 0.001193633 
2 	 -0.005189548 
2 	 0.0675925 
2 	 -0.005375597 
2 	 -0.003650948 
3 	 0 
3 	 0 
3 	 0 
3 	 0 
3 	 0 
4 	 0.002561307 
4 	 0.07580951 
4 	 -0.02916032 
4 	 -0.1656341 
4 	 -0.09321181 
5 	 0.0001569238 
5 	 -0.009011322 
5 	 -0.008052061 
5 	 0.004769455 
5 	 -0.02354771 
6 	 -3.690512e-05 
6 	 -0.00162295 
6 	 0.00771236 
6 	 0.01060972 
6 	 -0.02158873 
7 	 -0.003520132 
7 	 0.1517479 
7 	 -0.2966162 
7 	 -0.4076462 
7 	 0.03326039 
8 	 0 
8 	 0 
8 	 0 
8 	 0 
8 	 0 
9 	 -0.0004529066 
9 	 0.04975218 
9 	 0.09486884 
9 	 -0.05175403 
9 	 -0.1090286 
10 	 -0.007064163 
10 	 -0.1720622 
10 	 -0.2841233 
10 	 0.09784726 
10 	 0.9550221 
11 	 0 
11 	 0 
11 	 0 
11 	 0 
11 	 0 
12 	 0.0003883122 
12 	 0.05381568 
12 	 -0.217351 
12 	 0.03660205 
12 	 0.03063199 
13 	 0.01002918 
13 	 0.09114488 
13 	 0.02815292 
13 	 -0.03043103 
13 	 0.186598 
14 	 0.002834083 
14 	 0.03033496 
14 	 0.02834366 
14 	 -0.105885 
14 	 -0.09212349 
15 	 0.006207733 
15 	 0.02272437 
15 	 -0.1221701 
15 	 0.1972001 
15 	 0.1228268 
16 	 0.002147513 
16 	 -0.0438706 
16 	 0.1770971 
16 	 0.1205629 
16 	 0.1449684 
17 	 0.01082305 
17 	 -0.146933 
17 	 -0.05084631 
17 	 -0.1297906 
17 	 1.362143 
18 	 0.001846927 
18 	 -0.03092829 
18 	 -0.02600145 
18 	 0.03246484 
18 	 0.009264182 
19 	 0.002729967 
19 	 0.02108441 
19 	 0.03905995 
19 	 -0.377455 
19 	 -0.05429812 
20 	 -0.0008927653 
20 	 -0.02422515 
20 	 0.1922257 
20 	 0.1608507 
20 	 0.5264166 
21 	 0 
21 	 0 
21 	 0 
21 	 0 
21 	 0 
22 	 0.000603564 
22 	 0.01157952 
22 	 -0.02145977 
22 	 0.02261218 
22 	 0.04986946 
23 	 0 
23 	 0 
23 	 0 
23 	 0 
23 	 0 
24 	 0 
24 	 0 
24 	 0 
24 	 0 
24 	 0 
25 	 0.01308845 
25 	 -0.2101327 
25 	 0.3684401 
25 	 -0.2497289 
25 	 -0.2164359 
26 	 -0.02523601 
26 	 0.1531547 
26 	 0.03961495 
26 	 0.1689054 
26 	 -0.1981252 
27 	 -0.02071948 
27 	 0.04360245 
27 	 -0.1227891 
27 	 0.3558115 
27 	 0.1040316 
28 	 -0.0497311 
28 	 -0.2022844 
28 	 0.1156514 
28 	 -0.0878765 
28 	 -0.5693354 
29 	 0.00596442 
29 	 0.04710885 
29 	 -0.09332112 
29 	 0.07607587 
29 	 0.1854881 
30 	 -2.560735e-05 
30 	 0.003973644 
30 	 -0.003956387 
30 	 0.008899203 
30 	 0.003270397 
31 	 -0.00213369 
31 	 -0.01556836 
31 	 -0.1924297 
31 	 -0.274284 
31 	 0.06791481 
32 	 -0.005335515 
32 	 0.01876979 
32 	 0.04078932 
32 	 0.06839689 
32 	 0.03987234 
33 	 0 
33 	 0 
33 	 0 
33 	 0 
33 	 0 
34 	 0.008802451 
34 	 0.04521476 
34 	 -0.1893981 
34 	 0.1688474 
34 	 -0.3250795 
35 	 0 
35 	 0 
35 	 0 
35 	 0 
35 	 0 
36 	 -0.0007727454 
36 	 0.0008918743 
36 	 0.02616811 
36 	 -0.02554819 
36 	 -0.05904217 
37 	 0.01769881 
37 	 -0.03766584 
37 	 0.170935 
37 	 -0.4190722 
37 	 0.1410232 
38 	 0.009449439 
38 	 0.04774349 
38 	 0.04273313 
38 	 -0.1034509 
38 	 0.2874878 
39 	 0.00147869 
39 	 0.01943305 
39 	 0.005262565 
39 	 -0.04942556 
39 	 0.01793278 
40 	 0.003532941 
40 	 0.002865606 
40 	 0.02109327 
40 	 0.06427188 
40 	 -0.1038118 
41 	 0.002960487 
41 	 0.01051604 
41 	 -0.08607761 
41 	 -0.07248178 
41 	 0.3193974 
42 	 0 
42 	 0 
42 	 0 
42 	 0 
42 	 0 
43 	 0.0005789362 
43 	 -0.002537419 
43 	 -0.002170386 
43 	 -0.006566321 
43 	 -0.1030008 
44 	 0.007129622 
44 	 -0.008032574 
44 	 0.05163538 
44 	 0.1087972 
44 	 -0.3259108 
45 	 0.002891132 
45 	 -0.02456929 
45 	 -0.05292496 
45 	 -0.04701782 
45 	 -0.05681464 
46 	 0.0008616385 
46 	 -0.02817118 
46 	 -0.008494091 
46 	 -0.004341734 
46 	 -0.01283034 
47 	 0.0091879 
47 	 0.05761507 
47 	 -0.2766141 
47 	 0.3752644 
47 	 -0.2314798 
48 	 0.001042652 
48 	 0.009009598 
48 	 -0.007542455 
48 	 0.1630326 
48 	 0.02625057 
49 	 0.00222169 
49 	 -0.04738563 
49 	 -0.06504847 
49 	 -0.02208584 
49 	 -0.04931084 
50 	 0.01870088 
50 	 0.04672081 
50 	 0.324344 
50 	 0.3103651 
50 	 0.3283246 
51 	 0 
51 	 0 
51 	 0 
51 	 0 
51 	 0 
52 	 0 
52 	 0 
52 	 0 
52 	 0 
52 	 0 
53 	 0 
53 	 0 
53 	 0 
53 	 0 
53 	 0 
# Gene ID	Label	Prediction
0000000004 ENSG00000057294 	 1 	 0.286723 
0000000005 ENSG00000053918 	 1 	 0.2822348 
0000000007 ENSG00000100604 	 1 	 0.9581367 
0000000009 ENSG00000101400 	 1 	 0.5698918 
0000000010 ENSG00000102057 	 1 	 0.06500031 
0000000011 ENSG00000105605 	 1 	 0.126337 
0000000015 ENSG00000111245 	 1 	 0.6459121 
0000000016 ENSG00000116741 	 1 	 0.5519716 
0000000017 ENSG00000118160 	 1 	 0.8711603 
0000000018 ENSG00000118194 	 1 	 0.1259073 
0000000021 ENSG00000213366 	 1 	 0.2105024 
0000000024 ENSG00000129244 	 1 	 0.02308775 
0000000026 ENSG00000130037 	 1 	 0.2702104 
0000000028 ENSG00000130433 	 1 	 0.289351 
0000000029 ENSG00000130528 	 1 	 0.9551377 
0000000031 ENSG00000134548 	 1 	 0.08613679 
0000000039 ENSG00000075461 	 1 	 0.7062466 
0000000040 ENSG00000101665 	 1 	 0.09356165 
0000000043 ENSG00000099337 	 1 	 0.005309204 
0000000045 ENSG00000090020 	 1 	 0.8431976 
0000000053 ENSG00000142408 	 1 	 0.8715918 
0000000055 ENSG00000145244 	 1 	 0.9239694 
0000000057 ENSG00000149575 	 1 	 0.8505809 
0000000061 ENSG00000157388 	 1 	 0.1892573 
0000000064 ENSG00000159167 	 1 	 0.01528714 
0000000065 ENSG00000159197 	 1 	 0.1854142 
0000000066 ENSG00000104936 	 1 	 0.04592945 
0000000068 ENSG00000160678 	 1 	 0.7636951 
0000000070 ENSG00000115041 	 1 	 0.1665292 
0000000086 ENSG00000075429 	 1 	 0.1339602 
0000000088 ENSG00000174437 	 1 	 0.9997454 
0000000091 ENSG00000074370 	 1 	 0.283739 
0000000094 ENSG00000173641 	 1 	 0.6244859 
0000000095 ENSG00000178342 	 1 	 0.3202192 
0000000096 ENSG00000089250 	 1 	 0.6930166 
0000000100 ENSG00000177098 	 1 	 0.779221 
0000000101 ENSG00000116783 	 1 	 0.5863789 
0000000102 ENSG00000182132 	 1 	 0.1067949 
0000000104 ENSG00000184588 	 1 	 0.05393383 
0000000105 ENSG00000183230 	 1 	 0.1109782 
0000000108 ENSG00000184185 	 1 	 0.1982709 
0000000112 ENSG00000151067 	 1 	 0.1246315 
0000000113 ENSG00000135124 	 1 	 0.0617433 
0000000115 ENSG00000068305 	 1 	 0.2011019 
0000000122 ENSG00000182533 	 1 	 0.5935468 
0000000127 ENSG00000196557 	 1 	 0.5114021 
0000000131 ENSG00000048740 	 1 	 0.2157861 
0000000132 ENSG00000198336 	 1 	 0.00460787 
0000000133 ENSG00000092054 	 1 	 0.9796126 
0000000135 ENSG00000127914 	 1 	 0.3432972 
0000000145 ENSG00000018625 	 1 	 0.9830842 
0000000146 ENSG00000198929 	 1 	 0.5804286 
0000000147 ENSG00000081248 	 1 	 0.4266652 
0000000148 ENSG00000135750 	 1 	 0.821103 
0000000150 ENSG00000092969 	 1 	 0.09167496 
0000000151 ENSG00000143153 	 1 	 0.7975914 
0000000155 ENSG00000043591 	 1 	 0.3866171 
0000000156 ENSG00000148834 	 1 	 0.09406942 
0000000160 ENSG00000127129 	 1 	 0.3844096 
0000000163 ENSG00000175084 	 1 	 0.7881316 
0000000167 ENSG00000078401 	 1 	 0.4371487 
0000000169 ENSG00000119782 	 1 	 0.1792086 
0000000171 ENSG00000198838 	 1 	 0.3662079 
0000000004 ENSG00000038295 	 0 	 0.2505409 
0000000006 ENSG00000172995 	 0 	 0.3788893 
0000000013 ENSG00000101074 	 0 	 0.1183726 
0000000016 ENSG00000106366 	 0 	 0.04142608 
0000000019 ENSG00000111729 	 0 	 0.07869099 
0000000024 ENSG00000138363 	 0 	 0.02138379 
0000000026 ENSG00000119705 	 0 	 0.02158758 
0000000027 ENSG00000120262 	 0 	 0.06446418 
0000000030 ENSG00000123307 	 0 	 0.06826948 
0000000031 ENSG00000123353 	 0 	 0.04500969 
0000000042 ENSG00000091181 	 0 	 0.116744 
0000000047 ENSG00000136383 	 0 	 0.7305303 
0000000048 ENSG00000136696 	 0 	 0.124143 
0000000051 ENSG00000137804 	 0 	 0.1117629 
0000000055 ENSG00000064666 	 0 	 0.02939689 
0000000057 ENSG00000066248 	 0 	 0.5608377 
0000000063 ENSG00000001629 	 0 	 0.1056453 
0000000069 ENSG00000147443 	 0 	 0.1808106 
0000000076 ENSG00000239474 	 0 	 0.9831409 
0000000077 ENSG00000013288 	 0 	 0.6005574 
0000000079 ENSG00000156076 	 0 	 0.5083209 
0000000084 ENSG00000160714 	 0 	 0.1132708 
0000000086 ENSG00000144724 	 0 	 0.02614781 
0000000087 ENSG00000163644 	 0 	 0.09783368 
0000000089 ENSG00000164062 	 0 	 0.3093915 
0000000090 ENSG00000164161 	 0 	 0.006318022 
0000000092 ENSG00000164220 	 0 	 0.08127473 
0000000094 ENSG00000165462 	 0 	 0.3030884 
0000000097 ENSG00000166503 	 0 	 0.06872755 
0000000098 ENSG00000168004 	 0 	 0.07195485 
0000000102 ENSG00000171450 	 0 	 0.9720167 
0000000106 ENSG00000170961 	 0 	 0.04478723 
0000000114 ENSG00000066422 	 0 	 0.02449017 
0000000119 ENSG00000177174 	 0 	 0.1275932 
0000000123 ENSG00000180481 	 0 	 0.07344869 
0000000124 ENSG00000073282 	 0 	 0.1269315 
0000000125 ENSG00000049540 	 0 	 0.1688804 
0000000127 ENSG00000179886 	 0 	 0.1186596 
0000000132 ENSG00000251369 	 0 	 0.1064588 
0000000137 ENSG00000084112 	 0 	 0.2000466 
0000000138 ENSG00000117036 	 0 	 0.1000093 
0000000146 ENSG00000065613 	 0 	 0.1368493 
0000000147 ENSG00000067048 	 0 	 0.06726295 
0000000148 ENSG00000249471 	 0 	 0.04216222 
0000000150 ENSG00000213218 	 0 	 0.1256572 
0000000152 ENSG00000165675 	 0 	 0.1101988 
0000000153 ENSG00000162129 	 0 	 0.0295774 
0000000155 ENSG00000041982 	 0 	 0.06043976 
0000000159 ENSG00000196240 	 0 	 0.1313843 
0000000160 ENSG00000156504 	 0 	 0.06515342 
0000000161 ENSG00000137710 	 0 	 0.04987965 
0000000166 ENSG00000148737 	 0 	 0.1256706 
0000000168 ENSG00000075651 	 0 	 0.3664192 
0000000171 ENSG00000104044 	 0 	 0.1316762 
0000000182 ENSG00000008294 	 0 	 0.01276413 
0000000184 ENSG00000145725 	 0 	 0.1485812 
0000000186 ENSG00000197705 	 0 	 0.2261126 
0000000190 ENSG00000109572 	 0 	 0.04825235 
0000000191 ENSG00000198682 	 0 	 0.01066593 
0000000195 ENSG00000143643 	 0 	 0.03395422 
0000000199 ENSG00000163435 	 0 	 0.1989275 
0000000206 ENSG00000123505 	 0 	 0.1992586 
0000000208 ENSG00000143418 	 0 	 0.1040353 
0000000216 ENSG00000157193 	 0 	 0.1260698 
0000000217 ENSG00000162377 	 0 	 0.1607695 
0000000219 ENSG00000062650 	 0 	 0.04342377 
0000000221 ENSG00000117400 	 0 	 0.1337028 
0000000231 ENSG00000116353 	 0 	 0.1512487 
0000000233 ENSG00000138835 	 0 	 0.3085321 
0000000234 ENSG00000107643 	 0 	 0.1051214 
0000000236 ENSG00000119457 	 0 	 0.1225499 
0000000237 ENSG00000030110 	 0 	 0.01506397 
0000000239 ENSG00000204287 	 0 	 0.00245764 
0000000241 ENSG00000074964 	 0 	 0.2732685 
0000000244 ENSG00000204388 	 0 	 3.892002e-05 
0000000245 ENSG00000179222 	 0 	 0.3523222 
0000000246 ENSG00000131044 	 0 	 0.07875597 
0000000247 ENSG00000151287 	 0 	 0.3145377 
0000000251 ENSG00000204583 	 0 	 0.1089738 
0000000252 ENSG00000204595 	 0 	 0.09877304 
0000000256 ENSG00000181778 	 0 	 0.4602242 
0000000257 ENSG00000171608 	 0 	 0.06135565 
0000000259 ENSG00000204954 	 0 	 0.1026481 
0000000260 ENSG00000152465 	 0 	 0.09653197 
0000000262 ENSG00000139679 	 0 	 0.1474569 
0000000263 ENSG00000157916 	 0 	 0.02460239 
0000000269 ENSG00000147010 	 0 	 0.1254506 
0000000272 ENSG00000173698 	 0 	 0.1268279 
0000000275 ENSG00000122042 	 0 	 0.1253067 
0000000277 ENSG00000100503 	 0 	 0.06367244 
0000000288 ENSG00000029363 	 0 	 0.08667181 
0000000291 ENSG00000151572 	 0 	 0.06128042 
0000000301 ENSG00000213445 	 0 	 0.06533487 
0000000307 ENSG00000079974 	 0 	 0.2045718 
0000000309 ENSG00000169181 	 0 	 0.1039709 
0000000313 ENSG00000078399 	 0 	 0.1053197 
0000000323 ENSG00000213516 	 0 	 0.1007243 
0000000325 ENSG00000215912 	 0 	 0.142612 
0000000328 ENSG00000100138 	 0 	 0.009193724 
0000000329 ENSG00000100316 	 0 	 0.1301637 
0000000331 ENSG00000136244 	 0 	 0.08686114 
0000000336 ENSG00000116171 	 0 	 0.2512949 
0000000339 ENSG00000198176 	 0 	 0.1158364 
0000000344 ENSG00000134278 	 0 	 0.1711848 
0000000349 ENSG00000115649 	 0 	 0.1435773 
0000000350 ENSG00000180881 	 0 	 0.1080066 
0000000352 ENSG00000115474 	 0 	 0.119205 
0000000353 ENSG00000101194 	 0 	 0.05408609 
0000000365 ENSG00000113580 	 0 	 0.05031959 
0000000367 ENSG00000124508 	 0 	 0.004306907 
0000000369 ENSG00000003756 	 0 	 0.1273234 
0000000373 ENSG00000164893 	 0 	 0.1268674 
0000000378 ENSG00000144283 	 0 	 0.198578 
0000000379 ENSG00000172936 	 0 	 0.02730297 
0000000385 ENSG00000150967 	 0 	 0.1750875 
0000000386 ENSG00000138942 	 0 	 0.1051504 
0000000390 ENSG00000144063 	 0 	 0.7288764 
0000000391 ENSG00000017260 	 0 	 0.2452156 
0000000392 ENSG00000151090 	 0 	 0.111455 
0000000394 ENSG00000002016 	 0 	 0.08326623 
0000000397 ENSG00000236104 	 0 	 0.3840075 
0000000401 ENSG00000048405 	 0 	 0.1264321 
0000000402 ENSG00000071889 	 0 	 0.09059017 
0000000405 ENSG00000125503 	 0 	 0.02280439 
0000000406 ENSG00000135837 	 0 	 0.06449385 
0000000418 ENSG00000115694 	 0 	 0.1263201 
0000000419 ENSG00000236362 	 0 	 0.1641647 
0000000425 ENSG00000144048 	 0 	 0.02661508 
0000000426 ENSG00000006468 	 0 	 0.1227815 
0000000429 ENSG00000163803 	 0 	 0.6209717 
0000000431 ENSG00000158488 	 0 	 0.1395046 
0000000438 ENSG00000130005 	 0 	 0.139513 
0000000440 ENSG00000173692 	 0 	 0.1935582 
0000000442 ENSG00000142192 	 0 	 0.1168769 
0000000444 ENSG00000197323 	 0 	 0.01880372 
0000000447 ENSG00000169902 	 0 	 0.04631403 
0000000449 ENSG00000197713 	 0 	 0.1042417 
0000000450 ENSG00000147408 	 0 	 0.04364817 
0000000455 ENSG00000144834 	 0 	 0.429755 
0000000459 ENSG00000135912 	 0 	 0.07636329 
0000000461 ENSG00000197632 	 0 	 0.1122891 
0000000470 ENSG00000158525 	 0 	 0.07035908 
0000000471 ENSG00000133574 	 0 	 0.1812501 
0000000473 ENSG00000144736 	 0 	 0.1382346 
0000000479 ENSG00000088038 	 0 	 0.3665712 
0000000480 ENSG00000213186 	 0 	 0.1162571 
0000000482 ENSG00000049249 	 0 	 0.135682 
0000000484 ENSG00000137135 	 0 	 0.003543834 
0000000492 ENSG00000172053 	 0 	 0.1067714 
0000000493 ENSG00000188529 	 0 	 0.1235228 
0000000496 ENSG00000012048 	 0 	 0.1248513 
0000000503 ENSG00000015479 	 0 	 0.07962255 
0000000507 ENSG00000159199 	 0 	 0.1259255 
0000000511 ENSG00000145335 	 0 	 0.009978281 
0000000518 ENSG00000218336 	 0 	 0.1288412 
0000000519 ENSG00000248933 	 0 	 0.119078 
0000000522 ENSG00000129116 	 0 	 0.01714529 
0000000524 ENSG00000151834 	 0 	 0.12451 
0000000528 ENSG00000151834 	 0 	 0.06907114 
0000000533 ENSG00000205133 	 0 	 0.1347654 
0000000536 ENSG00000113249 	 0 	 0.1063872 
0000000541 ENSG00000156011 	 0 	 0.07065115 
0000000544 ENSG00000184156 	 0 	 0.113756 
0000000550 ENSG00000197043 	 0 	 0.1974881 
0000000556 ENSG00000197363 	 0 	 0.06316329 
0000000558 ENSG00000166959 	 0 	 0.1142877 
0000000563 ENSG00000149792 	 0 	 0.1280922 
0000000564 ENSG00000082175 	 0 	 0.1337514 
0000000568 ENSG00000198431 	 0 	 0.1262614 
0000000571 ENSG00000143248 	 0 	 0.1245921 
0000000574 ENSG00000204397 	 0 	 0.00327979 
0000000578 ENSG00000141971 	 0 	 0.06730582 
0000000584 ENSG00000118513 	 0 	 0.07529524 
0000000587 ENSG00000162222 	 0 	 0.008147229 
0000000590 ENSG00000110330 	 0 	 0.09601797 
0000000594 ENSG00000158636 	 0 	 0.07090694 
0000000596 ENSG00000118513 	 0 	 0.1245827 
0000000597 ENSG00000137752 	 0 	 0.01773777 
0000000599 ENSG00000139112 	 0 	 0.118573 
0000000600 ENSG00000149716 	 0 	 0.1243572 
0000000601 ENSG00000082641 	 0 	 0.1004965 
0000000606 ENSG00000171608 	 0 	 0.1644264 
0000000608 ENSG00000150967 	 0 	 0.1385392 
0000000612 ENSG00000101955 	 0 	 0.09103761 
0000000615 ENSG00000106853 	 0 	 0.1314252 
0000000618 ENSG00000173264 	 0 	 0.03551444 
0000000620 ENSG00000060140 	 0 	 0.1256967 
0000000624 ENSG00000100504 	 0 	 0.000761868 
0000000625 ENSG00000069493 	 0 	 0.1259226 
0000000626 ENSG00000176715 	 0 	 0.08285637 
0000000627 ENSG00000148737 	 0 	 0.1930749 
0000000631 ENSG00000111331 	 0 	 0.08022383 
0000000633 ENSG00000121749 	 0 	 0.03472646 
0000000634 ENSG00000111142 	 0 	 0.2236273 
0000000635 ENSG00000185046 	 0 	 0.1249845 
0000000636 ENSG00000184613 	 0 	 0.110662 
0000000637 ENSG00000186469 	 0 	 0.1221883 
0000000638 ENSG00000087303 	 0 	 0.2061311 
0000000639 ENSG00000089916 	 0 	 0.2041602 
0000000646 ENSG00000146373 	 0 	 0.121296 
0000000648 ENSG00000075131 	 0 	 0.003097182 
0000000649 ENSG00000077238 	 0 	 0.04574073 
0000000657 ENSG00000102893 	 0 	 0.1149687 
0000000658 ENSG00000166454 	 0 	 0.1823125 
0000000659 ENSG00000180209 	 0 	 0.1343358 
0000000660 ENSG00000125107 	 0 	 0.1206803 
0000000663 ENSG00000187535 	 0 	 0.09866937 
0000000665 ENSG00000257017 	 0 	 0.5382947 
0000000669 ENSG00000108448 	 0 	 0.1998925 
0000000672 ENSG00000131652 	 0 	 0.3179034 
0000000676 ENSG00000128739 	 0 	 0.08705281 
0000000677 ENSG00000147889 	 0 	 0.03524907 
0000000683 ENSG00000108342 	 0 	 0.1273806 
0000000688 ENSG00000132141 	 0 	 0.08977837 
0000000689 ENSG00000196365 	 0 	 0.03118256 
0000000694 ENSG00000141338 	 0 	 0.1824025 
0000000699 ENSG00000147100 	 0 	 0.009639182 
0000000700 ENSG00000104884 	 0 	 0.1850982 
0000000701 ENSG00000171401 	 0 	 0.07827312 
0000000706 ENSG00000254004 	 0 	 0.1264042 
0000000707 ENSG00000141905 	 0 	 0.1347717 
0000000709 ENSG00000055483 	 0 	 0.5628185 
0000000713 ENSG00000065268 	 0 	 0.04030575 
0000000717 ENSG00000080511 	 0 	 0.2057814 
0000000718 ENSG00000125740 	 0 	 0.1386097 
0000000723 ENSG00000133265 	 0 	 0.00899665 
0000000724 ENSG00000119574 	 0 	 0.05137246 
0000000725 ENSG00000087076 	 0 	 0.189825 
0000000726 ENSG00000105701 	 0 	 0.0001989853 
0000000727 ENSG00000011243 	 0 	 0.1156376 
0000000728 ENSG00000213973 	 0 	 0.1323933 
0000000731 ENSG00000076928 	 0 	 0.1256867 
0000000733 ENSG00000104870 	 0 	 0.1385425 
0000000735 ENSG00000179913 	 0 	 0.1209533 
0000000738 ENSG00000167749 	 0 	 0.08705622 
0000000740 ENSG00000156345 	 0 	 0.1931681 
