# Prediction results for:	 GO:0003143 
# Model used:	 group_lasso 
# ROC AUC score:	 0.5161476 
# All tissues were included
# Best penalty parameter (CV): 5.571791 
# tissue	 1 	 5 
# tissue	 2 	 5 
# tissue	 3 	 5 
# tissue	 4 	 5 
# tissue	 5 	 5 
# tissue	 6 	 5 
# tissue	 7 	 5 
# tissue	 8 	 5 
# tissue	 9 	 5 
# tissue	 10 	 5 
# tissue	 11 	 5 
# tissue	 12 	 5 
# tissue	 13 	 5 
# tissue	 14 	 5 
# tissue	 15 	 5 
# tissue	 16 	 5 
# tissue	 17 	 5 
# tissue	 18 	 5 
# tissue	 19 	 5 
# tissue	 20 	 5 
# tissue	 21 	 5 
# tissue	 22 	 5 
# tissue	 23 	 5 
# tissue	 24 	 5 
# tissue	 25 	 5 
# tissue	 26 	 5 
# tissue	 27 	 5 
# tissue	 28 	 5 
# tissue	 29 	 5 
# tissue	 30 	 5 
# tissue	 31 	 5 
# tissue	 32 	 5 
# tissue	 33 	 5 
# tissue	 34 	 5 
# tissue	 35 	 5 
# tissue	 36 	 5 
# tissue	 37 	 5 
# tissue	 38 	 5 
# tissue	 39 	 5 
# tissue	 40 	 5 
# tissue	 41 	 5 
# tissue	 42 	 5 
# tissue	 43 	 5 
# tissue	 44 	 5 
# tissue	 45 	 5 
# tissue	 46 	 5 
# tissue	 47 	 5 
# tissue	 48 	 5 
# tissue	 49 	 5 
# tissue	 50 	 5 
# tissue	 51 	 5 
# tissue	 52 	 5 
# tissue	 53 	 5 
# Coefficients:
1 	 0 
1 	 0 
1 	 0 
1 	 0 
1 	 0 
2 	 0 
2 	 0 
2 	 0 
2 	 0 
2 	 0 
3 	 0 
3 	 0 
3 	 0 
3 	 0 
3 	 0 
4 	 0 
4 	 0 
4 	 0 
4 	 0 
4 	 0 
5 	 0 
5 	 0 
5 	 0 
5 	 0 
5 	 0 
6 	 0 
6 	 0 
6 	 0 
6 	 0 
6 	 0 
7 	 0 
7 	 0 
7 	 0 
7 	 0 
7 	 0 
8 	 0 
8 	 0 
8 	 0 
8 	 0 
8 	 0 
9 	 0 
9 	 0 
9 	 0 
9 	 0 
9 	 0 
10 	 0 
10 	 0 
10 	 0 
10 	 0 
10 	 0 
11 	 0 
11 	 0 
11 	 0 
11 	 0 
11 	 0 
12 	 0 
12 	 0 
12 	 0 
12 	 0 
12 	 0 
13 	 0 
13 	 0 
13 	 0 
13 	 0 
13 	 0 
14 	 0 
14 	 0 
14 	 0 
14 	 0 
14 	 0 
15 	 0 
15 	 0 
15 	 0 
15 	 0 
15 	 0 
16 	 0 
16 	 0 
16 	 0 
16 	 0 
16 	 0 
17 	 0 
17 	 0 
17 	 0 
17 	 0 
17 	 0 
18 	 0 
18 	 0 
18 	 0 
18 	 0 
18 	 0 
19 	 0 
19 	 0 
19 	 0 
19 	 0 
19 	 0 
20 	 0 
20 	 0 
20 	 0 
20 	 0 
20 	 0 
21 	 0 
21 	 0 
21 	 0 
21 	 0 
21 	 0 
22 	 0 
22 	 0 
22 	 0 
22 	 0 
22 	 0 
23 	 0 
23 	 0 
23 	 0 
23 	 0 
23 	 0 
24 	 0 
24 	 0 
24 	 0 
24 	 0 
24 	 0 
25 	 0 
25 	 0 
25 	 0 
25 	 0 
25 	 0 
26 	 0 
26 	 0 
26 	 0 
26 	 0 
26 	 0 
27 	 -0.01042726 
27 	 -0.01171359 
27 	 -0.03135861 
27 	 -0.06993652 
27 	 0.1500132 
28 	 0 
28 	 0 
28 	 0 
28 	 0 
28 	 0 
29 	 0 
29 	 0 
29 	 0 
29 	 0 
29 	 0 
30 	 0 
30 	 0 
30 	 0 
30 	 0 
30 	 0 
31 	 0 
31 	 0 
31 	 0 
31 	 0 
31 	 0 
32 	 0 
32 	 0 
32 	 0 
32 	 0 
32 	 0 
33 	 0 
33 	 0 
33 	 0 
33 	 0 
33 	 0 
34 	 0 
34 	 0 
34 	 0 
34 	 0 
34 	 0 
35 	 0 
35 	 0 
35 	 0 
35 	 0 
35 	 0 
36 	 0 
36 	 0 
36 	 0 
36 	 0 
36 	 0 
37 	 -6.044144e-05 
37 	 -0.003822741 
37 	 -0.03936002 
37 	 -0.007797846 
37 	 0.0449117 
38 	 0 
38 	 0 
38 	 0 
38 	 0 
38 	 0 
39 	 0 
39 	 0 
39 	 0 
39 	 0 
39 	 0 
40 	 0 
40 	 0 
40 	 0 
40 	 0 
40 	 0 
41 	 0 
41 	 0 
41 	 0 
41 	 0 
41 	 0 
42 	 0 
42 	 0 
42 	 0 
42 	 0 
42 	 0 
43 	 0 
43 	 0 
43 	 0 
43 	 0 
43 	 0 
44 	 0 
44 	 0 
44 	 0 
44 	 0 
44 	 0 
45 	 0 
45 	 0 
45 	 0 
45 	 0 
45 	 0 
46 	 0 
46 	 0 
46 	 0 
46 	 0 
46 	 0 
47 	 0 
47 	 0 
47 	 0 
47 	 0 
47 	 0 
48 	 0 
48 	 0 
48 	 0 
48 	 0 
48 	 0 
49 	 0 
49 	 0 
49 	 0 
49 	 0 
49 	 0 
50 	 0 
50 	 0 
50 	 0 
50 	 0 
50 	 0 
51 	 0 
51 	 0 
51 	 0 
51 	 0 
51 	 0 
52 	 0 
52 	 0 
52 	 0 
52 	 0 
52 	 0 
53 	 0 
53 	 0 
53 	 0 
53 	 0 
53 	 0 
# Gene ID	Label	Prediction
0000000003 ENSG00000113196 	 1 	 0.26566 
0000000007 ENSG00000128602 	 1 	 0.2788634 
0000000008 ENSG00000105429 	 1 	 0.1938669 
0000000009 ENSG00000133816 	 1 	 0.1999425 
0000000014 ENSG00000112658 	 1 	 0.3284367 
0000000016 ENSG00000140463 	 1 	 0.2121244 
0000000020 ENSG00000163093 	 1 	 0.2322896 
0000000021 ENSG00000163501 	 1 	 0.2349445 
0000000023 ENSG00000164736 	 1 	 0.3424554 
0000000024 ENSG00000139445 	 1 	 0.2272402 
0000000029 ENSG00000113971 	 1 	 0.2285816 
0000000040 ENSG00000145075 	 1 	 0.2263202 
0000000003 ENSG00000100299 	 0 	 0.2639641 
0000000005 ENSG00000067715 	 0 	 0.2281088 
0000000007 ENSG00000140691 	 0 	 0.2183316 
0000000009 ENSG00000159763 	 0 	 0.2390819 
0000000011 ENSG00000131116 	 0 	 0.2480009 
0000000021 ENSG00000108389 	 0 	 0.2621498 
0000000023 ENSG00000186575 	 0 	 0.2270649 
0000000028 ENSG00000188243 	 0 	 0.3138839 
0000000030 ENSG00000135269 	 0 	 0.2150888 
0000000031 ENSG00000196539 	 0 	 0.2272661 
0000000032 ENSG00000197587 	 0 	 0.2243004 
0000000040 ENSG00000188833 	 0 	 0.228444 
0000000042 ENSG00000204271 	 0 	 0.2487041 
0000000043 ENSG00000125870 	 0 	 0.2575941 
0000000046 ENSG00000211803 	 0 	 0.2275998 
0000000049 ENSG00000173599 	 0 	 0.2196915 
0000000051 ENSG00000087495 	 0 	 0.2271409 
0000000056 ENSG00000177054 	 0 	 0.2031877 
0000000062 ENSG00000105220 	 0 	 0.4113451 
0000000064 ENSG00000071082 	 0 	 0.1987688 
0000000067 ENSG00000188086 	 0 	 0.2284959 
0000000068 ENSG00000136531 	 0 	 0.2271409 
0000000070 ENSG00000132321 	 0 	 0.2271409 
0000000072 ENSG00000118495 	 0 	 0.2271463 
0000000077 ENSG00000091073 	 0 	 0.1862391 
0000000078 ENSG00000112033 	 0 	 0.198887 
0000000080 ENSG00000160336 	 0 	 0.2139495 
0000000083 ENSG00000126777 	 0 	 0.2465857 
0000000085 ENSG00000082996 	 0 	 0.2271409 
0000000086 ENSG00000088038 	 0 	 0.2662284 
0000000087 ENSG00000165119 	 0 	 0.2418146 
0000000094 ENSG00000138814 	 0 	 0.2252763 
0000000096 ENSG00000080819 	 0 	 0.2271409 
0000000099 ENSG00000185507 	 0 	 0.2278781 
0000000101 ENSG00000151702 	 0 	 0.230512 
0000000108 ENSG00000131143 	 0 	 0.1677639 
0000000114 ENSG00000173918 	 0 	 0.2187769 
0000000118 ENSG00000189430 	 0 	 0.2260744 
0000000119 ENSG00000141084 	 0 	 0.2271409 
