# Prediction results for:	 GO:0030888 
# Model used:	 group_lasso 
# ROC AUC score:	 0.5693288 
# All tissues were included
# Best penalty parameter (CV): 2.813716 
# tissue	 1 	 5 
# tissue	 2 	 5 
# tissue	 3 	 5 
# tissue	 4 	 5 
# tissue	 5 	 5 
# tissue	 6 	 5 
# tissue	 7 	 5 
# tissue	 8 	 5 
# tissue	 9 	 5 
# tissue	 10 	 5 
# tissue	 11 	 5 
# tissue	 12 	 5 
# tissue	 13 	 5 
# tissue	 14 	 5 
# tissue	 15 	 5 
# tissue	 16 	 5 
# tissue	 17 	 5 
# tissue	 18 	 5 
# tissue	 19 	 5 
# tissue	 20 	 5 
# tissue	 21 	 5 
# tissue	 22 	 5 
# tissue	 23 	 5 
# tissue	 24 	 5 
# tissue	 25 	 5 
# tissue	 26 	 5 
# tissue	 27 	 5 
# tissue	 28 	 5 
# tissue	 29 	 5 
# tissue	 30 	 5 
# tissue	 31 	 5 
# tissue	 32 	 5 
# tissue	 33 	 5 
# tissue	 34 	 5 
# tissue	 35 	 5 
# tissue	 36 	 5 
# tissue	 37 	 5 
# tissue	 38 	 5 
# tissue	 39 	 5 
# tissue	 40 	 5 
# tissue	 41 	 5 
# tissue	 42 	 5 
# tissue	 43 	 5 
# tissue	 44 	 5 
# tissue	 45 	 5 
# tissue	 46 	 5 
# tissue	 47 	 5 
# tissue	 48 	 5 
# tissue	 49 	 5 
# tissue	 50 	 5 
# tissue	 51 	 5 
# tissue	 52 	 5 
# tissue	 53 	 5 
# Coefficients:
1 	 0 
1 	 0 
1 	 0 
1 	 0 
1 	 0 
2 	 -0.002844709 
2 	 0.110113 
2 	 0.06683086 
2 	 -0.06708668 
2 	 -0.1604249 
3 	 0 
3 	 0 
3 	 0 
3 	 0 
3 	 0 
4 	 0 
4 	 0 
4 	 0 
4 	 0 
4 	 0 
5 	 0 
5 	 0 
5 	 0 
5 	 0 
5 	 0 
6 	 0 
6 	 0 
6 	 0 
6 	 0 
6 	 0 
7 	 0 
7 	 0 
7 	 0 
7 	 0 
7 	 0 
8 	 0 
8 	 0 
8 	 0 
8 	 0 
8 	 0 
9 	 0 
9 	 0 
9 	 0 
9 	 0 
9 	 0 
10 	 -0.002796818 
10 	 -0.07758763 
10 	 0.1062152 
10 	 -0.07747204 
10 	 0.08993283 
11 	 0 
11 	 0 
11 	 0 
11 	 0 
11 	 0 
12 	 0 
12 	 0 
12 	 0 
12 	 0 
12 	 0 
13 	 0 
13 	 0 
13 	 0 
13 	 0 
13 	 0 
14 	 0 
14 	 0 
14 	 0 
14 	 0 
14 	 0 
15 	 0 
15 	 0 
15 	 0 
15 	 0 
15 	 0 
16 	 0.00276816 
16 	 -0.05852127 
16 	 0.1751014 
16 	 -0.06361401 
16 	 -0.08477942 
17 	 0.002259094 
17 	 0.06870602 
17 	 0.1105673 
17 	 0.08143605 
17 	 -0.1307017 
18 	 0 
18 	 0 
18 	 0 
18 	 0 
18 	 0 
19 	 0 
19 	 0 
19 	 0 
19 	 0 
19 	 0 
20 	 0 
20 	 0 
20 	 0 
20 	 0 
20 	 0 
21 	 0 
21 	 0 
21 	 0 
21 	 0 
21 	 0 
22 	 0 
22 	 0 
22 	 0 
22 	 0 
22 	 0 
23 	 0 
23 	 0 
23 	 0 
23 	 0 
23 	 0 
24 	 0.001935676 
24 	 -0.1148492 
24 	 0.2743359 
24 	 0.1822032 
24 	 0.03014106 
25 	 0 
25 	 0 
25 	 0 
25 	 0 
25 	 0 
26 	 0 
26 	 0 
26 	 0 
26 	 0 
26 	 0 
27 	 0 
27 	 0 
27 	 0 
27 	 0 
27 	 0 
28 	 0.00354652 
28 	 -0.1160965 
28 	 -0.04175737 
28 	 -0.330334 
28 	 0.1357869 
29 	 0 
29 	 0 
29 	 0 
29 	 0 
29 	 0 
30 	 -9.429307e-05 
30 	 -0.01758038 
30 	 0.003443134 
30 	 -0.01542655 
30 	 0.03363486 
31 	 0 
31 	 0 
31 	 0 
31 	 0 
31 	 0 
32 	 0.0008582634 
32 	 0.04726179 
32 	 -0.001737427 
32 	 0.008519016 
32 	 0.06972856 
33 	 0 
33 	 0 
33 	 0 
33 	 0 
33 	 0 
34 	 0 
34 	 0 
34 	 0 
34 	 0 
34 	 0 
35 	 0 
35 	 0 
35 	 0 
35 	 0 
35 	 0 
36 	 0.0004266793 
36 	 -0.1014657 
36 	 -0.1523493 
36 	 -0.07983424 
36 	 -0.09888686 
37 	 6.61306e-05 
37 	 0.0684508 
37 	 0.07352027 
37 	 -0.1396154 
37 	 -0.0313807 
38 	 0.001147172 
38 	 0.03379197 
38 	 -0.03113108 
38 	 0.09116591 
38 	 0.0931928 
39 	 0 
39 	 0 
39 	 0 
39 	 0 
39 	 0 
40 	 0 
40 	 0 
40 	 0 
40 	 0 
40 	 0 
41 	 -0.003216133 
41 	 0.0339694 
41 	 0.2471046 
41 	 -0.03768811 
41 	 0.09160534 
42 	 0 
42 	 0 
42 	 0 
42 	 0 
42 	 0 
43 	 0 
43 	 0 
43 	 0 
43 	 0 
43 	 0 
44 	 0 
44 	 0 
44 	 0 
44 	 0 
44 	 0 
45 	 0 
45 	 0 
45 	 0 
45 	 0 
45 	 0 
46 	 0 
46 	 0 
46 	 0 
46 	 0 
46 	 0 
47 	 0 
47 	 0 
47 	 0 
47 	 0 
47 	 0 
48 	 0 
48 	 0 
48 	 0 
48 	 0 
48 	 0 
49 	 0 
49 	 0 
49 	 0 
49 	 0 
49 	 0 
50 	 0 
50 	 0 
50 	 0 
50 	 0 
50 	 0 
51 	 0 
51 	 0 
51 	 0 
51 	 0 
51 	 0 
52 	 0 
52 	 0 
52 	 0 
52 	 0 
52 	 0 
53 	 0 
53 	 0 
53 	 0 
53 	 0 
53 	 0 
# Gene ID	Label	Prediction
0000000004 ENSG00000240972 	 1 	 0.07394337 
0000000007 ENSG00000113520 	 1 	 0.1381659 
0000000009 ENSG00000106546 	 1 	 0.5842584 
0000000011 ENSG00000240505 	 1 	 0.7120741 
0000000018 ENSG00000161405 	 1 	 0.1382851 
0000000020 ENSG00000163599 	 1 	 0.1560394 
0000000022 ENSG00000170476 	 1 	 0.4232787 
0000000025 ENSG00000167851 	 1 	 0.129176 
0000000027 ENSG00000171791 	 1 	 0.1427548 
0000000029 ENSG00000163563 	 1 	 0.9206386 
0000000031 ENSG00000134215 	 1 	 0.3356675 
0000000033 ENSG00000185950 	 1 	 0.2075081 
0000000039 ENSG00000254087 	 1 	 0.2124586 
0000000007 ENSG00000101892 	 0 	 0.2073071 
0000000012 ENSG00000134256 	 0 	 0.2155258 
0000000017 ENSG00000143933 	 0 	 0.07415624 
0000000022 ENSG00000189306 	 0 	 0.1178667 
0000000027 ENSG00000237247 	 0 	 0.1369288 
0000000030 ENSG00000197405 	 0 	 0.8360909 
0000000038 ENSG00000130822 	 0 	 0.1363007 
0000000042 ENSG00000121904 	 0 	 0.1444394 
0000000045 ENSG00000150275 	 0 	 0.1341885 
0000000049 ENSG00000115919 	 0 	 0.1385378 
0000000051 ENSG00000232423 	 0 	 0.1375322 
0000000054 ENSG00000205209 	 0 	 0.1348322 
0000000055 ENSG00000134453 	 0 	 0.2203868 
0000000056 ENSG00000198692 	 0 	 0.05877682 
0000000057 ENSG00000104450 	 0 	 0.1383749 
0000000058 ENSG00000211450 	 0 	 0.3593334 
0000000059 ENSG00000156886 	 0 	 0.1990206 
0000000066 ENSG00000149187 	 0 	 0.131444 
0000000067 ENSG00000154678 	 0 	 0.2139027 
0000000070 ENSG00000168397 	 0 	 0.1009848 
0000000074 ENSG00000241837 	 0 	 0.01827382 
0000000077 ENSG00000184154 	 0 	 0.1385367 
0000000078 ENSG00000023228 	 0 	 0.05277516 
0000000079 ENSG00000166292 	 0 	 0.09714578 
0000000083 ENSG00000135953 	 0 	 0.1095186 
0000000091 ENSG00000197905 	 0 	 0.1381963 
0000000094 ENSG00000173567 	 0 	 0.1365659 
0000000096 ENSG00000128944 	 0 	 0.1910175 
0000000103 ENSG00000163659 	 0 	 0.1245494 
0000000105 ENSG00000134330 	 0 	 0.1708077 
0000000107 ENSG00000135423 	 0 	 0.1331189 
0000000109 ENSG00000174776 	 0 	 0.137676 
0000000110 ENSG00000128596 	 0 	 0.07612699 
0000000114 ENSG00000131188 	 0 	 0.1736373 
0000000115 ENSG00000151834 	 0 	 0.1374953 
0000000118 ENSG00000169744 	 0 	 0.1422215 
0000000127 ENSG00000196296 	 0 	 0.1627612 
0000000129 ENSG00000059728 	 0 	 0.1374707 
0000000130 ENSG00000141736 	 0 	 0.04415499 
0000000133 ENSG00000170477 	 0 	 0.07858664 
0000000134 ENSG00000185664 	 0 	 0.1491088 
0000000136 ENSG00000100867 	 0 	 0.1607464 
0000000138 ENSG00000139973 	 0 	 0.1375322 
0000000141 ENSG00000103174 	 0 	 0.136053 
0000000148 ENSG00000134419 	 0 	 0.03488599 
0000000150 ENSG00000105364 	 0 	 0.1396817 
0000000153 ENSG00000105696 	 0 	 0.1408615 
0000000154 ENSG00000062822 	 0 	 0.1449242 
0000000155 ENSG00000101076 	 0 	 0.1375322 
