# Prediction results for:	 GO:0016525 
# Model used:	 group_lasso 
# ROC AUC score:	 0.5674219 
# All tissues were included
# Best penalty parameter (CV): 4.335559 
# tissue	 1 	 5 
# tissue	 2 	 5 
# tissue	 3 	 5 
# tissue	 4 	 5 
# tissue	 5 	 5 
# tissue	 6 	 5 
# tissue	 7 	 5 
# tissue	 8 	 5 
# tissue	 9 	 5 
# tissue	 10 	 5 
# tissue	 11 	 5 
# tissue	 12 	 5 
# tissue	 13 	 5 
# tissue	 14 	 5 
# tissue	 15 	 5 
# tissue	 16 	 5 
# tissue	 17 	 5 
# tissue	 18 	 5 
# tissue	 19 	 5 
# tissue	 20 	 5 
# tissue	 21 	 5 
# tissue	 22 	 5 
# tissue	 23 	 5 
# tissue	 24 	 5 
# tissue	 25 	 5 
# tissue	 26 	 5 
# tissue	 27 	 5 
# tissue	 28 	 5 
# tissue	 29 	 5 
# tissue	 30 	 5 
# tissue	 31 	 5 
# tissue	 32 	 5 
# tissue	 33 	 5 
# tissue	 34 	 5 
# tissue	 35 	 5 
# tissue	 36 	 5 
# tissue	 37 	 5 
# tissue	 38 	 5 
# tissue	 39 	 5 
# tissue	 40 	 5 
# tissue	 41 	 5 
# tissue	 42 	 5 
# tissue	 43 	 5 
# tissue	 44 	 5 
# tissue	 45 	 5 
# tissue	 46 	 5 
# tissue	 47 	 5 
# tissue	 48 	 5 
# tissue	 49 	 5 
# tissue	 50 	 5 
# tissue	 51 	 5 
# tissue	 52 	 5 
# tissue	 53 	 5 
# Coefficients:
1 	 0 
1 	 0 
1 	 0 
1 	 0 
1 	 0 
2 	 -0.008421894 
2 	 -0.00686929 
2 	 -0.1291196 
2 	 0.08764813 
2 	 -0.177837 
3 	 0 
3 	 0 
3 	 0 
3 	 0 
3 	 0 
4 	 0 
4 	 0 
4 	 0 
4 	 0 
4 	 0 
5 	 0 
5 	 0 
5 	 0 
5 	 0 
5 	 0 
6 	 0 
6 	 0 
6 	 0 
6 	 0 
6 	 0 
7 	 0 
7 	 0 
7 	 0 
7 	 0 
7 	 0 
8 	 0 
8 	 0 
8 	 0 
8 	 0 
8 	 0 
9 	 0.0007274189 
9 	 -0.0002235507 
9 	 0.008360234 
9 	 0.02943976 
9 	 0.02766103 
10 	 0 
10 	 0 
10 	 0 
10 	 0 
10 	 0 
11 	 0 
11 	 0 
11 	 0 
11 	 0 
11 	 0 
12 	 0 
12 	 0 
12 	 0 
12 	 0 
12 	 0 
13 	 0 
13 	 0 
13 	 0 
13 	 0 
13 	 0 
14 	 -0.004830895 
14 	 0.09640174 
14 	 0.07659968 
14 	 0.00460225 
14 	 0.07059947 
15 	 0 
15 	 0 
15 	 0 
15 	 0 
15 	 0 
16 	 0 
16 	 0 
16 	 0 
16 	 0 
16 	 0 
17 	 0 
17 	 0 
17 	 0 
17 	 0 
17 	 0 
18 	 -0.01499229 
18 	 -0.0425297 
18 	 0.3810664 
18 	 0.1836863 
18 	 -0.3958248 
19 	 0 
19 	 0 
19 	 0 
19 	 0 
19 	 0 
20 	 0 
20 	 0 
20 	 0 
20 	 0 
20 	 0 
21 	 -0.0009111771 
21 	 0.002091591 
21 	 -0.001223617 
21 	 -0.00974112 
21 	 0.03606131 
22 	 8.404214e-05 
22 	 -0.0009829913 
22 	 -0.00698116 
22 	 0.007756687 
22 	 -0.01053926 
23 	 0 
23 	 0 
23 	 0 
23 	 0 
23 	 0 
24 	 0 
24 	 0 
24 	 0 
24 	 0 
24 	 0 
25 	 0 
25 	 0 
25 	 0 
25 	 0 
25 	 0 
26 	 0 
26 	 0 
26 	 0 
26 	 0 
26 	 0 
27 	 0 
27 	 0 
27 	 0 
27 	 0 
27 	 0 
28 	 -0.001590199 
28 	 -0.2767771 
28 	 0.2213838 
28 	 0.2133331 
28 	 -0.07601889 
29 	 -0.002912605 
29 	 -0.01104494 
29 	 0.07571993 
29 	 0.2864314 
29 	 -0.09068216 
30 	 0 
30 	 0 
30 	 0 
30 	 0 
30 	 0 
31 	 0 
31 	 0 
31 	 0 
31 	 0 
31 	 0 
32 	 0 
32 	 0 
32 	 0 
32 	 0 
32 	 0 
33 	 0 
33 	 0 
33 	 0 
33 	 0 
33 	 0 
34 	 -0.0002248748 
34 	 0.02631834 
34 	 -0.06395895 
34 	 0.02438504 
34 	 0.04115601 
35 	 0 
35 	 0 
35 	 0 
35 	 0 
35 	 0 
36 	 0.002894152 
36 	 0.01320731 
36 	 -0.1585817 
36 	 0.02644358 
36 	 -0.243037 
37 	 0 
37 	 0 
37 	 0 
37 	 0 
37 	 0 
38 	 0 
38 	 0 
38 	 0 
38 	 0 
38 	 0 
39 	 0 
39 	 0 
39 	 0 
39 	 0 
39 	 0 
40 	 0 
40 	 0 
40 	 0 
40 	 0 
40 	 0 
41 	 -0.0002454125 
41 	 0.06163199 
41 	 -0.09654171 
41 	 0.01358741 
41 	 -0.08425444 
42 	 0 
42 	 0 
42 	 0 
42 	 0 
42 	 0 
43 	 0 
43 	 0 
43 	 0 
43 	 0 
43 	 0 
44 	 0 
44 	 0 
44 	 0 
44 	 0 
44 	 0 
45 	 0 
45 	 0 
45 	 0 
45 	 0 
45 	 0 
46 	 0 
46 	 0 
46 	 0 
46 	 0 
46 	 0 
47 	 0 
47 	 0 
47 	 0 
47 	 0 
47 	 0 
48 	 -0.001084852 
48 	 -0.02127396 
48 	 0.02267877 
48 	 -0.03578488 
48 	 0.01882593 
49 	 0 
49 	 0 
49 	 0 
49 	 0 
49 	 0 
50 	 0 
50 	 0 
50 	 0 
50 	 0 
50 	 0 
51 	 0.006003997 
51 	 -0.04045048 
51 	 0.05919843 
51 	 -0.130648 
51 	 0.1002696 
52 	 0.0008393265 
52 	 -0.006405671 
52 	 -0.02644002 
52 	 -0.00607386 
52 	 -0.02620687 
53 	 0 
53 	 0 
53 	 0 
53 	 0 
53 	 0 
# Gene ID	Label	Prediction
0000000003 ENSG00000011465 	 1 	 0.9602985 
0000000006 ENSG00000091583 	 1 	 0.07697862 
0000000008 ENSG00000106366 	 1 	 0.1028986 
0000000010 ENSG00000113140 	 1 	 0.8861462 
0000000014 ENSG00000133121 	 1 	 0.1197315 
0000000015 ENSG00000133710 	 1 	 0.1001782 
0000000018 ENSG00000137573 	 1 	 0.1907388 
0000000023 ENSG00000152270 	 1 	 0.601993 
0000000026 ENSG00000121807 	 1 	 0.1086529 
0000000028 ENSG00000126016 	 1 	 0.1484884 
0000000031 ENSG00000142515 	 1 	 0.1012081 
0000000034 ENSG00000001631 	 1 	 0.2117296 
0000000036 ENSG00000184481 	 1 	 0.6298296 
0000000037 ENSG00000113296 	 1 	 0.8030159 
0000000038 ENSG00000134871 	 1 	 0.9355965 
0000000039 ENSG00000115415 	 1 	 0.470186 
0000000043 ENSG00000186810 	 1 	 0.1036622 
0000000045 ENSG00000120937 	 1 	 0.1256812 
0000000046 ENSG00000136110 	 1 	 0.09140024 
0000000047 ENSG00000102760 	 1 	 0.8660789 
0000000052 ENSG00000169031 	 1 	 0.1655029 
0000000054 ENSG00000067560 	 1 	 0.4585015 
0000000006 ENSG00000123612 	 0 	 0.5761885 
0000000015 ENSG00000157884 	 0 	 0.1042474 
0000000019 ENSG00000165695 	 0 	 0.1224305 
0000000021 ENSG00000169519 	 0 	 0.2037421 
0000000023 ENSG00000144354 	 0 	 0.1106819 
0000000025 ENSG00000109339 	 0 	 0.09633876 
0000000027 ENSG00000177842 	 0 	 0.1589464 
0000000028 ENSG00000179241 	 0 	 0.3472734 
0000000029 ENSG00000136709 	 0 	 0.2479509 
0000000030 ENSG00000055130 	 0 	 0.2728862 
0000000038 ENSG00000140379 	 0 	 0.1384134 
0000000046 ENSG00000166734 	 0 	 0.3835195 
0000000047 ENSG00000189409 	 0 	 0.2121767 
0000000052 ENSG00000163041 	 0 	 0.1144786 
0000000058 ENSG00000143442 	 0 	 0.241572 
0000000059 ENSG00000101199 	 0 	 0.04238994 
0000000060 ENSG00000075891 	 0 	 0.1561331 
0000000061 ENSG00000155256 	 0 	 0.02991604 
0000000063 ENSG00000180964 	 0 	 0.2744894 
0000000066 ENSG00000188394 	 0 	 0.2186174 
0000000069 ENSG00000088386 	 0 	 0.05050229 
0000000071 ENSG00000138613 	 0 	 0.1000473 
0000000073 ENSG00000205857 	 0 	 0.1066598 
0000000076 ENSG00000167384 	 0 	 0.188819 
0000000078 ENSG00000165617 	 0 	 0.554863 
0000000081 ENSG00000163793 	 0 	 0.1144893 
0000000092 ENSG00000104537 	 0 	 0.1307996 
0000000093 ENSG00000177479 	 0 	 0.1152315 
0000000094 ENSG00000146733 	 0 	 0.100917 
0000000099 ENSG00000001461 	 0 	 0.07228619 
0000000104 ENSG00000031823 	 0 	 0.1625008 
0000000106 ENSG00000241370 	 0 	 0.04840234 
0000000117 ENSG00000198522 	 0 	 0.08347321 
0000000120 ENSG00000121542 	 0 	 0.1019364 
0000000122 ENSG00000116459 	 0 	 0.6166218 
0000000127 ENSG00000187021 	 0 	 0.1525307 
0000000129 ENSG00000251246 	 0 	 0.1058484 
0000000130 ENSG00000138050 	 0 	 0.135445 
0000000133 ENSG00000135226 	 0 	 0.1032987 
0000000135 ENSG00000163913 	 0 	 0.107718 
0000000138 ENSG00000141698 	 0 	 0.01594745 
0000000145 ENSG00000177192 	 0 	 0.0894947 
0000000146 ENSG00000135218 	 0 	 0.2939894 
0000000147 ENSG00000060982 	 0 	 0.1051101 
0000000151 ENSG00000130164 	 0 	 0.105501 
0000000153 ENSG00000110880 	 0 	 0.1061694 
0000000159 ENSG00000151812 	 0 	 0.1075794 
0000000162 ENSG00000140612 	 0 	 0.1015993 
0000000164 ENSG00000041357 	 0 	 0.1079255 
0000000168 ENSG00000103546 	 0 	 0.1052791 
0000000169 ENSG00000262576 	 0 	 0.1428755 
0000000172 ENSG00000103415 	 0 	 0.09487062 
0000000173 ENSG00000134758 	 0 	 0.09375932 
0000000180 ENSG00000132475 	 0 	 0.1038711 
0000000183 ENSG00000126581 	 0 	 0.02169227 
0000000185 ENSG00000184640 	 0 	 0.1036484 
0000000193 ENSG00000130520 	 0 	 0.09449687 
0000000194 ENSG00000105393 	 0 	 0.1148272 
