# Prediction results for:	 GO:0050871 
# Model used:	 group_lasso 
# ROC AUC score:	 0.5368056 
# All tissues were included
# Best penalty parameter (CV): 3.884128 
# tissue	 1 	 5 
# tissue	 2 	 5 
# tissue	 3 	 5 
# tissue	 4 	 5 
# tissue	 5 	 5 
# tissue	 6 	 5 
# tissue	 7 	 5 
# tissue	 8 	 5 
# tissue	 9 	 5 
# tissue	 10 	 5 
# tissue	 11 	 5 
# tissue	 12 	 5 
# tissue	 13 	 5 
# tissue	 14 	 5 
# tissue	 15 	 5 
# tissue	 16 	 5 
# tissue	 17 	 5 
# tissue	 18 	 5 
# tissue	 19 	 5 
# tissue	 20 	 5 
# tissue	 21 	 5 
# tissue	 22 	 5 
# tissue	 23 	 5 
# tissue	 24 	 5 
# tissue	 25 	 5 
# tissue	 26 	 5 
# tissue	 27 	 5 
# tissue	 28 	 5 
# tissue	 29 	 5 
# tissue	 30 	 5 
# tissue	 31 	 5 
# tissue	 32 	 5 
# tissue	 33 	 5 
# tissue	 34 	 5 
# tissue	 35 	 5 
# tissue	 36 	 5 
# tissue	 37 	 5 
# tissue	 38 	 5 
# tissue	 39 	 5 
# tissue	 40 	 5 
# tissue	 41 	 5 
# tissue	 42 	 5 
# tissue	 43 	 5 
# tissue	 44 	 5 
# tissue	 45 	 5 
# tissue	 46 	 5 
# tissue	 47 	 5 
# tissue	 48 	 5 
# tissue	 49 	 5 
# tissue	 50 	 5 
# tissue	 51 	 5 
# tissue	 52 	 5 
# tissue	 53 	 5 
# Coefficients:
1 	 0 
1 	 0 
1 	 0 
1 	 0 
1 	 0 
2 	 -0.004143713 
2 	 0.05266589 
2 	 0.104619 
2 	 -0.003818596 
2 	 -0.07461417 
3 	 0 
3 	 0 
3 	 0 
3 	 0 
3 	 0 
4 	 0 
4 	 0 
4 	 0 
4 	 0 
4 	 0 
5 	 0 
5 	 0 
5 	 0 
5 	 0 
5 	 0 
6 	 0 
6 	 0 
6 	 0 
6 	 0 
6 	 0 
7 	 0 
7 	 0 
7 	 0 
7 	 0 
7 	 0 
8 	 0 
8 	 0 
8 	 0 
8 	 0 
8 	 0 
9 	 0 
9 	 0 
9 	 0 
9 	 0 
9 	 0 
10 	 0 
10 	 0 
10 	 0 
10 	 0 
10 	 0 
11 	 0.002087386 
11 	 0.06516596 
11 	 0.1260103 
11 	 -0.06509448 
11 	 -0.09065431 
12 	 -0.0002123143 
12 	 0.007787563 
12 	 -0.004225074 
12 	 -0.01553134 
12 	 0.0166493 
13 	 0 
13 	 0 
13 	 0 
13 	 0 
13 	 0 
14 	 0 
14 	 0 
14 	 0 
14 	 0 
14 	 0 
15 	 0 
15 	 0 
15 	 0 
15 	 0 
15 	 0 
16 	 0 
16 	 0 
16 	 0 
16 	 0 
16 	 0 
17 	 -0.01159146 
17 	 -0.01853904 
17 	 0.07755007 
17 	 0.2503132 
17 	 0.190711 
18 	 0 
18 	 0 
18 	 0 
18 	 0 
18 	 0 
19 	 0 
19 	 0 
19 	 0 
19 	 0 
19 	 0 
20 	 0 
20 	 0 
20 	 0 
20 	 0 
20 	 0 
21 	 0 
21 	 0 
21 	 0 
21 	 0 
21 	 0 
22 	 0 
22 	 0 
22 	 0 
22 	 0 
22 	 0 
23 	 0 
23 	 0 
23 	 0 
23 	 0 
23 	 0 
24 	 0 
24 	 0 
24 	 0 
24 	 0 
24 	 0 
25 	 -0.002128588 
25 	 0.01672945 
25 	 0.0445799 
25 	 0.02883738 
25 	 0.006030002 
26 	 0 
26 	 0 
26 	 0 
26 	 0 
26 	 0 
27 	 0.002372352 
27 	 0.007492887 
27 	 0.1554247 
27 	 0.16858 
27 	 -0.02116706 
28 	 -0.0003295292 
28 	 -0.04543391 
28 	 0.02028597 
28 	 -0.03494834 
28 	 0.08393578 
29 	 0 
29 	 0 
29 	 0 
29 	 0 
29 	 0 
30 	 0 
30 	 0 
30 	 0 
30 	 0 
30 	 0 
31 	 0 
31 	 0 
31 	 0 
31 	 0 
31 	 0 
32 	 0 
32 	 0 
32 	 0 
32 	 0 
32 	 0 
33 	 0 
33 	 0 
33 	 0 
33 	 0 
33 	 0 
34 	 0 
34 	 0 
34 	 0 
34 	 0 
34 	 0 
35 	 0 
35 	 0 
35 	 0 
35 	 0 
35 	 0 
36 	 0 
36 	 0 
36 	 0 
36 	 0 
36 	 0 
37 	 0 
37 	 0 
37 	 0 
37 	 0 
37 	 0 
38 	 0 
38 	 0 
38 	 0 
38 	 0 
38 	 0 
39 	 -0.002140966 
39 	 -0.01400747 
39 	 -0.003733877 
39 	 -0.05446254 
39 	 -0.02509885 
40 	 0 
40 	 0 
40 	 0 
40 	 0 
40 	 0 
41 	 -0.003420935 
41 	 0.04147635 
41 	 0.09612314 
41 	 -0.06886959 
41 	 0.02051983 
42 	 0 
42 	 0 
42 	 0 
42 	 0 
42 	 0 
43 	 0 
43 	 0 
43 	 0 
43 	 0 
43 	 0 
44 	 0 
44 	 0 
44 	 0 
44 	 0 
44 	 0 
45 	 0 
45 	 0 
45 	 0 
45 	 0 
45 	 0 
46 	 0 
46 	 0 
46 	 0 
46 	 0 
46 	 0 
47 	 0 
47 	 0 
47 	 0 
47 	 0 
47 	 0 
48 	 0 
48 	 0 
48 	 0 
48 	 0 
48 	 0 
49 	 -0.004618693 
49 	 -0.02321301 
49 	 0.048202 
49 	 -0.04200064 
49 	 -0.0731135 
50 	 0 
50 	 0 
50 	 0 
50 	 0 
50 	 0 
51 	 -0.002020331 
51 	 0.03800903 
51 	 0.1149876 
51 	 0.2395379 
51 	 -0.08020555 
52 	 0 
52 	 0 
52 	 0 
52 	 0 
52 	 0 
53 	 0 
53 	 0 
53 	 0 
53 	 0 
53 	 0 
# Gene ID	Label	Prediction
0000000004 ENSG00000240972 	 1 	 0.2311236 
0000000007 ENSG00000004468 	 1 	 0.3801239 
0000000010 ENSG00000113525 	 1 	 0.1405962 
0000000011 ENSG00000128322 	 1 	 0.1266407 
0000000017 ENSG00000138684 	 1 	 0.1389456 
0000000020 ENSG00000139193 	 1 	 0.4631286 
0000000021 ENSG00000117586 	 1 	 0.1768093 
0000000027 ENSG00000175505 	 1 	 0.9159372 
0000000029 ENSG00000171791 	 1 	 0.1366553 
0000000036 ENSG00000185950 	 1 	 0.6880671 
0000000040 ENSG00000150455 	 1 	 0.1441955 
0000000006 ENSG00000130699 	 0 	 0.2778958 
0000000008 ENSG00000134153 	 0 	 0.2969073 
0000000009 ENSG00000136383 	 0 	 0.2011573 
0000000012 ENSG00000113595 	 0 	 0.1376682 
0000000016 ENSG00000168404 	 0 	 0.5932039 
0000000019 ENSG00000149582 	 0 	 0.1264774 
0000000023 ENSG00000144736 	 0 	 0.3923173 
0000000029 ENSG00000143498 	 0 	 0.1977999 
0000000038 ENSG00000160789 	 0 	 0.3815869 
0000000039 ENSG00000047936 	 0 	 0.1358908 
0000000043 ENSG00000087460 	 0 	 0.1353806 
0000000047 ENSG00000168528 	 0 	 0.2425823 
0000000048 ENSG00000099250 	 0 	 0.1108021 
0000000049 ENSG00000136754 	 0 	 0.1424453 
0000000050 ENSG00000069812 	 0 	 0.1691282 
0000000052 ENSG00000196565 	 0 	 0.1351841 
0000000053 ENSG00000015153 	 0 	 0.2636344 
0000000056 ENSG00000211941 	 0 	 0.1957139 
0000000058 ENSG00000214063 	 0 	 0.1795844 
0000000060 ENSG00000171557 	 0 	 0.1115221 
0000000064 ENSG00000140264 	 0 	 0.3237573 
0000000068 ENSG00000104529 	 0 	 0.1143919 
0000000069 ENSG00000126001 	 0 	 0.325541 
0000000074 ENSG00000170558 	 0 	 0.1361199 
0000000081 ENSG00000115825 	 0 	 0.1360926 
0000000087 ENSG00000078081 	 0 	 0.1363334 
0000000088 ENSG00000176371 	 0 	 0.1351287 
0000000092 ENSG00000005882 	 0 	 0.1359018 
0000000095 ENSG00000013561 	 0 	 0.1413859 
0000000099 ENSG00000181751 	 0 	 0.2615313 
0000000100 ENSG00000146090 	 0 	 0.1010052 
0000000101 ENSG00000112715 	 0 	 0.1360989 
0000000103 ENSG00000112038 	 0 	 0.1359683 
0000000104 ENSG00000164270 	 0 	 0.1359683 
0000000106 ENSG00000250305 	 0 	 0.1532163 
0000000107 ENSG00000198216 	 0 	 0.1357828 
0000000108 ENSG00000137747 	 0 	 0.1359752 
0000000109 ENSG00000165923 	 0 	 0.1405809 
0000000112 ENSG00000254788 	 0 	 0.1436345 
0000000119 ENSG00000055208 	 0 	 0.2408893 
0000000120 ENSG00000136044 	 0 	 0.1363403 
0000000121 ENSG00000048540 	 0 	 0.1377668 
0000000124 ENSG00000256514 	 0 	 0.2316253 
0000000131 ENSG00000204852 	 0 	 0.5138519 
0000000140 ENSG00000183747 	 0 	 0.1049885 
0000000142 ENSG00000197563 	 0 	 0.1359683 
0000000143 ENSG00000153896 	 0 	 0.1552831 
0000000144 ENSG00000173812 	 0 	 0.2885434 
0000000145 ENSG00000183423 	 0 	 0.1503884 
