# Prediction results for:	 GO:0030168 
# Model used:	 group_lasso 
# ROC AUC score:	 0.5349844 
# All tissues were included
# Best penalty parameter (CV): 2.070258 
# tissue	 1 	 5 
# tissue	 2 	 5 
# tissue	 3 	 5 
# tissue	 4 	 5 
# tissue	 5 	 5 
# tissue	 6 	 5 
# tissue	 7 	 5 
# tissue	 8 	 5 
# tissue	 9 	 5 
# tissue	 10 	 5 
# tissue	 11 	 5 
# tissue	 12 	 5 
# tissue	 13 	 5 
# tissue	 14 	 5 
# tissue	 15 	 5 
# tissue	 16 	 5 
# tissue	 17 	 5 
# tissue	 18 	 5 
# tissue	 19 	 5 
# tissue	 20 	 5 
# tissue	 21 	 5 
# tissue	 22 	 5 
# tissue	 23 	 5 
# tissue	 24 	 5 
# tissue	 25 	 5 
# tissue	 26 	 5 
# tissue	 27 	 5 
# tissue	 28 	 5 
# tissue	 29 	 5 
# tissue	 30 	 5 
# tissue	 31 	 5 
# tissue	 32 	 5 
# tissue	 33 	 5 
# tissue	 34 	 5 
# tissue	 35 	 5 
# tissue	 36 	 5 
# tissue	 37 	 5 
# tissue	 38 	 5 
# tissue	 39 	 5 
# tissue	 40 	 5 
# tissue	 41 	 5 
# tissue	 42 	 5 
# tissue	 43 	 5 
# tissue	 44 	 5 
# tissue	 45 	 5 
# tissue	 46 	 5 
# tissue	 47 	 5 
# tissue	 48 	 5 
# tissue	 49 	 5 
# tissue	 50 	 5 
# tissue	 51 	 5 
# tissue	 52 	 5 
# tissue	 53 	 5 
# Coefficients:
1 	 3.500121e-05 
1 	 -0.0005477454 
1 	 -0.008268727 
1 	 -0.0007736316 
1 	 0.01871675 
2 	 0 
2 	 0 
2 	 0 
2 	 0 
2 	 0 
3 	 0 
3 	 0 
3 	 0 
3 	 0 
3 	 0 
4 	 4.219892e-05 
4 	 0.1155605 
4 	 0.03357607 
4 	 -0.03687158 
4 	 -0.449074 
5 	 0 
5 	 0 
5 	 0 
5 	 0 
5 	 0 
6 	 0 
6 	 0 
6 	 0 
6 	 0 
6 	 0 
7 	 0 
7 	 0 
7 	 0 
7 	 0 
7 	 0 
8 	 0 
8 	 0 
8 	 0 
8 	 0 
8 	 0 
9 	 0 
9 	 0 
9 	 0 
9 	 0 
9 	 0 
10 	 -0.01861534 
10 	 -0.1516764 
10 	 0.1275076 
10 	 -0.1915018 
10 	 0.45562 
11 	 -0.005895298 
11 	 0.2541202 
11 	 0.1000904 
11 	 -0.1005037 
11 	 0.4447527 
12 	 0 
12 	 0 
12 	 0 
12 	 0 
12 	 0 
13 	 0 
13 	 0 
13 	 0 
13 	 0 
13 	 0 
14 	 0 
14 	 0 
14 	 0 
14 	 0 
14 	 0 
15 	 -0.002795113 
15 	 -0.1707989 
15 	 0.03414039 
15 	 0.02812932 
15 	 0.01709992 
16 	 0.004625179 
16 	 0.02391471 
16 	 0.108679 
16 	 -0.01338733 
16 	 -0.0314577 
17 	 0 
17 	 0 
17 	 0 
17 	 0 
17 	 0 
18 	 0.009143152 
18 	 -0.09546567 
18 	 0.3718068 
18 	 -0.6058027 
18 	 -0.09568173 
19 	 -0.0004218409 
19 	 -0.003341318 
19 	 -0.008227885 
19 	 0.007342869 
19 	 0.02522441 
20 	 0 
20 	 0 
20 	 0 
20 	 0 
20 	 0 
21 	 0 
21 	 0 
21 	 0 
21 	 0 
21 	 0 
22 	 0.0007989577 
22 	 -0.01947434 
22 	 -0.03598282 
22 	 -8.365876e-05 
22 	 0.003908366 
23 	 -0.009624639 
23 	 -0.002158658 
23 	 -0.106559 
23 	 0.4147487 
23 	 0.4908854 
24 	 0 
24 	 0 
24 	 0 
24 	 0 
24 	 0 
25 	 0.0001123743 
25 	 0.3531217 
25 	 -0.509589 
25 	 0.04576577 
25 	 -0.1652946 
26 	 0.000881032 
26 	 -0.002457971 
26 	 -0.01586016 
26 	 0.001576007 
26 	 -0.02306869 
27 	 0.004101064 
27 	 -0.01878061 
27 	 0.0428492 
27 	 0.04068677 
27 	 0.08241436 
28 	 0 
28 	 0 
28 	 0 
28 	 0 
28 	 0 
29 	 0.01014241 
29 	 -0.02533639 
29 	 -0.1434807 
29 	 0.4206875 
29 	 0.1588118 
30 	 -0.002207319 
30 	 -0.01797977 
30 	 0.01932089 
30 	 0.03028015 
30 	 0.03220212 
31 	 -0.0004383722 
31 	 -0.02211843 
31 	 -0.01180072 
31 	 0.004910907 
31 	 0.01522909 
32 	 0 
32 	 0 
32 	 0 
32 	 0 
32 	 0 
33 	 0 
33 	 0 
33 	 0 
33 	 0 
33 	 0 
34 	 0.01035355 
34 	 0.02160133 
34 	 -0.04983515 
34 	 -0.04511411 
34 	 0.5251765 
35 	 0.005325231 
35 	 0.1118531 
35 	 -0.2757069 
35 	 -0.2553715 
35 	 0.1000775 
36 	 0.001157963 
36 	 -0.08151237 
36 	 -0.05980245 
36 	 0.01113157 
36 	 0.06365986 
37 	 0 
37 	 0 
37 	 0 
37 	 0 
37 	 0 
38 	 -0.0001649837 
38 	 0.07540541 
38 	 -0.08641551 
38 	 0.08307183 
38 	 -0.005718494 
39 	 0 
39 	 0 
39 	 0 
39 	 0 
39 	 0 
40 	 -0.001393117 
40 	 -0.08388401 
40 	 0.01822063 
40 	 0.1828932 
40 	 -0.05270006 
41 	 -0.005808413 
41 	 0.03035245 
41 	 0.08131744 
41 	 -0.0191277 
41 	 0.07189601 
42 	 -0.009694419 
42 	 -0.01815412 
42 	 -0.370665 
42 	 -0.04003891 
42 	 -0.2133402 
43 	 -0.0037683 
43 	 0.04293936 
43 	 -0.02075637 
43 	 -0.1299888 
43 	 -0.3452886 
44 	 0.0128369 
44 	 -0.1322057 
44 	 0.08270307 
44 	 0.2479576 
44 	 0.3440749 
45 	 0 
45 	 0 
45 	 0 
45 	 0 
45 	 0 
46 	 0.0001914848 
46 	 0.008303709 
46 	 -0.009366026 
46 	 0.08502743 
46 	 -0.02191946 
47 	 -0.001790117 
47 	 -0.03280679 
47 	 -0.06357155 
47 	 0.0975967 
47 	 0.3530356 
48 	 0 
48 	 0 
48 	 0 
48 	 0 
48 	 0 
49 	 -0.01151304 
49 	 0.01890177 
49 	 0.05671776 
49 	 0.009835647 
49 	 -0.3074213 
50 	 -0.005719543 
50 	 0.006973876 
50 	 -0.2766414 
50 	 -0.03174119 
50 	 0.1010491 
51 	 0 
51 	 0 
51 	 0 
51 	 0 
51 	 0 
52 	 -0.005905419 
52 	 0.07824262 
52 	 -0.2530359 
52 	 -0.02208481 
52 	 0.08911272 
53 	 0 
53 	 0 
53 	 0 
53 	 0 
53 	 0 
# Gene ID	Label	Prediction
0000000003 ENSG00000010278 	 1 	 0.9524191 
0000000004 ENSG00000043462 	 1 	 0.8768307 
0000000005 ENSG00000088256 	 1 	 0.02693013 
0000000006 ENSG00000100030 	 1 	 0.4589657 
0000000009 ENSG00000113905 	 1 	 0.0604661 
0000000010 ENSG00000123104 	 1 	 0.06994386 
0000000013 ENSG00000132155 	 1 	 0.1935876 
0000000017 ENSG00000060558 	 1 	 0.9630041 
0000000018 ENSG00000102882 	 1 	 0.1157494 
0000000021 ENSG00000092445 	 1 	 0.01043884 
0000000030 ENSG00000146535 	 1 	 0.08261404 
0000000038 ENSG00000163737 	 1 	 0.2100442 
0000000041 ENSG00000165682 	 1 	 0.06399832 
0000000042 ENSG00000150995 	 1 	 0.06179202 
0000000045 ENSG00000168542 	 1 	 0.8189805 
0000000046 ENSG00000171132 	 1 	 0.5910621 
0000000047 ENSG00000169704 	 1 	 0.1100284 
0000000048 ENSG00000180210 	 1 	 0.01534864 
0000000053 ENSG00000181467 	 1 	 0.834913 
0000000054 ENSG00000183087 	 1 	 0.3245802 
0000000064 ENSG00000196924 	 1 	 0.9981209 
0000000066 ENSG00000142208 	 1 	 0.0116584 
0000000071 ENSG00000173432 	 1 	 0.0006326935 
0000000076 ENSG00000213658 	 1 	 0.09916627 
0000000077 ENSG00000203618 	 1 	 0.09219531 
0000000079 ENSG00000102245 	 1 	 0.1329903 
0000000083 ENSG00000096433 	 1 	 0.05533916 
0000000090 ENSG00000120063 	 1 	 0.9162945 
0000000003 ENSG00000042317 	 0 	 0.07982121 
0000000010 ENSG00000119632 	 0 	 0.1864453 
0000000011 ENSG00000124749 	 0 	 0.0897918 
0000000013 ENSG00000132423 	 0 	 0.01775358 
0000000016 ENSG00000108854 	 0 	 0.09098634 
0000000018 ENSG00000120616 	 0 	 0.1016002 
0000000020 ENSG00000109927 	 0 	 0.0711987 
0000000022 ENSG00000138639 	 0 	 0.2428339 
0000000024 ENSG00000111605 	 0 	 0.01777173 
0000000028 ENSG00000127838 	 0 	 0.3108038 
0000000030 ENSG00000145721 	 0 	 0.1171226 
0000000031 ENSG00000147160 	 0 	 0.07939255 
0000000034 ENSG00000157168 	 0 	 0.09143642 
0000000035 ENSG00000106617 	 0 	 0.1007901 
0000000036 ENSG00000157884 	 0 	 0.0199122 
0000000041 ENSG00000164967 	 0 	 0.0144643 
0000000044 ENSG00000169385 	 0 	 0.2930146 
0000000046 ENSG00000171596 	 0 	 0.1716647 
0000000047 ENSG00000169248 	 0 	 0.05621711 
0000000049 ENSG00000166484 	 0 	 0.1925779 
0000000052 ENSG00000177706 	 0 	 0.1690033 
0000000053 ENSG00000156413 	 0 	 0.06358121 
0000000054 ENSG00000176809 	 0 	 0.06080117 
0000000055 ENSG00000108039 	 0 	 0.2415412 
0000000058 ENSG00000215012 	 0 	 0.04139258 
0000000059 ENSG00000182224 	 0 	 0.08567402 
0000000064 ENSG00000162772 	 0 	 0.07151449 
0000000072 ENSG00000168447 	 0 	 0.01841131 
0000000073 ENSG00000163754 	 0 	 0.1975295 
0000000091 ENSG00000197576 	 0 	 0.05204884 
0000000092 ENSG00000055609 	 0 	 0.4236881 
0000000094 ENSG00000002726 	 0 	 0.04073177 
0000000097 ENSG00000198909 	 0 	 0.1206933 
0000000099 ENSG00000132530 	 0 	 0.9815309 
0000000103 ENSG00000163565 	 0 	 0.6504132 
0000000104 ENSG00000176444 	 0 	 0.03328069 
0000000105 ENSG00000203780 	 0 	 0.06984618 
0000000107 ENSG00000135355 	 0 	 0.05925132 
0000000111 ENSG00000022267 	 0 	 0.9878591 
0000000115 ENSG00000159596 	 0 	 0.03018372 
0000000123 ENSG00000167118 	 0 	 0.3406632 
0000000124 ENSG00000106852 	 0 	 0.84178 
0000000126 ENSG00000186912 	 0 	 0.05770114 
0000000132 ENSG00000137177 	 0 	 0.09750293 
0000000133 ENSG00000072682 	 0 	 0.07016014 
0000000135 ENSG00000099810 	 0 	 0.1884373 
0000000136 ENSG00000145945 	 0 	 0.01221549 
0000000145 ENSG00000182986 	 0 	 0.2237491 
0000000146 ENSG00000163521 	 0 	 0.04392553 
0000000148 ENSG00000151689 	 0 	 0.02973354 
0000000151 ENSG00000267673 	 0 	 0.02156923 
0000000159 ENSG00000084676 	 0 	 0.576709 
0000000165 ENSG00000100350 	 0 	 0.07204646 
0000000167 ENSG00000214128 	 0 	 0.06977668 
0000000170 ENSG00000234857 	 0 	 0.05878564 
0000000172 ENSG00000170264 	 0 	 0.04004304 
0000000173 ENSG00000172348 	 0 	 0.07298166 
0000000178 ENSG00000138079 	 0 	 0.03664342 
0000000180 ENSG00000159374 	 0 	 0.05529094 
0000000183 ENSG00000167380 	 0 	 0.03834264 
0000000184 ENSG00000156411 	 0 	 0.02532484 
0000000191 ENSG00000070950 	 0 	 0.07302709 
0000000192 ENSG00000163808 	 0 	 0.02799083 
0000000194 ENSG00000156990 	 0 	 0.005036242 
0000000196 ENSG00000113838 	 0 	 0.02408454 
0000000198 ENSG00000149948 	 0 	 0.06656088 
0000000200 ENSG00000109686 	 0 	 0.04297217 
0000000201 ENSG00000005801 	 0 	 0.07422218 
0000000206 ENSG00000179364 	 0 	 0.01012925 
0000000207 ENSG00000117682 	 0 	 0.1568781 
0000000208 ENSG00000197444 	 0 	 0.1855257 
0000000209 ENSG00000160211 	 0 	 0.5416501 
0000000216 ENSG00000269404 	 0 	 0.08287886 
0000000219 ENSG00000114742 	 0 	 0.06673375 
0000000226 ENSG00000153208 	 0 	 0.1654065 
0000000229 ENSG00000100218 	 0 	 0.08921432 
0000000231 ENSG00000172053 	 0 	 0.05174124 
0000000239 ENSG00000203697 	 0 	 0.0618172 
0000000242 ENSG00000221955 	 0 	 0.06099758 
0000000245 ENSG00000106462 	 0 	 0.04613925 
0000000249 ENSG00000073417 	 0 	 0.08610674 
0000000251 ENSG00000106689 	 0 	 0.321292 
0000000252 ENSG00000136068 	 0 	 0.1052108 
0000000258 ENSG00000187689 	 0 	 0.08188649 
0000000259 ENSG00000125388 	 0 	 0.05220579 
0000000261 ENSG00000181381 	 0 	 0.07338668 
0000000267 ENSG00000124406 	 0 	 0.07814946 
0000000268 ENSG00000157514 	 0 	 0.07346167 
0000000269 ENSG00000166839 	 0 	 0.05119421 
0000000270 ENSG00000109572 	 0 	 0.02459744 
0000000272 ENSG00000173273 	 0 	 0.05532903 
0000000275 ENSG00000197265 	 0 	 0.08526457 
0000000285 ENSG00000113645 	 0 	 0.1556153 
0000000286 ENSG00000155508 	 0 	 0.07311619 
0000000289 ENSG00000149582 	 0 	 0.090857 
0000000293 ENSG00000014216 	 0 	 0.07000452 
0000000295 ENSG00000149090 	 0 	 0.05975443 
0000000300 ENSG00000168056 	 0 	 0.2396882 
0000000302 ENSG00000086205 	 0 	 0.0701935 
0000000303 ENSG00000078124 	 0 	 0.0471934 
0000000306 ENSG00000164241 	 0 	 0.036817 
0000000307 ENSG00000110200 	 0 	 0.009194019 
0000000308 ENSG00000060237 	 0 	 0.1117881 
0000000312 ENSG00000185737 	 0 	 0.06502157 
0000000316 ENSG00000134333 	 0 	 0.06709397 
0000000321 ENSG00000033030 	 0 	 0.1003316 
0000000322 ENSG00000135443 	 0 	 0.06293731 
0000000324 ENSG00000092841 	 0 	 0.8075197 
0000000334 ENSG00000100575 	 0 	 0.05071581 
0000000335 ENSG00000125952 	 0 	 0.4880972 
0000000336 ENSG00000100591 	 0 	 0.1026366 
0000000339 ENSG00000182199 	 0 	 0.03508273 
0000000342 ENSG00000041357 	 0 	 0.03294989 
0000000346 ENSG00000205423 	 0 	 0.03724581 
0000000349 ENSG00000213614 	 0 	 0.2959075 
0000000353 ENSG00000158805 	 0 	 0.1208782 
0000000357 ENSG00000108509 	 0 	 0.06735749 
0000000361 ENSG00000141552 	 0 	 0.03797869 
0000000363 ENSG00000035862 	 0 	 0.929096 
0000000365 ENSG00000130165 	 0 	 0.09135211 
0000000367 ENSG00000267680 	 0 	 0.07118023 
0000000370 ENSG00000129354 	 0 	 0.05313749 
0000000372 ENSG00000072062 	 0 	 0.08468149 
0000000375 ENSG00000105707 	 0 	 0.02343583 
0000000376 ENSG00000105650 	 0 	 0.03476742 
0000000377 ENSG00000105323 	 0 	 0.1187163 
0000000382 ENSG00000128513 	 0 	 0.06398217 
