# Prediction results for:	 GO:0048738 
# Model used:	 group_lasso 
# ROC AUC score:	 0.4958678 
# All tissues were included
# Best penalty parameter (CV): 2.18365 
# tissue	 1 	 5 
# tissue	 2 	 5 
# tissue	 3 	 5 
# tissue	 4 	 5 
# tissue	 5 	 5 
# tissue	 6 	 5 
# tissue	 7 	 5 
# tissue	 8 	 5 
# tissue	 9 	 5 
# tissue	 10 	 5 
# tissue	 11 	 5 
# tissue	 12 	 5 
# tissue	 13 	 5 
# tissue	 14 	 5 
# tissue	 15 	 5 
# tissue	 16 	 5 
# tissue	 17 	 5 
# tissue	 18 	 5 
# tissue	 19 	 5 
# tissue	 20 	 5 
# tissue	 21 	 5 
# tissue	 22 	 5 
# tissue	 23 	 5 
# tissue	 24 	 5 
# tissue	 25 	 5 
# tissue	 26 	 5 
# tissue	 27 	 5 
# tissue	 28 	 5 
# tissue	 29 	 5 
# tissue	 30 	 5 
# tissue	 31 	 5 
# tissue	 32 	 5 
# tissue	 33 	 5 
# tissue	 34 	 5 
# tissue	 35 	 5 
# tissue	 36 	 5 
# tissue	 37 	 5 
# tissue	 38 	 5 
# tissue	 39 	 5 
# tissue	 40 	 5 
# tissue	 41 	 5 
# tissue	 42 	 5 
# tissue	 43 	 5 
# tissue	 44 	 5 
# tissue	 45 	 5 
# tissue	 46 	 5 
# tissue	 47 	 5 
# tissue	 48 	 5 
# tissue	 49 	 5 
# tissue	 50 	 5 
# tissue	 51 	 5 
# tissue	 52 	 5 
# tissue	 53 	 5 
# Coefficients:
1 	 0 
1 	 0 
1 	 0 
1 	 0 
1 	 0 
2 	 0 
2 	 0 
2 	 0 
2 	 0 
2 	 0 
3 	 0 
3 	 0 
3 	 0 
3 	 0 
3 	 0 
4 	 0 
4 	 0 
4 	 0 
4 	 0 
4 	 0 
5 	 0 
5 	 0 
5 	 0 
5 	 0 
5 	 0 
6 	 0 
6 	 0 
6 	 0 
6 	 0 
6 	 0 
7 	 0 
7 	 0 
7 	 0 
7 	 0 
7 	 0 
8 	 0 
8 	 0 
8 	 0 
8 	 0 
8 	 0 
9 	 0 
9 	 0 
9 	 0 
9 	 0 
9 	 0 
10 	 0 
10 	 0 
10 	 0 
10 	 0 
10 	 0 
11 	 0 
11 	 0 
11 	 0 
11 	 0 
11 	 0 
12 	 0 
12 	 0 
12 	 0 
12 	 0 
12 	 0 
13 	 0 
13 	 0 
13 	 0 
13 	 0 
13 	 0 
14 	 0 
14 	 0 
14 	 0 
14 	 0 
14 	 0 
15 	 0 
15 	 0 
15 	 0 
15 	 0 
15 	 0 
16 	 0 
16 	 0 
16 	 0 
16 	 0 
16 	 0 
17 	 -0.01515117 
17 	 -0.02602842 
17 	 0.0902927 
17 	 0.2877925 
17 	 -0.02594781 
18 	 0 
18 	 0 
18 	 0 
18 	 0 
18 	 0 
19 	 0 
19 	 0 
19 	 0 
19 	 0 
19 	 0 
20 	 0 
20 	 0 
20 	 0 
20 	 0 
20 	 0 
21 	 0 
21 	 0 
21 	 0 
21 	 0 
21 	 0 
22 	 0 
22 	 0 
22 	 0 
22 	 0 
22 	 0 
23 	 0 
23 	 0 
23 	 0 
23 	 0 
23 	 0 
24 	 0 
24 	 0 
24 	 0 
24 	 0 
24 	 0 
25 	 0 
25 	 0 
25 	 0 
25 	 0 
25 	 0 
26 	 -0.01009132 
26 	 0.05054577 
26 	 0.2043745 
26 	 -0.04722082 
26 	 -0.1881432 
27 	 0 
27 	 0 
27 	 0 
27 	 0 
27 	 0 
28 	 0 
28 	 0 
28 	 0 
28 	 0 
28 	 0 
29 	 -0.007843966 
29 	 -0.08476987 
29 	 -0.04880358 
29 	 0.01562831 
29 	 -0.1027958 
30 	 0 
30 	 0 
30 	 0 
30 	 0 
30 	 0 
31 	 0 
31 	 0 
31 	 0 
31 	 0 
31 	 0 
32 	 0 
32 	 0 
32 	 0 
32 	 0 
32 	 0 
33 	 0 
33 	 0 
33 	 0 
33 	 0 
33 	 0 
34 	 0 
34 	 0 
34 	 0 
34 	 0 
34 	 0 
35 	 0 
35 	 0 
35 	 0 
35 	 0 
35 	 0 
36 	 0 
36 	 0 
36 	 0 
36 	 0 
36 	 0 
37 	 0 
37 	 0 
37 	 0 
37 	 0 
37 	 0 
38 	 0 
38 	 0 
38 	 0 
38 	 0 
38 	 0 
39 	 0 
39 	 0 
39 	 0 
39 	 0 
39 	 0 
40 	 0 
40 	 0 
40 	 0 
40 	 0 
40 	 0 
41 	 0 
41 	 0 
41 	 0 
41 	 0 
41 	 0 
42 	 0 
42 	 0 
42 	 0 
42 	 0 
42 	 0 
43 	 0 
43 	 0 
43 	 0 
43 	 0 
43 	 0 
44 	 0 
44 	 0 
44 	 0 
44 	 0 
44 	 0 
45 	 0 
45 	 0 
45 	 0 
45 	 0 
45 	 0 
46 	 -0.0001797968 
46 	 -0.0009275578 
46 	 -0.0002451868 
46 	 6.366145e-05 
46 	 -0.006274452 
47 	 0 
47 	 0 
47 	 0 
47 	 0 
47 	 0 
48 	 0 
48 	 0 
48 	 0 
48 	 0 
48 	 0 
49 	 0 
49 	 0 
49 	 0 
49 	 0 
49 	 0 
50 	 -0.05783228 
50 	 -0.1147322 
50 	 0.1510445 
50 	 -1.080471 
50 	 -0.7236265 
51 	 0 
51 	 0 
51 	 0 
51 	 0 
51 	 0 
52 	 0 
52 	 0 
52 	 0 
52 	 0 
52 	 0 
53 	 0 
53 	 0 
53 	 0 
53 	 0 
53 	 0 
# Gene ID	Label	Prediction
0000000003 ENSG00000102683 	 1 	 0.3387386 
0000000006 ENSG00000129170 	 1 	 0.281687 
0000000010 ENSG00000170624 	 1 	 0.1117054 
0000000013 ENSG00000185053 	 1 	 0.1827912 
0000000003 ENSG00000110075 	 0 	 0.2276239 
0000000011 ENSG00000150672 	 0 	 0.1913357 
0000000012 ENSG00000159399 	 0 	 0.1263644 
0000000014 ENSG00000226479 	 0 	 0.3418195 
0000000015 ENSG00000122882 	 0 	 0.08864398 
0000000016 ENSG00000077147 	 0 	 0.1926094 
0000000020 ENSG00000085999 	 0 	 0.2082405 
