# Prediction results for:	 GO:0051249 
# Model used:	 group_lasso 
# ROC AUC score:	 0.577136 
# All tissues were included
# Best penalty parameter (CV): 7.712737 
# tissue	 1 	 5 
# tissue	 2 	 5 
# tissue	 3 	 5 
# tissue	 4 	 5 
# tissue	 5 	 5 
# tissue	 6 	 5 
# tissue	 7 	 5 
# tissue	 8 	 5 
# tissue	 9 	 5 
# tissue	 10 	 5 
# tissue	 11 	 5 
# tissue	 12 	 5 
# tissue	 13 	 5 
# tissue	 14 	 5 
# tissue	 15 	 5 
# tissue	 16 	 5 
# tissue	 17 	 5 
# tissue	 18 	 5 
# tissue	 19 	 5 
# tissue	 20 	 5 
# tissue	 21 	 5 
# tissue	 22 	 5 
# tissue	 23 	 5 
# tissue	 24 	 5 
# tissue	 25 	 5 
# tissue	 26 	 5 
# tissue	 27 	 5 
# tissue	 28 	 5 
# tissue	 29 	 5 
# tissue	 30 	 5 
# tissue	 31 	 5 
# tissue	 32 	 5 
# tissue	 33 	 5 
# tissue	 34 	 5 
# tissue	 35 	 5 
# tissue	 36 	 5 
# tissue	 37 	 5 
# tissue	 38 	 5 
# tissue	 39 	 5 
# tissue	 40 	 5 
# tissue	 41 	 5 
# tissue	 42 	 5 
# tissue	 43 	 5 
# tissue	 44 	 5 
# tissue	 45 	 5 
# tissue	 46 	 5 
# tissue	 47 	 5 
# tissue	 48 	 5 
# tissue	 49 	 5 
# tissue	 50 	 5 
# tissue	 51 	 5 
# tissue	 52 	 5 
# tissue	 53 	 5 
# Coefficients:
1 	 0 
1 	 0 
1 	 0 
1 	 0 
1 	 0 
2 	 0.0002014117 
2 	 0.006552828 
2 	 0.05102936 
2 	 -0.03170726 
2 	 -0.09268108 
3 	 0 
3 	 0 
3 	 0 
3 	 0 
3 	 0 
4 	 0 
4 	 0 
4 	 0 
4 	 0 
4 	 0 
5 	 0 
5 	 0 
5 	 0 
5 	 0 
5 	 0 
6 	 0 
6 	 0 
6 	 0 
6 	 0 
6 	 0 
7 	 0 
7 	 0 
7 	 0 
7 	 0 
7 	 0 
8 	 0 
8 	 0 
8 	 0 
8 	 0 
8 	 0 
9 	 0 
9 	 0 
9 	 0 
9 	 0 
9 	 0 
10 	 0 
10 	 0 
10 	 0 
10 	 0 
10 	 0 
11 	 0.002825644 
11 	 0.1391195 
11 	 -0.01967223 
11 	 -0.07760189 
11 	 0.0002763759 
12 	 0 
12 	 0 
12 	 0 
12 	 0 
12 	 0 
13 	 0 
13 	 0 
13 	 0 
13 	 0 
13 	 0 
14 	 0 
14 	 0 
14 	 0 
14 	 0 
14 	 0 
15 	 -0.003166961 
15 	 0.0102883 
15 	 -0.09399642 
15 	 0.182305 
15 	 -0.1500478 
16 	 0 
16 	 0 
16 	 0 
16 	 0 
16 	 0 
17 	 0 
17 	 0 
17 	 0 
17 	 0 
17 	 0 
18 	 0 
18 	 0 
18 	 0 
18 	 0 
18 	 0 
19 	 2.387119e-05 
19 	 0.003923047 
19 	 -0.005639102 
19 	 -0.008432098 
19 	 -0.02045808 
20 	 0 
20 	 0 
20 	 0 
20 	 0 
20 	 0 
21 	 0 
21 	 0 
21 	 0 
21 	 0 
21 	 0 
22 	 0 
22 	 0 
22 	 0 
22 	 0 
22 	 0 
23 	 0 
23 	 0 
23 	 0 
23 	 0 
23 	 0 
24 	 0 
24 	 0 
24 	 0 
24 	 0 
24 	 0 
25 	 0 
25 	 0 
25 	 0 
25 	 0 
25 	 0 
26 	 0.002851405 
26 	 0.02176923 
26 	 -0.06798752 
26 	 0.02177403 
26 	 0.00114553 
27 	 0 
27 	 0 
27 	 0 
27 	 0 
27 	 0 
28 	 0.0002423288 
28 	 -0.01352199 
28 	 0.01046729 
28 	 -0.06662474 
28 	 -0.03608744 
29 	 0 
29 	 0 
29 	 0 
29 	 0 
29 	 0 
30 	 0 
30 	 0 
30 	 0 
30 	 0 
30 	 0 
31 	 0 
31 	 0 
31 	 0 
31 	 0 
31 	 0 
32 	 0 
32 	 0 
32 	 0 
32 	 0 
32 	 0 
33 	 0 
33 	 0 
33 	 0 
33 	 0 
33 	 0 
34 	 0.001404157 
34 	 0.009902383 
34 	 0.04935201 
34 	 0.001998711 
34 	 0.07947996 
35 	 0 
35 	 0 
35 	 0 
35 	 0 
35 	 0 
36 	 0.003373207 
36 	 -0.01390033 
36 	 -0.01566825 
36 	 -0.13924 
36 	 -0.06915779 
37 	 0.005758513 
37 	 -0.07281716 
37 	 -0.1322145 
37 	 -0.1183725 
37 	 0.06347098 
38 	 0 
38 	 0 
38 	 0 
38 	 0 
38 	 0 
39 	 0 
39 	 0 
39 	 0 
39 	 0 
39 	 0 
40 	 0 
40 	 0 
40 	 0 
40 	 0 
40 	 0 
41 	 -0.003116441 
41 	 -0.001318161 
41 	 0.1150884 
41 	 -0.05011503 
41 	 0.02170932 
42 	 -0.007808951 
42 	 0.03549766 
42 	 -0.08750676 
42 	 0.03960967 
42 	 -0.2752381 
43 	 -0.0002849799 
43 	 0.006044775 
43 	 0.02345458 
43 	 -0.05856703 
43 	 0.01323951 
44 	 0 
44 	 0 
44 	 0 
44 	 0 
44 	 0 
45 	 0 
45 	 0 
45 	 0 
45 	 0 
45 	 0 
46 	 0 
46 	 0 
46 	 0 
46 	 0 
46 	 0 
47 	 0.0009347812 
47 	 -0.0006165801 
47 	 0.0185836 
47 	 0.02409005 
47 	 0.1010242 
48 	 -5.968861e-05 
48 	 0.0002922191 
48 	 -0.00352363 
48 	 0.005316639 
48 	 0.00279853 
49 	 -0.009082748 
49 	 0.005843491 
49 	 0.09811109 
49 	 -0.0679644 
49 	 0.02719915 
50 	 0.002489557 
50 	 -0.007932401 
50 	 0.2041876 
50 	 0.0785523 
50 	 -0.2028945 
51 	 0 
51 	 0 
51 	 0 
51 	 0 
51 	 0 
52 	 0 
52 	 0 
52 	 0 
52 	 0 
52 	 0 
53 	 0.0002284851 
53 	 0.01467068 
53 	 -0.03006307 
53 	 0.04408992 
53 	 -0.04475286 
# Gene ID	Label	Prediction
0000000003 ENSG00000186654 	 1 	 0.07130511 
0000000006 ENSG00000079385 	 1 	 0.1165841 
0000000007 ENSG00000090659 	 1 	 0.1270528 
0000000010 ENSG00000129465 	 1 	 0.3518052 
0000000012 ENSG00000103653 	 1 	 0.4926198 
0000000014 ENSG00000104332 	 1 	 0.2194807 
0000000017 ENSG00000105329 	 1 	 0.6786168 
0000000019 ENSG00000108861 	 1 	 0.2493741 
0000000020 ENSG00000004468 	 1 	 0.4233381 
0000000022 ENSG00000110944 	 1 	 0.3977922 
0000000026 ENSG00000113520 	 1 	 0.1493715 
0000000028 ENSG00000071051 	 1 	 0.3673742 
0000000031 ENSG00000120659 	 1 	 0.1209955 
0000000033 ENSG00000106546 	 1 	 0.7567628 
0000000035 ENSG00000123999 	 1 	 0.03084367 
0000000038 ENSG00000125657 	 1 	 0.4306005 
0000000042 ENSG00000128322 	 1 	 0.1425082 
0000000043 ENSG00000131759 	 1 	 0.554745 
0000000044 ENSG00000131981 	 1 	 0.3045325 
0000000049 ENSG00000137077 	 1 	 0.8206003 
0000000050 ENSG00000137078 	 1 	 0.5328825 
0000000056 ENSG00000071564 	 1 	 0.2429565 
0000000063 ENSG00000121594 	 1 	 0.396474 
0000000064 ENSG00000114013 	 1 	 0.1670586 
0000000067 ENSG00000115085 	 1 	 0.6990645 
0000000070 ENSG00000139193 	 1 	 0.6758483 
0000000072 ENSG00000142168 	 1 	 0.1521212 
0000000075 ENSG00000150782 	 1 	 0.4200399 
0000000077 ENSG00000152495 	 1 	 0.3708867 
0000000087 ENSG00000163599 	 1 	 0.1450909 
0000000089 ENSG00000146072 	 1 	 0.1784673 
0000000092 ENSG00000167207 	 1 	 0.6602539 
0000000094 ENSG00000167601 	 1 	 0.2952214 
0000000097 ENSG00000168040 	 1 	 0.174351 
0000000099 ENSG00000170476 	 1 	 0.4457226 
0000000102 ENSG00000169230 	 1 	 0.1754189 
0000000103 ENSG00000141968 	 1 	 0.6296604 
0000000104 ENSG00000147889 	 1 	 0.09435013 
0000000106 ENSG00000168811 	 1 	 0.117876 
0000000114 ENSG00000167851 	 1 	 0.1296836 
0000000119 ENSG00000013725 	 1 	 0.6845117 
0000000120 ENSG00000131042 	 1 	 0.140006 
0000000122 ENSG00000176105 	 1 	 0.1930993 
0000000127 ENSG00000163600 	 1 	 0.3605317 
0000000128 ENSG00000135426 	 1 	 0.2513738 
0000000130 ENSG00000103855 	 1 	 0.1250512 
0000000134 ENSG00000176887 	 1 	 0.104899 
0000000135 ENSG00000096996 	 1 	 0.5418937 
0000000137 ENSG00000198026 	 1 	 0.1773656 
0000000140 ENSG00000104972 	 1 	 0.3930629 
0000000144 ENSG00000183087 	 1 	 0.3393924 
0000000152 ENSG00000162711 	 1 	 0.1866887 
0000000155 ENSG00000104853 	 1 	 0.1337645 
0000000157 ENSG00000161955 	 1 	 0.3604189 
0000000160 ENSG00000105974 	 1 	 0.1179736 
0000000162 ENSG00000105122 	 1 	 0.6491708 
0000000164 ENSG00000160223 	 1 	 0.11983 
0000000165 ENSG00000144381 	 1 	 0.3433841 
0000000166 ENSG00000172175 	 1 	 0.1407574 
0000000170 ENSG00000175104 	 1 	 0.3390658 
0000000171 ENSG00000142208 	 1 	 0.08880343 
0000000172 ENSG00000179295 	 1 	 0.2287756 
0000000174 ENSG00000196776 	 1 	 0.1500196 
0000000175 ENSG00000198286 	 1 	 0.22755 
0000000181 ENSG00000126804 	 1 	 0.268459 
0000000185 ENSG00000213658 	 1 	 0.2865097 
0000000191 ENSG00000122188 	 1 	 0.1287608 
0000000194 ENSG00000163563 	 1 	 0.8388416 
0000000203 ENSG00000101882 	 1 	 0.2162983 
0000000208 ENSG00000204287 	 1 	 0.965573 
0000000209 ENSG00000165025 	 1 	 0.316576 
0000000210 ENSG00000185950 	 1 	 0.1370591 
0000000211 ENSG00000102524 	 1 	 0.7281257 
0000000215 ENSG00000067606 	 1 	 0.2766607 
0000000219 ENSG00000171855 	 1 	 0.1316471 
0000000220 ENSG00000137265 	 1 	 0.601966 
0000000233 ENSG00000151651 	 1 	 0.5407911 
0000000237 ENSG00000254087 	 1 	 0.2590967 
0000000009 ENSG00000128000 	 0 	 0.1229584 
0000000015 ENSG00000014641 	 0 	 0.1055684 
0000000018 ENSG00000123360 	 0 	 0.1597088 
0000000019 ENSG00000123609 	 0 	 0.5069623 
0000000021 ENSG00000125952 	 0 	 0.1507286 
0000000026 ENSG00000131482 	 0 	 0.10453 
0000000034 ENSG00000135409 	 0 	 0.1262718 
0000000036 ENSG00000135736 	 0 	 0.407653 
0000000037 ENSG00000135945 	 0 	 0.1299805 
0000000039 ENSG00000137745 	 0 	 0.1613115 
0000000041 ENSG00000080986 	 0 	 0.378733 
0000000042 ENSG00000078142 	 0 	 0.1653645 
0000000060 ENSG00000143971 	 0 	 0.1322567 
0000000061 ENSG00000144649 	 0 	 0.1559027 
0000000064 ENSG00000146007 	 0 	 0.2022041 
0000000066 ENSG00000147799 	 0 	 0.161157 
0000000068 ENSG00000149573 	 0 	 0.480054 
0000000071 ENSG00000143748 	 0 	 0.1276966 
0000000079 ENSG00000173285 	 0 	 0.1276221 
0000000080 ENSG00000067955 	 0 	 0.3858752 
0000000082 ENSG00000141252 	 0 	 0.1423345 
0000000084 ENSG00000161860 	 0 	 0.152261 
0000000091 ENSG00000164885 	 0 	 0.149321 
0000000092 ENSG00000165434 	 0 	 0.2591758 
0000000095 ENSG00000169214 	 0 	 0.1258676 
0000000104 ENSG00000172262 	 0 	 0.1348005 
0000000109 ENSG00000175393 	 0 	 0.1266359 
0000000113 ENSG00000174807 	 0 	 0.242775 
0000000119 ENSG00000178750 	 0 	 0.09635849 
0000000120 ENSG00000133895 	 0 	 0.1612398 
0000000122 ENSG00000129682 	 0 	 0.1691494 
0000000123 ENSG00000003147 	 0 	 0.1270528 
0000000124 ENSG00000107742 	 0 	 0.6885632 
0000000125 ENSG00000139433 	 0 	 0.1444612 
0000000126 ENSG00000181751 	 0 	 0.09090078 
0000000129 ENSG00000168056 	 0 	 0.2903419 
0000000139 ENSG00000184881 	 0 	 0.1267453 
0000000143 ENSG00000185721 	 0 	 0.14823 
0000000146 ENSG00000185674 	 0 	 0.1293511 
0000000148 ENSG00000119314 	 0 	 0.1580376 
0000000150 ENSG00000126214 	 0 	 0.1664952 
0000000155 ENSG00000183117 	 0 	 0.1184001 
0000000162 ENSG00000197050 	 0 	 0.1568085 
0000000167 ENSG00000187689 	 0 	 0.1313983 
0000000168 ENSG00000171435 	 0 	 0.1272057 
0000000169 ENSG00000067066 	 0 	 0.1273355 
0000000170 ENSG00000088325 	 0 	 0.1310227 
0000000173 ENSG00000188306 	 0 	 0.1249686 
0000000175 ENSG00000205238 	 0 	 0.1361204 
0000000177 ENSG00000021461 	 0 	 0.1110976 
0000000179 ENSG00000107562 	 0 	 0.6989196 
0000000182 ENSG00000172331 	 0 	 0.0690703 
0000000186 ENSG00000164597 	 0 	 0.1537954 
0000000192 ENSG00000128191 	 0 	 0.1211066 
0000000193 ENSG00000131969 	 0 	 0.1421765 
0000000197 ENSG00000182919 	 0 	 0.1270528 
0000000199 ENSG00000270472 	 0 	 0.126227 
0000000208 ENSG00000004487 	 0 	 0.1846824 
0000000213 ENSG00000181722 	 0 	 0.124264 
0000000214 ENSG00000189430 	 0 	 0.1544268 
0000000218 ENSG00000128891 	 0 	 0.2151584 
0000000229 ENSG00000198908 	 0 	 0.1246672 
0000000233 ENSG00000158715 	 0 	 0.1496696 
0000000235 ENSG00000170075 	 0 	 0.1433716 
0000000240 ENSG00000160710 	 0 	 0.2588083 
0000000241 ENSG00000130643 	 0 	 0.1664001 
0000000243 ENSG00000143443 	 0 	 0.2541313 
0000000247 ENSG00000164414 	 0 	 0.2428845 
0000000250 ENSG00000258366 	 0 	 0.1928588 
0000000253 ENSG00000162613 	 0 	 0.3316141 
0000000254 ENSG00000254685 	 0 	 0.1542023 
0000000255 ENSG00000116717 	 0 	 0.384439 
0000000260 ENSG00000182508 	 0 	 0.1492287 
0000000263 ENSG00000196517 	 0 	 0.1181604 
0000000265 ENSG00000100979 	 0 	 0.5385193 
0000000269 ENSG00000197694 	 0 	 0.5003633 
0000000272 ENSG00000101407 	 0 	 0.214073 
0000000273 ENSG00000188394 	 0 	 0.1555815 
0000000274 ENSG00000116350 	 0 	 0.2104345 
0000000275 ENSG00000131043 	 0 	 0.1364365 
0000000276 ENSG00000124562 	 0 	 0.07287428 
0000000281 ENSG00000181513 	 0 	 0.1854039 
0000000286 ENSG00000136997 	 0 	 0.6827594 
0000000288 ENSG00000198931 	 0 	 0.3513219 
0000000289 ENSG00000081059 	 0 	 0.2469723 
0000000290 ENSG00000172201 	 0 	 0.357852 
0000000301 ENSG00000084754 	 0 	 0.1007398 
0000000302 ENSG00000164985 	 0 	 0.1090676 
0000000307 ENSG00000174898 	 0 	 0.1271269 
0000000309 ENSG00000109610 	 0 	 0.3585914 
0000000311 ENSG00000010292 	 0 	 0.1271629 
0000000313 ENSG00000142207 	 0 	 0.1752697 
0000000316 ENSG00000204130 	 0 	 0.1271204 
0000000323 ENSG00000185869 	 0 	 0.1284042 
0000000327 ENSG00000181007 	 0 	 0.1817666 
0000000330 ENSG00000050748 	 0 	 0.1486827 
0000000331 ENSG00000137494 	 0 	 0.1132224 
0000000332 ENSG00000144182 	 0 	 0.1796749 
0000000338 ENSG00000213462 	 0 	 0.2183523 
0000000340 ENSG00000166164 	 0 	 0.5919672 
0000000342 ENSG00000141905 	 0 	 0.1950121 
0000000344 ENSG00000126777 	 0 	 0.1030341 
0000000345 ENSG00000128487 	 0 	 0.1434623 
0000000346 ENSG00000177427 	 0 	 0.1136278 
0000000354 ENSG00000163072 	 0 	 0.09934669 
0000000361 ENSG00000187959 	 0 	 0.1290337 
0000000366 ENSG00000101337 	 0 	 0.2893732 
0000000367 ENSG00000175581 	 0 	 0.152023 
0000000369 ENSG00000205456 	 0 	 0.1200116 
0000000371 ENSG00000172046 	 0 	 0.1547712 
0000000373 ENSG00000214943 	 0 	 0.1291104 
0000000376 ENSG00000154723 	 0 	 0.1074726 
0000000378 ENSG00000142789 	 0 	 0.0645369 
0000000382 ENSG00000118960 	 0 	 0.1723033 
0000000383 ENSG00000181588 	 0 	 0.1395538 
0000000387 ENSG00000185420 	 0 	 0.1557843 
0000000389 ENSG00000186998 	 0 	 0.2787853 
0000000390 ENSG00000100055 	 0 	 0.1266254 
0000000392 ENSG00000243244 	 0 	 0.1515686 
0000000399 ENSG00000169507 	 0 	 0.1270528 
0000000400 ENSG00000116030 	 0 	 0.1444406 
0000000402 ENSG00000137478 	 0 	 0.1463426 
0000000406 ENSG00000071082 	 0 	 0.2268725 
0000000407 ENSG00000105223 	 0 	 0.1830696 
0000000411 ENSG00000136541 	 0 	 0.2060359 
0000000413 ENSG00000180530 	 0 	 0.1262792 
0000000417 ENSG00000099622 	 0 	 0.03524715 
0000000418 ENSG00000116701 	 0 	 0.4763335 
0000000421 ENSG00000123485 	 0 	 0.2883741 
0000000424 ENSG00000100321 	 0 	 0.1603475 
0000000429 ENSG00000237289 	 0 	 0.1289347 
0000000432 ENSG00000153234 	 0 	 0.2192374 
0000000434 ENSG00000112561 	 0 	 0.1270528 
0000000440 ENSG00000196526 	 0 	 0.1272085 
0000000443 ENSG00000100228 	 0 	 0.1239787 
0000000454 ENSG00000064012 	 0 	 0.1270528 
0000000455 ENSG00000105136 	 0 	 0.09610342 
0000000457 ENSG00000167614 	 0 	 0.1211899 
0000000459 ENSG00000106346 	 0 	 0.1278321 
0000000462 ENSG00000112511 	 0 	 0.2148554 
0000000468 ENSG00000160746 	 0 	 0.1445757 
0000000469 ENSG00000022355 	 0 	 0.1240788 
0000000470 ENSG00000168397 	 0 	 0.1300788 
0000000471 ENSG00000152463 	 0 	 0.1282864 
0000000473 ENSG00000157554 	 0 	 0.1584449 
0000000475 ENSG00000115993 	 0 	 0.1283506 
0000000477 ENSG00000143140 	 0 	 0.1249823 
0000000479 ENSG00000225069 	 0 	 0.1254421 
0000000483 ENSG00000104413 	 0 	 0.1029335 
0000000488 ENSG00000126746 	 0 	 0.1270528 
0000000493 ENSG00000179820 	 0 	 0.2997769 
0000000494 ENSG00000177463 	 0 	 0.1347345 
0000000495 ENSG00000108602 	 0 	 0.1417492 
0000000501 ENSG00000108001 	 0 	 0.1728805 
0000000511 ENSG00000172995 	 0 	 0.1281811 
0000000512 ENSG00000106823 	 0 	 0.167042 
0000000515 ENSG00000197713 	 0 	 0.1270528 
0000000516 ENSG00000181555 	 0 	 0.1285903 
0000000517 ENSG00000058453 	 0 	 0.1271377 
0000000522 ENSG00000188739 	 0 	 0.2385041 
0000000525 ENSG00000138674 	 0 	 0.1375477 
0000000526 ENSG00000103249 	 0 	 0.1244227 
0000000527 ENSG00000188313 	 0 	 0.1947422 
0000000533 ENSG00000171621 	 0 	 0.1471241 
0000000534 ENSG00000166762 	 0 	 0.129306 
0000000538 ENSG00000109854 	 0 	 0.2793174 
0000000539 ENSG00000181195 	 0 	 0.1209096 
0000000541 ENSG00000213923 	 0 	 0.1166869 
0000000544 ENSG00000214413 	 0 	 0.1248699 
0000000546 ENSG00000112983 	 0 	 0.1060747 
0000000547 ENSG00000180347 	 0 	 0.126952 
0000000548 ENSG00000100462 	 0 	 0.1075765 
0000000551 ENSG00000186635 	 0 	 0.4338138 
0000000559 ENSG00000254806 	 0 	 0.1318835 
0000000570 ENSG00000197168 	 0 	 0.1286078 
0000000572 ENSG00000131018 	 0 	 0.1351783 
0000000574 ENSG00000169855 	 0 	 0.1338077 
0000000580 ENSG00000120093 	 0 	 0.1268881 
0000000583 ENSG00000169764 	 0 	 0.128247 
0000000587 ENSG00000128602 	 0 	 0.1190635 
0000000589 ENSG00000203896 	 0 	 0.1952071 
0000000590 ENSG00000125861 	 0 	 0.126881 
0000000591 ENSG00000073111 	 0 	 0.1178083 
0000000595 ENSG00000133574 	 0 	 0.1270032 
0000000596 ENSG00000112186 	 0 	 0.1272679 
0000000600 ENSG00000106991 	 0 	 0.1846344 
0000000618 ENSG00000125779 	 0 	 0.1397118 
0000000621 ENSG00000116857 	 0 	 0.1293068 
0000000624 ENSG00000182585 	 0 	 0.1254011 
0000000625 ENSG00000150625 	 0 	 0.1270528 
0000000627 ENSG00000138735 	 0 	 0.1275802 
0000000629 ENSG00000173610 	 0 	 0.1598882 
0000000630 ENSG00000113319 	 0 	 0.1273297 
0000000633 ENSG00000176406 	 0 	 0.1213467 
0000000637 ENSG00000049860 	 0 	 0.1186251 
0000000640 ENSG00000109445 	 0 	 0.1286928 
0000000648 ENSG00000159733 	 0 	 0.1593891 
0000000652 ENSG00000112695 	 0 	 0.09482518 
0000000658 ENSG00000124275 	 0 	 0.2170534 
0000000661 ENSG00000127418 	 0 	 0.1278748 
0000000667 ENSG00000155329 	 0 	 0.128581 
0000000669 ENSG00000168824 	 0 	 0.1453005 
0000000670 ENSG00000123415 	 0 	 0.1175167 
0000000671 ENSG00000038427 	 0 	 0.1281296 
0000000674 ENSG00000147475 	 0 	 0.1430734 
0000000679 ENSG00000197467 	 0 	 0.1470839 
0000000682 ENSG00000164924 	 0 	 0.1270528 
0000000684 ENSG00000156802 	 0 	 0.1316483 
0000000688 ENSG00000012232 	 0 	 0.1263507 
0000000691 ENSG00000120885 	 0 	 0.2548605 
0000000692 ENSG00000120885 	 0 	 0.5934814 
0000000693 ENSG00000154582 	 0 	 0.1934202 
0000000694 ENSG00000156467 	 0 	 0.1444886 
0000000696 ENSG00000109846 	 0 	 0.1153132 
0000000697 ENSG00000110075 	 0 	 0.1305636 
0000000698 ENSG00000120925 	 0 	 0.1268052 
0000000706 ENSG00000164871 	 0 	 0.1270528 
0000000708 ENSG00000132744 	 0 	 0.1014248 
0000000709 ENSG00000170322 	 0 	 0.1327354 
0000000711 ENSG00000108312 	 0 	 0.1027036 
0000000714 ENSG00000152266 	 0 	 0.1235194 
0000000716 ENSG00000166927 	 0 	 0.2100301 
0000000717 ENSG00000259112 	 0 	 0.1317568 
0000000718 ENSG00000254466 	 0 	 0.1280204 
0000000721 ENSG00000150773 	 0 	 0.1077452 
0000000723 ENSG00000120925 	 0 	 0.1280383 
0000000726 ENSG00000133884 	 0 	 0.1703054 
0000000728 ENSG00000171492 	 0 	 0.1270528 
0000000730 ENSG00000110660 	 0 	 0.1270977 
0000000731 ENSG00000179950 	 0 	 0.1353597 
0000000732 ENSG00000100697 	 0 	 0.2120587 
0000000737 ENSG00000204532 	 0 	 0.1284631 
0000000739 ENSG00000149809 	 0 	 0.1240554 
0000000741 ENSG00000172757 	 0 	 0.2521858 
0000000744 ENSG00000255905 	 0 	 0.08592927 
0000000745 ENSG00000083544 	 0 	 0.1297329 
0000000748 ENSG00000170525 	 0 	 0.4116577 
0000000753 ENSG00000117602 	 0 	 0.1284566 
0000000755 ENSG00000139151 	 0 	 0.1270528 
0000000758 ENSG00000139182 	 0 	 0.1270528 
0000000760 ENSG00000197653 	 0 	 0.1398399 
0000000762 ENSG00000095303 	 0 	 0.1872194 
0000000763 ENSG00000139433 	 0 	 0.1273154 
0000000764 ENSG00000064490 	 0 	 0.1095242 
0000000765 ENSG00000168010 	 0 	 0.1985512 
0000000766 ENSG00000137411 	 0 	 0.07423138 
0000000770 ENSG00000110906 	 0 	 0.1259355 
0000000776 ENSG00000120438 	 0 	 0.1778498 
0000000778 ENSG00000139437 	 0 	 0.129417 
0000000780 ENSG00000011451 	 0 	 0.2010001 
0000000782 ENSG00000137094 	 0 	 0.1325392 
0000000783 ENSG00000256269 	 0 	 0.1263717 
0000000787 ENSG00000111142 	 0 	 0.2999643 
0000000788 ENSG00000075856 	 0 	 0.1436968 
0000000790 ENSG00000139269 	 0 	 0.1287535 
0000000791 ENSG00000170653 	 0 	 0.06724752 
0000000793 ENSG00000139546 	 0 	 0.1552204 
0000000800 ENSG00000075089 	 0 	 0.1851892 
0000000807 ENSG00000054654 	 0 	 0.118551 
0000000809 ENSG00000165521 	 0 	 0.1020075 
0000000810 ENSG00000179454 	 0 	 0.1377116 
0000000811 ENSG00000137070 	 0 	 0.1270528 
0000000812 ENSG00000258986 	 0 	 0.08313156 
0000000816 ENSG00000140025 	 0 	 0.1284399 
0000000819 ENSG00000259634 	 0 	 0.1465164 
0000000828 ENSG00000156873 	 0 	 0.1586115 
0000000834 ENSG00000153048 	 0 	 0.131676 
0000000835 ENSG00000140945 	 0 	 0.2380639 
0000000837 ENSG00000166145 	 0 	 0.1388432 
0000000838 ENSG00000205250 	 0 	 0.127495 
0000000841 ENSG00000213918 	 0 	 0.1211794 
0000000843 ENSG00000174231 	 0 	 0.1773747 
0000000845 ENSG00000141480 	 0 	 0.1398101 
0000000846 ENSG00000006194 	 0 	 0.1996681 
0000000847 ENSG00000213918 	 0 	 0.1769962 
0000000850 ENSG00000161960 	 0 	 0.07857268 
0000000854 ENSG00000177728 	 0 	 0.1270528 
0000000859 ENSG00000266714 	 0 	 0.144081 
0000000861 ENSG00000172057 	 0 	 0.1186973 
0000000864 ENSG00000189042 	 0 	 0.1282248 
0000000869 ENSG00000182963 	 0 	 0.1106247 
0000000870 ENSG00000005206 	 0 	 0.1445806 
0000000877 ENSG00000159915 	 0 	 0.1240318 
0000000881 ENSG00000105705 	 0 	 0.1305701 
0000000882 ENSG00000141873 	 0 	 0.1122042 
0000000885 ENSG00000141401 	 0 	 0.1110831 
0000000887 ENSG00000062370 	 0 	 0.1270528 
0000000888 ENSG00000115266 	 0 	 0.1270763 
0000000891 ENSG00000196357 	 0 	 0.1490489 
0000000892 ENSG00000130733 	 0 	 0.1211374 
0000000895 ENSG00000131848 	 0 	 0.127282 
0000000897 ENSG00000269871 	 0 	 0.1734095 
0000000899 ENSG00000221826 	 0 	 0.1282276 
0000000902 ENSG00000051128 	 0 	 0.1276597 
0000000904 ENSG00000099326 	 0 	 0.1407896 
0000000905 ENSG00000090554 	 0 	 0.2889658 
0000000906 ENSG00000167562 	 0 	 0.1266142 
0000000909 ENSG00000105202 	 0 	 0.2684738 
0000000911 ENSG00000130724 	 0 	 0.1617976 
0000000913 ENSG00000182141 	 0 	 0.1225394 
0000000915 ENSG00000083845 	 0 	 0.1186026 
0000000917 ENSG00000141985 	 0 	 0.1389465 
0000000919 ENSG00000095059 	 0 	 0.1273035 
0000000923 ENSG00000142025 	 0 	 0.1374087 
0000000925 ENSG00000270800 	 0 	 0.7981559 
