# Prediction results for:	 GO:0030193 
# Model used:	 group_lasso 
# ROC AUC score:	 0.5801361 
# All tissues were included
# Best penalty parameter (CV): 0.5439596 
# tissue	 1 	 5 
# tissue	 2 	 5 
# tissue	 3 	 5 
# tissue	 4 	 5 
# tissue	 5 	 5 
# tissue	 6 	 5 
# tissue	 7 	 5 
# tissue	 8 	 5 
# tissue	 9 	 5 
# tissue	 10 	 5 
# tissue	 11 	 5 
# tissue	 12 	 5 
# tissue	 13 	 5 
# tissue	 14 	 5 
# tissue	 15 	 5 
# tissue	 16 	 5 
# tissue	 17 	 5 
# tissue	 18 	 5 
# tissue	 19 	 5 
# tissue	 20 	 5 
# tissue	 21 	 5 
# tissue	 22 	 5 
# tissue	 23 	 5 
# tissue	 24 	 5 
# tissue	 25 	 5 
# tissue	 26 	 5 
# tissue	 27 	 5 
# tissue	 28 	 5 
# tissue	 29 	 5 
# tissue	 30 	 5 
# tissue	 31 	 5 
# tissue	 32 	 5 
# tissue	 33 	 5 
# tissue	 34 	 5 
# tissue	 35 	 5 
# tissue	 36 	 5 
# tissue	 37 	 5 
# tissue	 38 	 5 
# tissue	 39 	 5 
# tissue	 40 	 5 
# tissue	 41 	 5 
# tissue	 42 	 5 
# tissue	 43 	 5 
# tissue	 44 	 5 
# tissue	 45 	 5 
# tissue	 46 	 5 
# tissue	 47 	 5 
# tissue	 48 	 5 
# tissue	 49 	 5 
# tissue	 50 	 5 
# tissue	 51 	 5 
# tissue	 52 	 5 
# tissue	 53 	 5 
# Coefficients:
1 	 0 
1 	 0 
1 	 0 
1 	 0 
1 	 0 
2 	 0.002805009 
2 	 0.006244614 
2 	 -0.1358709 
2 	 -0.03296924 
2 	 -0.05209546 
3 	 0.0500647 
3 	 0.4016501 
3 	 -0.4362442 
3 	 -0.4125047 
3 	 0.4167055 
4 	 0.002677035 
4 	 -0.03731404 
4 	 0.004312356 
4 	 -0.003569828 
4 	 -0.02646343 
5 	 0 
5 	 0 
5 	 0 
5 	 0 
5 	 0 
6 	 0.001591987 
6 	 0.01960577 
6 	 -0.1073801 
6 	 0.2655185 
6 	 -0.2721843 
7 	 0.005826832 
7 	 -0.2988862 
7 	 0.2981425 
7 	 -0.1315492 
7 	 -1.276134 
8 	 0 
8 	 0 
8 	 0 
8 	 0 
8 	 0 
9 	 0.0006946737 
9 	 -0.002549256 
9 	 0.008703533 
9 	 0.01678538 
9 	 0.07207035 
10 	 0 
10 	 0 
10 	 0 
10 	 0 
10 	 0 
11 	 0 
11 	 0 
11 	 0 
11 	 0 
11 	 0 
12 	 0 
12 	 0 
12 	 0 
12 	 0 
12 	 0 
13 	 0.07020465 
13 	 0.5495304 
13 	 1.242595 
13 	 -0.2790083 
13 	 0.09652729 
14 	 0 
14 	 0 
14 	 0 
14 	 0 
14 	 0 
15 	 0.02378434 
15 	 -0.1212601 
15 	 -0.3330483 
15 	 0.8950305 
15 	 0.5560012 
16 	 0.003924766 
16 	 0.06050346 
16 	 0.04648614 
16 	 0.03148382 
16 	 0.1014946 
17 	 0.01920934 
17 	 -0.1407646 
17 	 -0.269197 
17 	 -0.3361878 
17 	 -0.3437614 
18 	 0.07444886 
18 	 0.3706597 
18 	 0.1377232 
18 	 -0.06130075 
18 	 -1.58411 
19 	 0 
19 	 0 
19 	 0 
19 	 0 
19 	 0 
20 	 -0.005686321 
20 	 -0.07584227 
20 	 -0.09825711 
20 	 0.0901107 
20 	 0.2639193 
21 	 0 
21 	 0 
21 	 0 
21 	 0 
21 	 0 
22 	 0 
22 	 0 
22 	 0 
22 	 0 
22 	 0 
23 	 0 
23 	 0 
23 	 0 
23 	 0 
23 	 0 
24 	 0.003892182 
24 	 0.3676834 
24 	 -0.375655 
24 	 -0.09783708 
24 	 1.131069 
25 	 0.005954154 
25 	 -0.09666043 
25 	 -0.0197211 
25 	 0.1641304 
25 	 -0.0349858 
26 	 0 
26 	 0 
26 	 0 
26 	 0 
26 	 0 
27 	 0.003064494 
27 	 0.0658854 
27 	 0.08940315 
27 	 0.2171774 
27 	 -0.02401093 
28 	 0 
28 	 0 
28 	 0 
28 	 0 
28 	 0 
29 	 -0.05089268 
29 	 0.1541266 
29 	 0.7540738 
29 	 0.5862557 
29 	 0.3403015 
30 	 0.00078307 
30 	 -0.02013449 
30 	 0.1467242 
30 	 0.09464623 
30 	 0.007148017 
31 	 2.175784e-05 
31 	 -0.00266632 
31 	 -0.02313851 
31 	 0.02493992 
31 	 -0.0637548 
32 	 -0.002186194 
32 	 0.4675983 
32 	 0.03227178 
32 	 0.2643831 
32 	 0.1695998 
33 	 0 
33 	 0 
33 	 0 
33 	 0 
33 	 0 
34 	 0 
34 	 0 
34 	 0 
34 	 0 
34 	 0 
35 	 0.009001766 
35 	 -0.2598164 
35 	 0.3190212 
35 	 -0.398797 
35 	 0.2419036 
36 	 -0.04017225 
36 	 0.6416532 
36 	 -1.299735 
36 	 -0.8975237 
36 	 -0.8048041 
37 	 0 
37 	 0 
37 	 0 
37 	 0 
37 	 0 
38 	 0 
38 	 0 
38 	 0 
38 	 0 
38 	 0 
39 	 0.003149092 
39 	 -0.08333763 
39 	 0.1038852 
39 	 -0.2093434 
39 	 -0.2650302 
40 	 0 
40 	 0 
40 	 0 
40 	 0 
40 	 0 
41 	 0 
41 	 0 
41 	 0 
41 	 0 
41 	 0 
42 	 -0.02130219 
42 	 -0.4705011 
42 	 -0.6016069 
42 	 0.6843819 
42 	 -0.4158245 
43 	 -0.002405654 
43 	 -0.03207179 
43 	 -0.06901139 
43 	 0.04729545 
43 	 0.007415217 
44 	 0.01856422 
44 	 -0.08193084 
44 	 -0.08283459 
44 	 0.254031 
44 	 0.1440718 
45 	 0 
45 	 0 
45 	 0 
45 	 0 
45 	 0 
46 	 0 
46 	 0 
46 	 0 
46 	 0 
46 	 0 
47 	 0 
47 	 0 
47 	 0 
47 	 0 
47 	 0 
48 	 0.05799396 
48 	 -0.02132904 
48 	 -0.3438463 
48 	 -1.235766 
48 	 1.185191 
49 	 0.002462229 
49 	 0.06156448 
49 	 0.06573441 
49 	 0.09527186 
49 	 -0.008416097 
50 	 0.0237603 
50 	 -0.01328342 
50 	 -0.2901168 
50 	 -0.7484378 
50 	 -0.02629197 
51 	 0 
51 	 0 
51 	 0 
51 	 0 
51 	 0 
52 	 0 
52 	 0 
52 	 0 
52 	 0 
52 	 0 
53 	 -0.0005808565 
53 	 -0.01388835 
53 	 0.02427522 
53 	 -0.01048145 
53 	 0.03753451 
# Gene ID	Label	Prediction
0000000003 ENSG00000079385 	 1 	 0.1658355 
0000000004 ENSG00000080618 	 1 	 0.9752032 
0000000007 ENSG00000104368 	 1 	 0.5096378 
0000000008 ENSG00000011422 	 1 	 0.08316497 
0000000010 ENSG00000108684 	 1 	 0.006543353 
0000000011 ENSG00000109072 	 1 	 0.08116149 
0000000013 ENSG00000115718 	 1 	 0.5943399 
0000000018 ENSG00000130203 	 1 	 0.9980929 
0000000019 ENSG00000131187 	 1 	 0.9873742 
0000000020 ENSG00000134853 	 1 	 0.9967531 
0000000023 ENSG00000111450 	 1 	 0.0001087777 
0000000025 ENSG00000174175 	 1 	 0.07143958 
0000000026 ENSG00000074966 	 1 	 0.3193679 
0000000027 ENSG00000164344 	 1 	 0.9458195 
0000000032 ENSG00000140873 	 1 	 0.005648553 
0000000039 ENSG00000171564 	 1 	 0.9908595 
0000000041 ENSG00000174059 	 1 	 0.3777834 
0000000046 ENSG00000112773 	 1 	 0.9685989 
0000000051 ENSG00000163932 	 1 	 0.0007643981 
0000000052 ENSG00000100311 	 1 	 0.8025713 
0000000055 ENSG00000165929 	 1 	 0.04774888 
0000000059 ENSG00000168079 	 1 	 0.1348363 
0000000061 ENSG00000158773 	 1 	 0.1159389 
0000000065 ENSG00000165025 	 1 	 0.04550259 
0000000070 ENSG00000136011 	 1 	 0.9250386 
0000000071 ENSG00000213626 	 1 	 0.9760125 
0000000004 ENSG00000071655 	 0 	 0.0002618135 
0000000006 ENSG00000107669 	 0 	 0.08243715 
0000000008 ENSG00000134817 	 0 	 0.07158738 
0000000011 ENSG00000005471 	 0 	 0.1146295 
0000000014 ENSG00000145708 	 0 	 0.4957682 
0000000017 ENSG00000151779 	 0 	 0.5453691 
0000000031 ENSG00000174226 	 0 	 0.001463794 
0000000033 ENSG00000135655 	 0 	 0.1228569 
0000000034 ENSG00000172748 	 0 	 0.005311346 
0000000040 ENSG00000183196 	 0 	 0.004384268 
0000000046 ENSG00000038427 	 0 	 0.9955159 
0000000049 ENSG00000134077 	 0 	 0.0003242916 
0000000054 ENSG00000134193 	 0 	 0.09582664 
0000000057 ENSG00000213199 	 0 	 8.537377e-05 
0000000064 ENSG00000198848 	 0 	 0.9971266 
0000000065 ENSG00000221988 	 0 	 0.0005096681 
0000000066 ENSG00000122970 	 0 	 0.01752667 
0000000068 ENSG00000115507 	 0 	 0.1730281 
0000000078 ENSG00000102096 	 0 	 0.001251016 
0000000082 ENSG00000101224 	 0 	 0.04027258 
0000000084 ENSG00000100503 	 0 	 0.04948228 
0000000087 ENSG00000118276 	 0 	 0.1907963 
0000000089 ENSG00000168610 	 0 	 0.07078892 
0000000091 ENSG00000123600 	 0 	 0.06328733 
0000000093 ENSG00000196151 	 0 	 0.2457489 
0000000094 ENSG00000167286 	 0 	 0.4313691 
0000000096 ENSG00000115525 	 0 	 0.06364897 
0000000098 ENSG00000104205 	 0 	 0.2118087 
0000000102 ENSG00000015171 	 0 	 0.08123563 
0000000103 ENSG00000160202 	 0 	 0.6867115 
0000000105 ENSG00000161813 	 0 	 0.004250347 
0000000108 ENSG00000165730 	 0 	 0.1367252 
0000000111 ENSG00000157954 	 0 	 0.06149275 
0000000116 ENSG00000130204 	 0 	 2.209132e-07 
0000000117 ENSG00000114423 	 0 	 0.000225612 
0000000118 ENSG00000138698 	 0 	 1.114346e-05 
0000000119 ENSG00000180881 	 0 	 0.0621551 
0000000123 ENSG00000143702 	 0 	 0.02300465 
0000000125 ENSG00000115841 	 0 	 0.6245881 
0000000126 ENSG00000180509 	 0 	 0.05085809 
0000000128 ENSG00000100106 	 0 	 0.9984727 
0000000135 ENSG00000115840 	 0 	 0.1213203 
0000000143 ENSG00000048405 	 0 	 0.08277492 
0000000147 ENSG00000178149 	 0 	 0.03838424 
0000000148 ENSG00000011465 	 0 	 0.01335869 
0000000156 ENSG00000036257 	 0 	 6.890367e-07 
0000000161 ENSG00000160404 	 0 	 0.0002814897 
0000000164 ENSG00000111653 	 0 	 0.08389877 
0000000168 ENSG00000106615 	 0 	 3.379714e-05 
0000000172 ENSG00000204947 	 0 	 0.08878538 
0000000175 ENSG00000106462 	 0 	 0.003334055 
0000000178 ENSG00000114391 	 0 	 0.0002292241 
0000000179 ENSG00000169714 	 0 	 0.001123066 
0000000180 ENSG00000138674 	 0 	 0.01243912 
0000000183 ENSG00000109452 	 0 	 0.09193511 
0000000186 ENSG00000051596 	 0 	 0.0007663331 
0000000188 ENSG00000186204 	 0 	 0.8751426 
0000000200 ENSG00000215440 	 0 	 0.001649895 
0000000208 ENSG00000131269 	 0 	 0.01986326 
0000000211 ENSG00000127903 	 0 	 0.004111703 
0000000212 ENSG00000111880 	 0 	 0.06430405 
0000000215 ENSG00000111530 	 0 	 0.07226566 
0000000218 ENSG00000111186 	 0 	 0.09351804 
0000000220 ENSG00000203546 	 0 	 0.08122129 
0000000223 ENSG00000197324 	 0 	 0.2073441 
0000000225 ENSG00000139116 	 0 	 0.002007895 
0000000226 ENSG00000129566 	 0 	 0.00475001 
0000000227 ENSG00000070778 	 0 	 0.0006669729 
0000000232 ENSG00000034053 	 0 	 0.08458295 
0000000233 ENSG00000157483 	 0 	 0.3426978 
0000000236 ENSG00000140650 	 0 	 0.0836982 
0000000238 ENSG00000134419 	 0 	 0.1086222 
0000000239 ENSG00000184009 	 0 	 0.00178061 
0000000242 ENSG00000173826 	 0 	 0.08794429 
0000000244 ENSG00000153822 	 0 	 0.08289045 
0000000246 ENSG00000250506 	 0 	 0.4445954 
0000000247 ENSG00000166377 	 0 	 0.08325849 
0000000250 ENSG00000167555 	 0 	 0.0148419 
0000000252 ENSG00000155085 	 0 	 0.08268236 
