# Prediction results for:	 GO:0002726 
# Model used:	 group_lasso 
# ROC AUC score:	 0.4930748 
# All tissues were included
# Best penalty parameter (CV): 0.9413373 
# tissue	 1 	 5 
# tissue	 2 	 5 
# tissue	 3 	 5 
# tissue	 4 	 5 
# tissue	 5 	 5 
# tissue	 6 	 5 
# tissue	 7 	 5 
# tissue	 8 	 5 
# tissue	 9 	 5 
# tissue	 10 	 5 
# tissue	 11 	 5 
# tissue	 12 	 5 
# tissue	 13 	 5 
# tissue	 14 	 5 
# tissue	 15 	 5 
# tissue	 16 	 5 
# tissue	 17 	 5 
# tissue	 18 	 5 
# tissue	 19 	 5 
# tissue	 20 	 5 
# tissue	 21 	 5 
# tissue	 22 	 5 
# tissue	 23 	 5 
# tissue	 24 	 5 
# tissue	 25 	 5 
# tissue	 26 	 5 
# tissue	 27 	 5 
# tissue	 28 	 5 
# tissue	 29 	 5 
# tissue	 30 	 5 
# tissue	 31 	 5 
# tissue	 32 	 5 
# tissue	 33 	 5 
# tissue	 34 	 5 
# tissue	 35 	 5 
# tissue	 36 	 5 
# tissue	 37 	 5 
# tissue	 38 	 5 
# tissue	 39 	 5 
# tissue	 40 	 5 
# tissue	 41 	 5 
# tissue	 42 	 5 
# tissue	 43 	 5 
# tissue	 44 	 5 
# tissue	 45 	 5 
# tissue	 46 	 5 
# tissue	 47 	 5 
# tissue	 48 	 5 
# tissue	 49 	 5 
# tissue	 50 	 5 
# tissue	 51 	 5 
# tissue	 52 	 5 
# tissue	 53 	 5 
# Coefficients:
1 	 0 
1 	 0 
1 	 0 
1 	 0 
1 	 0 
2 	 0 
2 	 0 
2 	 0 
2 	 0 
2 	 0 
3 	 0 
3 	 0 
3 	 0 
3 	 0 
3 	 0 
4 	 0 
4 	 0 
4 	 0 
4 	 0 
4 	 0 
5 	 0 
5 	 0 
5 	 0 
5 	 0 
5 	 0 
6 	 0 
6 	 0 
6 	 0 
6 	 0 
6 	 0 
7 	 0 
7 	 0 
7 	 0 
7 	 0 
7 	 0 
8 	 0 
8 	 0 
8 	 0 
8 	 0 
8 	 0 
9 	 0 
9 	 0 
9 	 0 
9 	 0 
9 	 0 
10 	 0 
10 	 0 
10 	 0 
10 	 0 
10 	 0 
11 	 0 
11 	 0 
11 	 0 
11 	 0 
11 	 0 
12 	 0 
12 	 0 
12 	 0 
12 	 0 
12 	 0 
13 	 0 
13 	 0 
13 	 0 
13 	 0 
13 	 0 
14 	 0 
14 	 0 
14 	 0 
14 	 0 
14 	 0 
15 	 -0.008232451 
15 	 0.02937425 
15 	 -0.2014767 
15 	 0.06059402 
15 	 0.02196169 
16 	 0.0003785732 
16 	 -0.01583233 
16 	 -0.0456101 
16 	 -0.01135106 
16 	 0.01418895 
17 	 -0.04777097 
17 	 -1.14629 
17 	 0.09078857 
17 	 -0.4563273 
17 	 -0.3913637 
18 	 0.04336213 
18 	 -0.2003301 
18 	 1.327708 
18 	 -2.396466 
18 	 -1.418338 
19 	 0 
19 	 0 
19 	 0 
19 	 0 
19 	 0 
20 	 -0.002130397 
20 	 -0.02901268 
20 	 -0.02073378 
20 	 0.03891803 
20 	 -0.05225602 
21 	 0 
21 	 0 
21 	 0 
21 	 0 
21 	 0 
22 	 -0.0008996096 
22 	 -0.06169763 
22 	 0.06455159 
22 	 -0.2503955 
22 	 -0.3102347 
23 	 0 
23 	 0 
23 	 0 
23 	 0 
23 	 0 
24 	 0 
24 	 0 
24 	 0 
24 	 0 
24 	 0 
25 	 0.01382391 
25 	 -0.3138906 
25 	 -0.03335883 
25 	 0.7232992 
25 	 0.8081093 
26 	 0 
26 	 0 
26 	 0 
26 	 0 
26 	 0 
27 	 0 
27 	 0 
27 	 0 
27 	 0 
27 	 0 
28 	 0 
28 	 0 
28 	 0 
28 	 0 
28 	 0 
29 	 -0.0169349 
29 	 -0.03902965 
29 	 0.03044164 
29 	 -0.0755413 
29 	 0.07561139 
30 	 0 
30 	 0 
30 	 0 
30 	 0 
30 	 0 
31 	 0 
31 	 0 
31 	 0 
31 	 0 
31 	 0 
32 	 0 
32 	 0 
32 	 0 
32 	 0 
32 	 0 
33 	 0 
33 	 0 
33 	 0 
33 	 0 
33 	 0 
34 	 0.002560829 
34 	 -0.1399355 
34 	 0.3689646 
34 	 -0.03029157 
34 	 0.1109771 
35 	 0 
35 	 0 
35 	 0 
35 	 0 
35 	 0 
36 	 0 
36 	 0 
36 	 0 
36 	 0 
36 	 0 
37 	 0 
37 	 0 
37 	 0 
37 	 0 
37 	 0 
38 	 0 
38 	 0 
38 	 0 
38 	 0 
38 	 0 
39 	 0 
39 	 0 
39 	 0 
39 	 0 
39 	 0 
40 	 0 
40 	 0 
40 	 0 
40 	 0 
40 	 0 
41 	 0 
41 	 0 
41 	 0 
41 	 0 
41 	 0 
42 	 0 
42 	 0 
42 	 0 
42 	 0 
42 	 0 
43 	 0 
43 	 0 
43 	 0 
43 	 0 
43 	 0 
44 	 0 
44 	 0 
44 	 0 
44 	 0 
44 	 0 
45 	 0 
45 	 0 
45 	 0 
45 	 0 
45 	 0 
46 	 0 
46 	 0 
46 	 0 
46 	 0 
46 	 0 
47 	 0 
47 	 0 
47 	 0 
47 	 0 
47 	 0 
48 	 0 
48 	 0 
48 	 0 
48 	 0 
48 	 0 
49 	 0 
49 	 0 
49 	 0 
49 	 0 
49 	 0 
50 	 0.01672097 
50 	 -0.2548805 
50 	 0.7493985 
50 	 0.4079304 
50 	 0.02174998 
51 	 0 
51 	 0 
51 	 0 
51 	 0 
51 	 0 
52 	 0 
52 	 0 
52 	 0 
52 	 0 
52 	 0 
53 	 0 
53 	 0 
53 	 0 
53 	 0 
53 	 0 
# Gene ID	Label	Prediction
0000000004 ENSG00000117586 	 1 	 0.1240311 
0000000008 ENSG00000175104 	 1 	 0.09206018 
0000000009 ENSG00000143184 	 1 	 0.1613663 
0000000009 ENSG00000172890 	 0 	 0.1005373 
0000000011 ENSG00000105443 	 0 	 0.06004099 
0000000013 ENSG00000146278 	 0 	 0.09831156 
0000000015 ENSG00000204941 	 0 	 0.06639002 
0000000016 ENSG00000158055 	 0 	 0.09474555 
0000000018 ENSG00000198597 	 0 	 0.1564086 
0000000019 ENSG00000133710 	 0 	 0.9685852 
0000000020 ENSG00000143155 	 0 	 0.2006934 
0000000027 ENSG00000071082 	 0 	 0.3973247 
0000000028 ENSG00000157554 	 0 	 0.1003104 
0000000029 ENSG00000069424 	 0 	 0.0864518 
0000000033 ENSG00000110651 	 0 	 0.2193893 
0000000036 ENSG00000225663 	 0 	 0.07162594 
0000000037 ENSG00000198492 	 0 	 0.06795867 
0000000039 ENSG00000197111 	 0 	 0.1018284 
0000000044 ENSG00000108669 	 0 	 0.09124466 
