# Prediction results for:	 GO:0070228 
# Model used:	 group_lasso 
# ROC AUC score:	 0.594321 
# All tissues were included
# Best penalty parameter (CV): 5.360205 
# tissue	 1 	 5 
# tissue	 2 	 5 
# tissue	 3 	 5 
# tissue	 4 	 5 
# tissue	 5 	 5 
# tissue	 6 	 5 
# tissue	 7 	 5 
# tissue	 8 	 5 
# tissue	 9 	 5 
# tissue	 10 	 5 
# tissue	 11 	 5 
# tissue	 12 	 5 
# tissue	 13 	 5 
# tissue	 14 	 5 
# tissue	 15 	 5 
# tissue	 16 	 5 
# tissue	 17 	 5 
# tissue	 18 	 5 
# tissue	 19 	 5 
# tissue	 20 	 5 
# tissue	 21 	 5 
# tissue	 22 	 5 
# tissue	 23 	 5 
# tissue	 24 	 5 
# tissue	 25 	 5 
# tissue	 26 	 5 
# tissue	 27 	 5 
# tissue	 28 	 5 
# tissue	 29 	 5 
# tissue	 30 	 5 
# tissue	 31 	 5 
# tissue	 32 	 5 
# tissue	 33 	 5 
# tissue	 34 	 5 
# tissue	 35 	 5 
# tissue	 36 	 5 
# tissue	 37 	 5 
# tissue	 38 	 5 
# tissue	 39 	 5 
# tissue	 40 	 5 
# tissue	 41 	 5 
# tissue	 42 	 5 
# tissue	 43 	 5 
# tissue	 44 	 5 
# tissue	 45 	 5 
# tissue	 46 	 5 
# tissue	 47 	 5 
# tissue	 48 	 5 
# tissue	 49 	 5 
# tissue	 50 	 5 
# tissue	 51 	 5 
# tissue	 52 	 5 
# tissue	 53 	 5 
# Coefficients:
1 	 0 
1 	 0 
1 	 0 
1 	 0 
1 	 0 
2 	 0 
2 	 0 
2 	 0 
2 	 0 
2 	 0 
3 	 0 
3 	 0 
3 	 0 
3 	 0 
3 	 0 
4 	 0 
4 	 0 
4 	 0 
4 	 0 
4 	 0 
5 	 0 
5 	 0 
5 	 0 
5 	 0 
5 	 0 
6 	 0 
6 	 0 
6 	 0 
6 	 0 
6 	 0 
7 	 0 
7 	 0 
7 	 0 
7 	 0 
7 	 0 
8 	 0 
8 	 0 
8 	 0 
8 	 0 
8 	 0 
9 	 0 
9 	 0 
9 	 0 
9 	 0 
9 	 0 
10 	 0 
10 	 0 
10 	 0 
10 	 0 
10 	 0 
11 	 0 
11 	 0 
11 	 0 
11 	 0 
11 	 0 
12 	 0 
12 	 0 
12 	 0 
12 	 0 
12 	 0 
13 	 0 
13 	 0 
13 	 0 
13 	 0 
13 	 0 
14 	 0 
14 	 0 
14 	 0 
14 	 0 
14 	 0 
15 	 0 
15 	 0 
15 	 0 
15 	 0 
15 	 0 
16 	 0 
16 	 0 
16 	 0 
16 	 0 
16 	 0 
17 	 0 
17 	 0 
17 	 0 
17 	 0 
17 	 0 
18 	 0 
18 	 0 
18 	 0 
18 	 0 
18 	 0 
19 	 0 
19 	 0 
19 	 0 
19 	 0 
19 	 0 
20 	 -0.00664065 
20 	 -0.03153586 
20 	 0.0783018 
20 	 -0.2936137 
20 	 -0.2016354 
21 	 0 
21 	 0 
21 	 0 
21 	 0 
21 	 0 
22 	 0 
22 	 0 
22 	 0 
22 	 0 
22 	 0 
23 	 0 
23 	 0 
23 	 0 
23 	 0 
23 	 0 
24 	 0 
24 	 0 
24 	 0 
24 	 0 
24 	 0 
25 	 0 
25 	 0 
25 	 0 
25 	 0 
25 	 0 
26 	 0 
26 	 0 
26 	 0 
26 	 0 
26 	 0 
27 	 0 
27 	 0 
27 	 0 
27 	 0 
27 	 0 
28 	 0 
28 	 0 
28 	 0 
28 	 0 
28 	 0 
29 	 0 
29 	 0 
29 	 0 
29 	 0 
29 	 0 
30 	 0 
30 	 0 
30 	 0 
30 	 0 
30 	 0 
31 	 0 
31 	 0 
31 	 0 
31 	 0 
31 	 0 
32 	 0 
32 	 0 
32 	 0 
32 	 0 
32 	 0 
33 	 0 
33 	 0 
33 	 0 
33 	 0 
33 	 0 
34 	 0 
34 	 0 
34 	 0 
34 	 0 
34 	 0 
35 	 0 
35 	 0 
35 	 0 
35 	 0 
35 	 0 
36 	 0 
36 	 0 
36 	 0 
36 	 0 
36 	 0 
37 	 0 
37 	 0 
37 	 0 
37 	 0 
37 	 0 
38 	 0 
38 	 0 
38 	 0 
38 	 0 
38 	 0 
39 	 0 
39 	 0 
39 	 0 
39 	 0 
39 	 0 
40 	 0 
40 	 0 
40 	 0 
40 	 0 
40 	 0 
41 	 0 
41 	 0 
41 	 0 
41 	 0 
41 	 0 
42 	 0 
42 	 0 
42 	 0 
42 	 0 
42 	 0 
43 	 0 
43 	 0 
43 	 0 
43 	 0 
43 	 0 
44 	 0 
44 	 0 
44 	 0 
44 	 0 
44 	 0 
45 	 0 
45 	 0 
45 	 0 
45 	 0 
45 	 0 
46 	 0 
46 	 0 
46 	 0 
46 	 0 
46 	 0 
47 	 0 
47 	 0 
47 	 0 
47 	 0 
47 	 0 
48 	 0 
48 	 0 
48 	 0 
48 	 0 
48 	 0 
49 	 -0.008539394 
49 	 -0.0003374458 
49 	 -0.01718541 
49 	 0.03872821 
49 	 -0.08468718 
50 	 0 
50 	 0 
50 	 0 
50 	 0 
50 	 0 
51 	 0 
51 	 0 
51 	 0 
51 	 0 
51 	 0 
52 	 0 
52 	 0 
52 	 0 
52 	 0 
52 	 0 
53 	 0 
53 	 0 
53 	 0 
53 	 0 
53 	 0 
# Gene ID	Label	Prediction
0000000003 ENSG00000129465 	 1 	 0.3657477 
0000000006 ENSG00000113916 	 1 	 0.2115556 
0000000007 ENSG00000125378 	 1 	 0.3942318 
0000000012 ENSG00000144161 	 1 	 0.2943274 
0000000016 ENSG00000168961 	 1 	 0.1902134 
0000000018 ENSG00000217128 	 1 	 0.2088825 
0000000019 ENSG00000010671 	 1 	 0.520942 
0000000030 ENSG00000136634 	 1 	 0.2658047 
0000000031 ENSG00000105639 	 1 	 0.786607 
0000000032 ENSG00000254087 	 1 	 0.5777397 
0000000005 ENSG00000115816 	 0 	 0.211628 
0000000008 ENSG00000085831 	 0 	 0.2395532 
0000000011 ENSG00000104267 	 0 	 0.4776092 
0000000017 ENSG00000160255 	 0 	 0.1898668 
0000000019 ENSG00000176845 	 0 	 0.4025825 
0000000021 ENSG00000184304 	 0 	 0.2244097 
0000000027 ENSG00000127463 	 0 	 0.2115182 
0000000029 ENSG00000196387 	 0 	 0.1909016 
0000000030 ENSG00000170956 	 0 	 0.2635393 
0000000031 ENSG00000173585 	 0 	 0.2063683 
0000000037 ENSG00000178096 	 0 	 0.2154886 
0000000040 ENSG00000120498 	 0 	 0.1913751 
0000000042 ENSG00000197889 	 0 	 0.1897387 
0000000049 ENSG00000026508 	 0 	 0.2321847 
0000000056 ENSG00000128298 	 0 	 0.2069119 
0000000057 ENSG00000018699 	 0 	 0.2235152 
0000000060 ENSG00000164929 	 0 	 0.1784261 
0000000062 ENSG00000226372 	 0 	 0.1904996 
0000000066 ENSG00000183765 	 0 	 0.1844842 
0000000068 ENSG00000115694 	 0 	 0.2040984 
0000000069 ENSG00000186792 	 0 	 0.2486073 
0000000071 ENSG00000156398 	 0 	 0.2729239 
0000000073 ENSG00000249428 	 0 	 0.1909016 
0000000074 ENSG00000119048 	 0 	 0.1976638 
0000000075 ENSG00000152700 	 0 	 0.1896088 
0000000076 ENSG00000164253 	 0 	 0.1909016 
0000000083 ENSG00000198561 	 0 	 0.1973523 
0000000084 ENSG00000014216 	 0 	 0.2320626 
0000000086 ENSG00000089041 	 0 	 0.1907568 
0000000090 ENSG00000259092 	 0 	 0.1976275 
0000000099 ENSG00000099341 	 0 	 0.2080046 
0000000100 ENSG00000197563 	 0 	 0.1933114 
0000000101 ENSG00000108828 	 0 	 0.1909016 
0000000107 ENSG00000181588 	 0 	 0.2084121 
0000000108 ENSG00000214655 	 0 	 0.1661984 
