# Prediction results for:	 GO:0051153 
# Model used:	 group_lasso 
# ROC AUC score:	 0.5784 
# All tissues were included
# Best penalty parameter (CV): 1.447533 
# tissue	 1 	 5 
# tissue	 2 	 5 
# tissue	 3 	 5 
# tissue	 4 	 5 
# tissue	 5 	 5 
# tissue	 6 	 5 
# tissue	 7 	 5 
# tissue	 8 	 5 
# tissue	 9 	 5 
# tissue	 10 	 5 
# tissue	 11 	 5 
# tissue	 12 	 5 
# tissue	 13 	 5 
# tissue	 14 	 5 
# tissue	 15 	 5 
# tissue	 16 	 5 
# tissue	 17 	 5 
# tissue	 18 	 5 
# tissue	 19 	 5 
# tissue	 20 	 5 
# tissue	 21 	 5 
# tissue	 22 	 5 
# tissue	 23 	 5 
# tissue	 24 	 5 
# tissue	 25 	 5 
# tissue	 26 	 5 
# tissue	 27 	 5 
# tissue	 28 	 5 
# tissue	 29 	 5 
# tissue	 30 	 5 
# tissue	 31 	 5 
# tissue	 32 	 5 
# tissue	 33 	 5 
# tissue	 34 	 5 
# tissue	 35 	 5 
# tissue	 36 	 5 
# tissue	 37 	 5 
# tissue	 38 	 5 
# tissue	 39 	 5 
# tissue	 40 	 5 
# tissue	 41 	 5 
# tissue	 42 	 5 
# tissue	 43 	 5 
# tissue	 44 	 5 
# tissue	 45 	 5 
# tissue	 46 	 5 
# tissue	 47 	 5 
# tissue	 48 	 5 
# tissue	 49 	 5 
# tissue	 50 	 5 
# tissue	 51 	 5 
# tissue	 52 	 5 
# tissue	 53 	 5 
# Coefficients:
1 	 0 
1 	 0 
1 	 0 
1 	 0 
1 	 0 
2 	 0 
2 	 0 
2 	 0 
2 	 0 
2 	 0 
3 	 -0.001053071 
3 	 0.007866551 
3 	 0.01211954 
3 	 -0.01719916 
3 	 -0.007331808 
4 	 -0.002338113 
4 	 -0.02876333 
4 	 -0.0119186 
4 	 -0.02476709 
4 	 0.03990843 
5 	 0 
5 	 0 
5 	 0 
5 	 0 
5 	 0 
6 	 0.004843515 
6 	 -0.1045649 
6 	 -0.04798608 
6 	 0.1494867 
6 	 0.4080266 
7 	 0 
7 	 0 
7 	 0 
7 	 0 
7 	 0 
8 	 0 
8 	 0 
8 	 0 
8 	 0 
8 	 0 
9 	 0 
9 	 0 
9 	 0 
9 	 0 
9 	 0 
10 	 0 
10 	 0 
10 	 0 
10 	 0 
10 	 0 
11 	 0.02571278 
11 	 0.5960538 
11 	 -0.2981458 
11 	 -0.2886368 
11 	 1.337759 
12 	 0 
12 	 0 
12 	 0 
12 	 0 
12 	 0 
13 	 0 
13 	 0 
13 	 0 
13 	 0 
13 	 0 
14 	 0 
14 	 0 
14 	 0 
14 	 0 
14 	 0 
15 	 0.0001032723 
15 	 0.004438876 
15 	 -0.0007626807 
15 	 0.01117155 
15 	 -0.01045254 
16 	 0 
16 	 0 
16 	 0 
16 	 0 
16 	 0 
17 	 -0.007238407 
17 	 -0.03393786 
17 	 0.1335543 
17 	 0.2701245 
17 	 0.009386744 
18 	 -0.007434058 
18 	 0.140858 
18 	 1.039067 
18 	 1.163657 
18 	 1.923744 
19 	 0 
19 	 0 
19 	 0 
19 	 0 
19 	 0 
20 	 0 
20 	 0 
20 	 0 
20 	 0 
20 	 0 
21 	 0 
21 	 0 
21 	 0 
21 	 0 
21 	 0 
22 	 -0.0002869879 
22 	 -0.01056565 
22 	 0.0324751 
22 	 0.04914097 
22 	 -0.01045079 
23 	 0 
23 	 0 
23 	 0 
23 	 0 
23 	 0 
24 	 0 
24 	 0 
24 	 0 
24 	 0 
24 	 0 
25 	 0.007253134 
25 	 -0.3449704 
25 	 0.008392781 
25 	 0.5633776 
25 	 -0.0978675 
26 	 0 
26 	 0 
26 	 0 
26 	 0 
26 	 0 
27 	 -0.002456838 
27 	 -0.01900681 
27 	 0.01019908 
27 	 -0.09898946 
27 	 0.145359 
28 	 0 
28 	 0 
28 	 0 
28 	 0 
28 	 0 
29 	 0.00485988 
29 	 -0.1157084 
29 	 -0.1281231 
29 	 0.2031311 
29 	 -0.07639561 
30 	 0.0004602805 
30 	 -0.02231604 
30 	 -0.00173027 
30 	 0.09781234 
30 	 0.00935076 
31 	 -0.00590427 
31 	 0.007217216 
31 	 -0.17867 
31 	 -0.04994639 
31 	 -0.00995489 
32 	 -0.02316353 
32 	 0.2621432 
32 	 0.07731019 
32 	 -0.05884831 
32 	 -0.06359556 
33 	 0 
33 	 0 
33 	 0 
33 	 0 
33 	 0 
34 	 0.0003438675 
34 	 0.005658808 
34 	 0.02029204 
34 	 0.01266012 
34 	 0.02183538 
35 	 0 
35 	 0 
35 	 0 
35 	 0 
35 	 0 
36 	 0 
36 	 0 
36 	 0 
36 	 0 
36 	 0 
37 	 0 
37 	 0 
37 	 0 
37 	 0 
37 	 0 
38 	 0 
38 	 0 
38 	 0 
38 	 0 
38 	 0 
39 	 -0.0001791471 
39 	 -0.02070728 
39 	 0.06024458 
39 	 -0.3438012 
39 	 0.1629727 
40 	 0 
40 	 0 
40 	 0 
40 	 0 
40 	 0 
41 	 0 
41 	 0 
41 	 0 
41 	 0 
41 	 0 
42 	 0 
42 	 0 
42 	 0 
42 	 0 
42 	 0 
43 	 0 
43 	 0 
43 	 0 
43 	 0 
43 	 0 
44 	 0 
44 	 0 
44 	 0 
44 	 0 
44 	 0 
45 	 0 
45 	 0 
45 	 0 
45 	 0 
45 	 0 
46 	 0 
46 	 0 
46 	 0 
46 	 0 
46 	 0 
47 	 0 
47 	 0 
47 	 0 
47 	 0 
47 	 0 
48 	 0 
48 	 0 
48 	 0 
48 	 0 
48 	 0 
49 	 0.003077402 
49 	 -0.07435474 
49 	 -0.003570954 
49 	 0.04937357 
49 	 -0.3111111 
50 	 0.0002950921 
50 	 0.1488426 
50 	 -0.06092359 
50 	 -0.3784986 
50 	 0.1388166 
51 	 0.004047147 
51 	 0.2241038 
51 	 0.2214327 
51 	 -0.4040657 
51 	 0.6426655 
52 	 0 
52 	 0 
52 	 0 
52 	 0 
52 	 0 
53 	 0 
53 	 0 
53 	 0 
53 	 0 
53 	 0 
# Gene ID	Label	Prediction
0000000003 ENSG00000100219 	 1 	 0.001819555 
0000000008 ENSG00000111046 	 1 	 0.5397632 
0000000009 ENSG00000111049 	 1 	 0.1629057 
0000000012 ENSG00000123095 	 1 	 0.1568126 
0000000013 ENSG00000125266 	 1 	 0.3793157 
0000000018 ENSG00000024422 	 1 	 0.9023215 
0000000022 ENSG00000151320 	 1 	 0.3969703 
0000000027 ENSG00000163217 	 1 	 0.1618832 
0000000030 ENSG00000157227 	 1 	 0.154114 
0000000031 ENSG00000180535 	 1 	 0.03326576 
0000000033 ENSG00000110047 	 1 	 0.1397775 
0000000034 ENSG00000183072 	 1 	 0.2281419 
0000000035 ENSG00000184058 	 1 	 0.09083195 
0000000038 ENSG00000182533 	 1 	 0.8067078 
0000000040 ENSG00000068024 	 1 	 0.351422 
0000000042 ENSG00000170776 	 1 	 0.0922249 
0000000043 ENSG00000107984 	 1 	 0.1489691 
0000000044 ENSG00000125845 	 1 	 0.1666875 
0000000008 ENSG00000187266 	 0 	 0.1843016 
0000000020 ENSG00000162688 	 0 	 0.7886977 
0000000021 ENSG00000163661 	 0 	 0.001773674 
0000000023 ENSG00000170191 	 0 	 0.04929905 
0000000024 ENSG00000170027 	 0 	 0.8600954 
0000000030 ENSG00000184574 	 0 	 0.188666 
0000000032 ENSG00000262814 	 0 	 0.1228141 
0000000033 ENSG00000196812 	 0 	 0.04520098 
0000000039 ENSG00000148737 	 0 	 0.08446243 
0000000043 ENSG00000173726 	 0 	 0.2147207 
0000000048 ENSG00000117133 	 0 	 0.02406924 
0000000049 ENSG00000086015 	 0 	 0.06478723 
0000000050 ENSG00000133678 	 0 	 0.001078892 
0000000051 ENSG00000171453 	 0 	 0.0114889 
0000000056 ENSG00000204435 	 0 	 0.2803965 
0000000057 ENSG00000147117 	 0 	 0.1099312 
0000000058 ENSG00000134461 	 0 	 0.1250593 
0000000061 ENSG00000155719 	 0 	 0.09785998 
0000000071 ENSG00000140465 	 0 	 0.237959 
0000000072 ENSG00000099250 	 0 	 0.09149519 
0000000073 ENSG00000165995 	 0 	 0.06406748 
0000000078 ENSG00000100150 	 0 	 0.05123889 
0000000080 ENSG00000115687 	 0 	 0.09712635 
0000000085 ENSG00000151651 	 0 	 0.07788995 
0000000086 ENSG00000171853 	 0 	 0.05959259 
0000000093 ENSG00000126001 	 0 	 0.1142851 
0000000094 ENSG00000106012 	 0 	 0.07627682 
0000000101 ENSG00000115368 	 0 	 0.1042698 
0000000105 ENSG00000100142 	 0 	 0.1436668 
0000000107 ENSG00000019991 	 0 	 0.1024522 
0000000108 ENSG00000198125 	 0 	 0.08753448 
0000000117 ENSG00000135749 	 0 	 0.1154731 
0000000118 ENSG00000171509 	 0 	 0.09115254 
0000000120 ENSG00000049249 	 0 	 0.09110822 
0000000122 ENSG00000148335 	 0 	 0.2736751 
0000000124 ENSG00000205981 	 0 	 0.0009787311 
0000000126 ENSG00000058056 	 0 	 0.09109903 
0000000127 ENSG00000170365 	 0 	 0.1614813 
0000000128 ENSG00000175575 	 0 	 0.05109993 
0000000133 ENSG00000163864 	 0 	 0.09105214 
0000000137 ENSG00000164270 	 0 	 0.09107121 
0000000140 ENSG00000070081 	 0 	 0.0896941 
0000000142 ENSG00000169224 	 0 	 0.09128992 
0000000144 ENSG00000214063 	 0 	 0.1078564 
0000000145 ENSG00000178764 	 0 	 0.08749083 
0000000152 ENSG00000139132 	 0 	 0.07349138 
0000000154 ENSG00000011465 	 0 	 0.03312535 
0000000155 ENSG00000111237 	 0 	 0.01055106 
0000000157 ENSG00000111785 	 0 	 0.08697329 
0000000158 ENSG00000054654 	 0 	 0.1018085 
0000000160 ENSG00000140043 	 0 	 0.220556 
0000000164 ENSG00000182718 	 0 	 0.07878389 
0000000166 ENSG00000137831 	 0 	 0.3587919 
0000000172 ENSG00000129195 	 0 	 0.09057065 
0000000173 ENSG00000079432 	 0 	 0.6703351 
0000000174 ENSG00000085644 	 0 	 0.09128992 
0000000178 ENSG00000153391 	 0 	 0.185017 
