# Prediction results for:	 GO:0042129 
# Model used:	 group_lasso 
# ROC AUC score:	 0.5979911 
# All tissues were included
# Best penalty parameter (CV): 0.9445195 
# tissue	 1 	 5 
# tissue	 2 	 5 
# tissue	 3 	 5 
# tissue	 4 	 5 
# tissue	 5 	 5 
# tissue	 6 	 5 
# tissue	 7 	 5 
# tissue	 8 	 5 
# tissue	 9 	 5 
# tissue	 10 	 5 
# tissue	 11 	 5 
# tissue	 12 	 5 
# tissue	 13 	 5 
# tissue	 14 	 5 
# tissue	 15 	 5 
# tissue	 16 	 5 
# tissue	 17 	 5 
# tissue	 18 	 5 
# tissue	 19 	 5 
# tissue	 20 	 5 
# tissue	 21 	 5 
# tissue	 22 	 5 
# tissue	 23 	 5 
# tissue	 24 	 5 
# tissue	 25 	 5 
# tissue	 26 	 5 
# tissue	 27 	 5 
# tissue	 28 	 5 
# tissue	 29 	 5 
# tissue	 30 	 5 
# tissue	 31 	 5 
# tissue	 32 	 5 
# tissue	 33 	 5 
# tissue	 34 	 5 
# tissue	 35 	 5 
# tissue	 36 	 5 
# tissue	 37 	 5 
# tissue	 38 	 5 
# tissue	 39 	 5 
# tissue	 40 	 5 
# tissue	 41 	 5 
# tissue	 42 	 5 
# tissue	 43 	 5 
# tissue	 44 	 5 
# tissue	 45 	 5 
# tissue	 46 	 5 
# tissue	 47 	 5 
# tissue	 48 	 5 
# tissue	 49 	 5 
# tissue	 50 	 5 
# tissue	 51 	 5 
# tissue	 52 	 5 
# tissue	 53 	 5 
# Coefficients:
1 	 -0.0004130522 
1 	 0.006509937 
1 	 -0.03385403 
1 	 0.001855231 
1 	 0.01395796 
2 	 0 
2 	 0 
2 	 0 
2 	 0 
2 	 0 
3 	 0 
3 	 0 
3 	 0 
3 	 0 
3 	 0 
4 	 0.01518744 
4 	 -0.2754618 
4 	 -0.1680973 
4 	 -0.3605374 
4 	 0.268116 
5 	 0 
5 	 0 
5 	 0 
5 	 0 
5 	 0 
6 	 0 
6 	 0 
6 	 0 
6 	 0 
6 	 0 
7 	 0.005041527 
7 	 -0.08313317 
7 	 -0.135241 
7 	 -0.1805046 
7 	 -0.2065247 
8 	 -0.0007043453 
8 	 -0.05253085 
8 	 0.001862158 
8 	 0.01551598 
8 	 -0.1554746 
9 	 0.0007381739 
9 	 -0.008985221 
9 	 0.009845491 
9 	 -0.003927724 
9 	 -0.005699799 
10 	 0.004912966 
10 	 0.09958891 
10 	 0.02382647 
10 	 0.003856956 
10 	 -0.000442432 
11 	 0 
11 	 0 
11 	 0 
11 	 0 
11 	 0 
12 	 0 
12 	 0 
12 	 0 
12 	 0 
12 	 0 
13 	 0 
13 	 0 
13 	 0 
13 	 0 
13 	 0 
14 	 0.0009072735 
14 	 0.1708909 
14 	 0.01580622 
14 	 -0.008438719 
14 	 0.170312 
15 	 -0.06884054 
15 	 0.3400501 
15 	 -0.2337969 
15 	 0.01846831 
15 	 0.2878671 
16 	 -0.004834794 
16 	 -0.02310926 
16 	 -0.06421614 
16 	 0.04929737 
16 	 -0.002753172 
17 	 0.02078487 
17 	 -0.00856885 
17 	 -0.02486869 
17 	 0.2645516 
17 	 -0.7299028 
18 	 0.02736703 
18 	 -0.1624326 
18 	 -0.1660209 
18 	 -0.08863837 
18 	 1.089351 
19 	 0.001917085 
19 	 0.02180557 
19 	 -0.007375831 
19 	 0.1583408 
19 	 -0.2627865 
20 	 0 
20 	 0 
20 	 0 
20 	 0 
20 	 0 
21 	 0 
21 	 0 
21 	 0 
21 	 0 
21 	 0 
22 	 -0.0001462748 
22 	 -0.001195619 
22 	 0.01431358 
22 	 -0.001296264 
22 	 0.009125294 
23 	 0 
23 	 0 
23 	 0 
23 	 0 
23 	 0 
24 	 0.003202144 
24 	 0.01395096 
24 	 -0.01445509 
24 	 0.03301927 
24 	 0.1572839 
25 	 0.03275204 
25 	 0.1141105 
25 	 0.08864052 
25 	 0.5322982 
25 	 -0.5381668 
26 	 0 
26 	 0 
26 	 0 
26 	 0 
26 	 0 
27 	 0 
27 	 0 
27 	 0 
27 	 0 
27 	 0 
28 	 0.04445166 
28 	 0.03943416 
28 	 -0.1815071 
28 	 -0.8860446 
28 	 -0.7841194 
29 	 0.03000986 
29 	 -0.372737 
29 	 0.2597778 
29 	 0.4762187 
29 	 0.8960141 
30 	 -0.0236107 
30 	 0.1703627 
30 	 -0.05090385 
30 	 -0.02722184 
30 	 -0.06201554 
31 	 0.01298723 
31 	 0.1152216 
31 	 0.005311581 
31 	 0.1390054 
31 	 -0.5937182 
32 	 0.000553533 
32 	 -0.1345719 
32 	 0.0727284 
32 	 0.2091631 
32 	 0.03458456 
33 	 0 
33 	 0 
33 	 0 
33 	 0 
33 	 0 
34 	 0.00742883 
34 	 0.07040984 
34 	 0.2219355 
34 	 -0.117873 
34 	 0.2143769 
35 	 0.002043795 
35 	 -0.1720926 
35 	 -0.2279968 
35 	 -0.1069396 
35 	 -0.2121221 
36 	 0.005958488 
36 	 0.00400604 
36 	 -0.002965905 
36 	 -0.02149952 
36 	 -0.1293021 
37 	 -0.01412252 
37 	 -0.6240707 
37 	 0.5390588 
37 	 -0.07699728 
37 	 0.3978165 
38 	 0.02568492 
38 	 0.3060899 
38 	 -0.404614 
38 	 0.2671508 
38 	 0.01983341 
39 	 6.080742e-05 
39 	 0.006559432 
39 	 0.01080003 
39 	 -0.008757526 
39 	 0.01985151 
40 	 0 
40 	 0 
40 	 0 
40 	 0 
40 	 0 
41 	 0.007400115 
41 	 0.1836001 
41 	 0.1454781 
41 	 -0.04448843 
41 	 -0.0532204 
42 	 -0.01156438 
42 	 -0.1435402 
42 	 -0.5156537 
42 	 0.6600624 
42 	 -0.910584 
43 	 0.006464366 
43 	 0.06364972 
43 	 -0.02918597 
43 	 -0.1188832 
43 	 -0.1195113 
44 	 0.03504302 
44 	 -0.1208641 
44 	 0.09411711 
44 	 0.3424192 
44 	 0.03185894 
45 	 0.004254079 
45 	 0.02747401 
45 	 0.04509973 
45 	 -0.02621187 
45 	 0.1458392 
46 	 0 
46 	 0 
46 	 0 
46 	 0 
46 	 0 
47 	 0 
47 	 0 
47 	 0 
47 	 0 
47 	 0 
48 	 0 
48 	 0 
48 	 0 
48 	 0 
48 	 0 
49 	 -0.008189019 
49 	 -0.009032013 
49 	 0.02208444 
49 	 -0.2499337 
49 	 -0.02721072 
50 	 0.03801302 
50 	 0.1739683 
50 	 0.1654639 
50 	 -0.5794307 
50 	 -1.57638 
51 	 0 
51 	 0 
51 	 0 
51 	 0 
51 	 0 
52 	 0 
52 	 0 
52 	 0 
52 	 0 
52 	 0 
53 	 0.004314333 
53 	 -0.08983186 
53 	 0.04106179 
53 	 -0.0238957 
53 	 -0.03170098 
# Gene ID	Label	Prediction
0000000003 ENSG00000090659 	 1 	 0.1532894 
0000000004 ENSG00000129465 	 1 	 0.2826077 
0000000005 ENSG00000105205 	 1 	 0.8559683 
0000000008 ENSG00000110944 	 1 	 0.28634 
0000000012 ENSG00000115457 	 1 	 0.009712574 
0000000013 ENSG00000125347 	 1 	 0.8303887 
0000000014 ENSG00000125378 	 1 	 0.0645858 
0000000015 ENSG00000125657 	 1 	 0.8459524 
0000000017 ENSG00000131981 	 1 	 0.3004409 
0000000018 ENSG00000135046 	 1 	 0.9917358 
0000000020 ENSG00000136244 	 1 	 0.9773294 
0000000023 ENSG00000115085 	 1 	 0.7060395 
0000000030 ENSG00000163501 	 1 	 0.00642563 
0000000031 ENSG00000146072 	 1 	 0.3961976 
0000000032 ENSG00000164690 	 1 	 0.05714217 
0000000035 ENSG00000168071 	 1 	 0.3559515 
0000000036 ENSG00000168961 	 1 	 0.1604549 
0000000045 ENSG00000196352 	 1 	 0.9794321 
0000000047 ENSG00000096996 	 1 	 0.8887495 
0000000049 ENSG00000178562 	 1 	 0.9608215 
0000000050 ENSG00000104972 	 1 	 0.9515188 
0000000052 ENSG00000188372 	 1 	 0.05167905 
0000000064 ENSG00000198851 	 1 	 0.9719851 
0000000067 ENSG00000158473 	 1 	 0.5902767 
0000000068 ENSG00000174842 	 1 	 0.006851865 
0000000069 ENSG00000102245 	 1 	 0.1286993 
0000000074 ENSG00000206503 	 1 	 0.9988656 
0000000076 ENSG00000167244 	 1 	 0.1524065 
0000000079 ENSG00000120337 	 1 	 0.1892113 
0000000082 ENSG00000105639 	 1 	 0.9484553 
0000000003 ENSG00000091947 	 0 	 0.07504386 
0000000004 ENSG00000100522 	 0 	 0.01211585 
0000000005 ENSG00000100558 	 0 	 0.01904861 
0000000006 ENSG00000104381 	 0 	 0.0005154236 
0000000007 ENSG00000129292 	 0 	 0.1682563 
0000000011 ENSG00000080345 	 0 	 0.1094148 
0000000012 ENSG00000124587 	 0 	 0.01896857 
0000000013 ENSG00000125255 	 0 	 0.02358884 
0000000019 ENSG00000141002 	 0 	 0.2051413 
0000000020 ENSG00000138640 	 0 	 0.05957286 
0000000024 ENSG00000140022 	 0 	 0.1522558 
0000000027 ENSG00000144230 	 0 	 0.02035226 
0000000028 ENSG00000147251 	 0 	 0.1990292 
0000000029 ENSG00000150768 	 0 	 0.2098395 
0000000030 ENSG00000151117 	 0 	 0.04245196 
0000000032 ENSG00000116001 	 0 	 0.0007740534 
0000000033 ENSG00000152936 	 0 	 0.07409486 
0000000041 ENSG00000162702 	 0 	 0.2540991 
0000000042 ENSG00000115041 	 0 	 0.00345032 
0000000047 ENSG00000173926 	 0 	 0.6213806 
0000000050 ENSG00000178934 	 0 	 0.1669638 
0000000052 ENSG00000143924 	 0 	 0.01771213 
0000000053 ENSG00000012504 	 0 	 0.0545447 
0000000055 ENSG00000105204 	 0 	 0.0008307653 
0000000073 ENSG00000161405 	 0 	 0.114274 
0000000074 ENSG00000168214 	 0 	 0.1420818 
0000000083 ENSG00000198216 	 0 	 0.1514183 
0000000086 ENSG00000198718 	 0 	 0.08013822 
0000000089 ENSG00000143776 	 0 	 0.4019095 
0000000094 ENSG00000112249 	 0 	 0.02648308 
0000000097 ENSG00000085998 	 0 	 0.002356048 
0000000099 ENSG00000160271 	 0 	 0.4310901 
0000000106 ENSG00000242616 	 0 	 0.01539144 
0000000107 ENSG00000117640 	 0 	 0.108761 
0000000108 ENSG00000117640 	 0 	 0.03531299 
0000000111 ENSG00000204310 	 0 	 0.001229012 
0000000112 ENSG00000117122 	 0 	 0.006738187 
0000000116 ENSG00000183098 	 0 	 0.2691038 
0000000117 ENSG00000019582 	 0 	 0.9245719 
0000000118 ENSG00000152465 	 0 	 0.2443321 
0000000120 ENSG00000111802 	 0 	 0.0148125 
0000000123 ENSG00000109381 	 0 	 0.1277466 
0000000124 ENSG00000133083 	 0 	 0.1732404 
0000000127 ENSG00000164985 	 0 	 0.009518251 
0000000128 ENSG00000006756 	 0 	 0.0002844985 
0000000132 ENSG00000211668 	 0 	 0.9991647 
0000000133 ENSG00000211904 	 0 	 0.1362329 
0000000137 ENSG00000188687 	 0 	 0.1392535 
0000000139 ENSG00000015479 	 0 	 0.006045631 
0000000141 ENSG00000149179 	 0 	 0.02226431 
0000000142 ENSG00000106268 	 0 	 0.1292723 
0000000145 ENSG00000172794 	 0 	 0.1284681 
0000000148 ENSG00000093010 	 0 	 0.05339082 
0000000153 ENSG00000177409 	 0 	 0.8264559 
0000000156 ENSG00000013374 	 0 	 0.1216422 
0000000157 ENSG00000143727 	 0 	 0.008544775 
0000000158 ENSG00000091831 	 0 	 0.152425 
0000000161 ENSG00000204580 	 0 	 0.1412377 
0000000164 ENSG00000106100 	 0 	 0.08237878 
0000000168 ENSG00000149273 	 0 	 0.9485815 
0000000170 ENSG00000184154 	 0 	 0.2114363 
0000000173 ENSG00000106336 	 0 	 0.2106996 
0000000175 ENSG00000158856 	 0 	 0.02478903 
0000000178 ENSG00000196083 	 0 	 0.1527418 
0000000179 ENSG00000215021 	 0 	 0.1521449 
0000000184 ENSG00000112290 	 0 	 0.07391865 
0000000192 ENSG00000164815 	 0 	 0.1507376 
0000000193 ENSG00000162374 	 0 	 0.09195076 
0000000205 ENSG00000152952 	 0 	 0.277347 
0000000209 ENSG00000126768 	 0 	 0.03146453 
0000000211 ENSG00000028310 	 0 	 0.1926521 
0000000212 ENSG00000090621 	 0 	 0.3622797 
0000000214 ENSG00000171735 	 0 	 0.06410638 
0000000215 ENSG00000106526 	 0 	 0.1518099 
0000000216 ENSG00000163512 	 0 	 0.06374569 
0000000218 ENSG00000073111 	 0 	 0.1495783 
0000000222 ENSG00000154917 	 0 	 0.142725 
0000000225 ENSG00000163728 	 0 	 0.1729485 
0000000228 ENSG00000138031 	 0 	 0.03395251 
0000000232 ENSG00000112874 	 0 	 0.1066099 
0000000235 ENSG00000082074 	 0 	 0.1460745 
0000000238 ENSG00000205302 	 0 	 0.1299403 
0000000239 ENSG00000118777 	 0 	 0.01649836 
0000000247 ENSG00000136002 	 0 	 0.006376134 
0000000250 ENSG00000255245 	 0 	 0.1524221 
0000000259 ENSG00000100722 	 0 	 0.06082088 
0000000260 ENSG00000140254 	 0 	 0.1556031 
0000000280 ENSG00000104814 	 0 	 0.1477171 
0000000281 ENSG00000105063 	 0 	 0.08960903 
0000000282 ENSG00000178093 	 0 	 0.0438701 
0000000285 ENSG00000072958 	 0 	 0.1345678 
0000000287 ENSG00000167685 	 0 	 0.001219733 
