# Prediction results for:	 GO:0016202 
# Model used:	 group_lasso 
# ROC AUC score:	 0.5603741 
# All tissues were included
# Best penalty parameter (CV): 6.008826 
# tissue	 1 	 5 
# tissue	 2 	 5 
# tissue	 3 	 5 
# tissue	 4 	 5 
# tissue	 5 	 5 
# tissue	 6 	 5 
# tissue	 7 	 5 
# tissue	 8 	 5 
# tissue	 9 	 5 
# tissue	 10 	 5 
# tissue	 11 	 5 
# tissue	 12 	 5 
# tissue	 13 	 5 
# tissue	 14 	 5 
# tissue	 15 	 5 
# tissue	 16 	 5 
# tissue	 17 	 5 
# tissue	 18 	 5 
# tissue	 19 	 5 
# tissue	 20 	 5 
# tissue	 21 	 5 
# tissue	 22 	 5 
# tissue	 23 	 5 
# tissue	 24 	 5 
# tissue	 25 	 5 
# tissue	 26 	 5 
# tissue	 27 	 5 
# tissue	 28 	 5 
# tissue	 29 	 5 
# tissue	 30 	 5 
# tissue	 31 	 5 
# tissue	 32 	 5 
# tissue	 33 	 5 
# tissue	 34 	 5 
# tissue	 35 	 5 
# tissue	 36 	 5 
# tissue	 37 	 5 
# tissue	 38 	 5 
# tissue	 39 	 5 
# tissue	 40 	 5 
# tissue	 41 	 5 
# tissue	 42 	 5 
# tissue	 43 	 5 
# tissue	 44 	 5 
# tissue	 45 	 5 
# tissue	 46 	 5 
# tissue	 47 	 5 
# tissue	 48 	 5 
# tissue	 49 	 5 
# tissue	 50 	 5 
# tissue	 51 	 5 
# tissue	 52 	 5 
# tissue	 53 	 5 
# Coefficients:
1 	 0 
1 	 0 
1 	 0 
1 	 0 
1 	 0 
2 	 0 
2 	 0 
2 	 0 
2 	 0 
2 	 0 
3 	 0 
3 	 0 
3 	 0 
3 	 0 
3 	 0 
4 	 0 
4 	 0 
4 	 0 
4 	 0 
4 	 0 
5 	 0 
5 	 0 
5 	 0 
5 	 0 
5 	 0 
6 	 0 
6 	 0 
6 	 0 
6 	 0 
6 	 0 
7 	 0 
7 	 0 
7 	 0 
7 	 0 
7 	 0 
8 	 0 
8 	 0 
8 	 0 
8 	 0 
8 	 0 
9 	 0 
9 	 0 
9 	 0 
9 	 0 
9 	 0 
10 	 0 
10 	 0 
10 	 0 
10 	 0 
10 	 0 
11 	 0 
11 	 0 
11 	 0 
11 	 0 
11 	 0 
12 	 0 
12 	 0 
12 	 0 
12 	 0 
12 	 0 
13 	 0 
13 	 0 
13 	 0 
13 	 0 
13 	 0 
14 	 0 
14 	 0 
14 	 0 
14 	 0 
14 	 0 
15 	 0 
15 	 0 
15 	 0 
15 	 0 
15 	 0 
16 	 0 
16 	 0 
16 	 0 
16 	 0 
16 	 0 
17 	 0 
17 	 0 
17 	 0 
17 	 0 
17 	 0 
18 	 0 
18 	 0 
18 	 0 
18 	 0 
18 	 0 
19 	 0 
19 	 0 
19 	 0 
19 	 0 
19 	 0 
20 	 0 
20 	 0 
20 	 0 
20 	 0 
20 	 0 
21 	 0 
21 	 0 
21 	 0 
21 	 0 
21 	 0 
22 	 0 
22 	 0 
22 	 0 
22 	 0 
22 	 0 
23 	 0 
23 	 0 
23 	 0 
23 	 0 
23 	 0 
24 	 0 
24 	 0 
24 	 0 
24 	 0 
24 	 0 
25 	 0 
25 	 0 
25 	 0 
25 	 0 
25 	 0 
26 	 0 
26 	 0 
26 	 0 
26 	 0 
26 	 0 
27 	 0 
27 	 0 
27 	 0 
27 	 0 
27 	 0 
28 	 0 
28 	 0 
28 	 0 
28 	 0 
28 	 0 
29 	 0.001815223 
29 	 -0.01015757 
29 	 -0.01119911 
29 	 0.1874652 
29 	 0.06864209 
30 	 0 
30 	 0 
30 	 0 
30 	 0 
30 	 0 
31 	 -0.003070318 
31 	 0.1624225 
31 	 -0.1527645 
31 	 -0.1033715 
31 	 0.06599105 
32 	 -0.001037011 
32 	 0.0108788 
32 	 0.01203821 
32 	 -0.01302 
32 	 0.03554451 
33 	 0 
33 	 0 
33 	 0 
33 	 0 
33 	 0 
34 	 0 
34 	 0 
34 	 0 
34 	 0 
34 	 0 
35 	 0 
35 	 0 
35 	 0 
35 	 0 
35 	 0 
36 	 0 
36 	 0 
36 	 0 
36 	 0 
36 	 0 
37 	 0 
37 	 0 
37 	 0 
37 	 0 
37 	 0 
38 	 0 
38 	 0 
38 	 0 
38 	 0 
38 	 0 
39 	 0 
39 	 0 
39 	 0 
39 	 0 
39 	 0 
40 	 0 
40 	 0 
40 	 0 
40 	 0 
40 	 0 
41 	 0 
41 	 0 
41 	 0 
41 	 0 
41 	 0 
42 	 0 
42 	 0 
42 	 0 
42 	 0 
42 	 0 
43 	 0 
43 	 0 
43 	 0 
43 	 0 
43 	 0 
44 	 0 
44 	 0 
44 	 0 
44 	 0 
44 	 0 
45 	 0 
45 	 0 
45 	 0 
45 	 0 
45 	 0 
46 	 0 
46 	 0 
46 	 0 
46 	 0 
46 	 0 
47 	 0 
47 	 0 
47 	 0 
47 	 0 
47 	 0 
48 	 0 
48 	 0 
48 	 0 
48 	 0 
48 	 0 
49 	 0 
49 	 0 
49 	 0 
49 	 0 
49 	 0 
50 	 0 
50 	 0 
50 	 0 
50 	 0 
50 	 0 
51 	 0 
51 	 0 
51 	 0 
51 	 0 
51 	 0 
52 	 0 
52 	 0 
52 	 0 
52 	 0 
52 	 0 
53 	 0 
53 	 0 
53 	 0 
53 	 0 
53 	 0 
# Gene ID	Label	Prediction
0000000003 ENSG00000100625 	 1 	 0.1054661 
0000000005 ENSG00000105723 	 1 	 0.1478538 
0000000009 ENSG00000121068 	 1 	 0.3183645 
0000000011 ENSG00000125266 	 1 	 0.2030423 
0000000013 ENSG00000129152 	 1 	 0.1867727 
0000000015 ENSG00000178568 	 1 	 0.1399936 
0000000016 ENSG00000138379 	 1 	 0.1461538 
0000000019 ENSG00000138795 	 1 	 0.1492408 
0000000020 ENSG00000145794 	 1 	 0.1500275 
0000000025 ENSG00000157168 	 1 	 0.1641964 
0000000028 ENSG00000174738 	 1 	 0.1629271 
0000000031 ENSG00000184058 	 1 	 0.1409335 
0000000034 ENSG00000066468 	 1 	 0.1397417 
0000000036 ENSG00000168214 	 1 	 0.1399936 
0000000038 ENSG00000139174 	 1 	 0.1570164 
0000000039 ENSG00000078900 	 1 	 0.1384683 
0000000040 ENSG00000196531 	 1 	 0.1193589 
0000000042 ENSG00000138207 	 1 	 0.2058312 
0000000047 ENSG00000105887 	 1 	 0.1639409 
0000000048 ENSG00000100201 	 1 	 0.2145876 
0000000049 ENSG00000172046 	 1 	 0.1732905 
0000000051 ENSG00000164532 	 1 	 0.1453545 
0000000005 ENSG00000184117 	 0 	 0.1409635 
0000000011 ENSG00000136802 	 0 	 0.1483757 
0000000013 ENSG00000187720 	 0 	 0.1241558 
0000000027 ENSG00000132185 	 0 	 0.1436476 
0000000028 ENSG00000163357 	 0 	 0.1400033 
0000000031 ENSG00000170209 	 0 	 0.1416798 
0000000036 ENSG00000172531 	 0 	 0.1298512 
0000000037 ENSG00000120616 	 0 	 0.1496388 
0000000039 ENSG00000164363 	 0 	 0.1399936 
0000000045 ENSG00000165240 	 0 	 0.141814 
0000000047 ENSG00000179603 	 0 	 0.135008 
0000000050 ENSG00000144891 	 0 	 0.15867 
0000000052 ENSG00000088876 	 0 	 0.1399936 
0000000054 ENSG00000138162 	 0 	 0.1399936 
0000000057 ENSG00000171798 	 0 	 0.1181111 
0000000060 ENSG00000162437 	 0 	 0.1272309 
0000000061 ENSG00000204010 	 0 	 0.1405852 
0000000063 ENSG00000062598 	 0 	 0.1439079 
0000000068 ENSG00000197558 	 0 	 0.1402375 
0000000069 ENSG00000152463 	 0 	 0.1363231 
0000000072 ENSG00000092470 	 0 	 0.1618848 
0000000077 ENSG00000168385 	 0 	 0.1390477 
0000000080 ENSG00000172020 	 0 	 0.1405823 
0000000085 ENSG00000161016 	 0 	 0.1408469 
0000000086 ENSG00000106701 	 0 	 0.1411597 
0000000091 ENSG00000180979 	 0 	 0.150166 
0000000094 ENSG00000160226 	 0 	 0.1435589 
0000000095 ENSG00000164393 	 0 	 0.1521984 
0000000102 ENSG00000232388 	 0 	 0.1644947 
0000000104 ENSG00000134077 	 0 	 0.1390806 
0000000107 ENSG00000093134 	 0 	 0.1348993 
0000000108 ENSG00000163482 	 0 	 0.1606207 
0000000114 ENSG00000173559 	 0 	 0.1417647 
0000000119 ENSG00000114867 	 0 	 0.09975093 
0000000126 ENSG00000197114 	 0 	 0.157275 
0000000133 ENSG00000153002 	 0 	 0.1399936 
0000000135 ENSG00000196136 	 0 	 0.1147302 
0000000136 ENSG00000137171 	 0 	 0.1398144 
0000000141 ENSG00000181788 	 0 	 0.139901 
0000000142 ENSG00000136247 	 0 	 0.1436334 
0000000143 ENSG00000189367 	 0 	 0.1823254 
0000000144 ENSG00000174776 	 0 	 0.1339233 
0000000147 ENSG00000049883 	 0 	 0.1624448 
0000000148 ENSG00000204628 	 0 	 0.1488734 
0000000149 ENSG00000204179 	 0 	 0.1399936 
0000000150 ENSG00000172262 	 0 	 0.1399902 
0000000161 ENSG00000066827 	 0 	 0.151252 
0000000164 ENSG00000159063 	 0 	 0.136505 
0000000169 ENSG00000011677 	 0 	 0.1399936 
0000000173 ENSG00000141639 	 0 	 0.1389027 
0000000177 ENSG00000152556 	 0 	 0.1414949 
0000000180 ENSG00000021645 	 0 	 0.1400138 
0000000181 ENSG00000092199 	 0 	 0.1447834 
0000000189 ENSG00000273025 	 0 	 0.1399936 
0000000192 ENSG00000217930 	 0 	 0.175485 
0000000193 ENSG00000108375 	 0 	 0.145767 
0000000194 ENSG00000131748 	 0 	 0.1393152 
0000000195 ENSG00000176658 	 0 	 0.1399936 
0000000198 ENSG00000101746 	 0 	 0.1440457 
0000000204 ENSG00000074219 	 0 	 0.1977506 
0000000206 ENSG00000269242 	 0 	 0.1725971 
0000000209 ENSG00000128513 	 0 	 0.1450414 
