# Prediction results for:	 GO:0051153 
# Model used:	 group_lasso 
# ROC AUC score:	 0.5921778 
# All tissues were included
# Best penalty parameter (CV): 1.430147 
# tissue	 1 	 5 
# tissue	 2 	 5 
# tissue	 3 	 5 
# tissue	 4 	 5 
# tissue	 5 	 5 
# tissue	 6 	 5 
# tissue	 7 	 5 
# tissue	 8 	 5 
# tissue	 9 	 5 
# tissue	 10 	 5 
# tissue	 11 	 5 
# tissue	 12 	 5 
# tissue	 13 	 5 
# tissue	 14 	 5 
# tissue	 15 	 5 
# tissue	 16 	 5 
# tissue	 17 	 5 
# tissue	 18 	 5 
# tissue	 19 	 5 
# tissue	 20 	 5 
# tissue	 21 	 5 
# tissue	 22 	 5 
# tissue	 23 	 5 
# tissue	 24 	 5 
# tissue	 25 	 5 
# tissue	 26 	 5 
# tissue	 27 	 5 
# tissue	 28 	 5 
# tissue	 29 	 5 
# tissue	 30 	 5 
# tissue	 31 	 5 
# tissue	 32 	 5 
# tissue	 33 	 5 
# tissue	 34 	 5 
# tissue	 35 	 5 
# tissue	 36 	 5 
# tissue	 37 	 5 
# tissue	 38 	 5 
# tissue	 39 	 5 
# tissue	 40 	 5 
# tissue	 41 	 5 
# tissue	 42 	 5 
# tissue	 43 	 5 
# tissue	 44 	 5 
# tissue	 45 	 5 
# tissue	 46 	 5 
# tissue	 47 	 5 
# tissue	 48 	 5 
# tissue	 49 	 5 
# tissue	 50 	 5 
# tissue	 51 	 5 
# tissue	 52 	 5 
# tissue	 53 	 5 
# Coefficients:
1 	 0 
1 	 0 
1 	 0 
1 	 0 
1 	 0 
2 	 0.006137854 
2 	 0.0740423 
2 	 0.007891147 
2 	 0.2615038 
2 	 -0.3329279 
3 	 -0.007485391 
3 	 0.1487609 
3 	 -0.03256368 
3 	 -0.1927306 
3 	 -0.01489105 
4 	 0 
4 	 0 
4 	 0 
4 	 0 
4 	 0 
5 	 0 
5 	 0 
5 	 0 
5 	 0 
5 	 0 
6 	 0 
6 	 0 
6 	 0 
6 	 0 
6 	 0 
7 	 -0.004277106 
7 	 -0.02982114 
7 	 -0.1246701 
7 	 0.01367141 
7 	 -0.2357729 
8 	 0 
8 	 0 
8 	 0 
8 	 0 
8 	 0 
9 	 0 
9 	 0 
9 	 0 
9 	 0 
9 	 0 
10 	 0 
10 	 0 
10 	 0 
10 	 0 
10 	 0 
11 	 0.002623836 
11 	 0.1639449 
11 	 -0.1646286 
11 	 -0.1163225 
11 	 0.5861746 
12 	 0 
12 	 0 
12 	 0 
12 	 0 
12 	 0 
13 	 0 
13 	 0 
13 	 0 
13 	 0 
13 	 0 
14 	 0 
14 	 0 
14 	 0 
14 	 0 
14 	 0 
15 	 0 
15 	 0 
15 	 0 
15 	 0 
15 	 0 
16 	 0.004903357 
16 	 -0.05392888 
16 	 0.06661676 
16 	 0.0212306 
16 	 -0.2147939 
17 	 -0.08569003 
17 	 -0.2478977 
17 	 -0.2863479 
17 	 1.34889 
17 	 0.4786491 
18 	 -0.001345146 
18 	 0.09100426 
18 	 0.1195788 
18 	 -0.2211688 
18 	 0.2973394 
19 	 0 
19 	 0 
19 	 0 
19 	 0 
19 	 0 
20 	 0 
20 	 0 
20 	 0 
20 	 0 
20 	 0 
21 	 0 
21 	 0 
21 	 0 
21 	 0 
21 	 0 
22 	 -0.004806973 
22 	 -0.03309847 
22 	 0.1616942 
22 	 0.1684897 
22 	 0.1664434 
23 	 0 
23 	 0 
23 	 0 
23 	 0 
23 	 0 
24 	 0.0003174541 
24 	 -0.005913821 
24 	 -0.03031707 
24 	 0.08005625 
24 	 0.07519776 
25 	 0 
25 	 0 
25 	 0 
25 	 0 
25 	 0 
26 	 0 
26 	 0 
26 	 0 
26 	 0 
26 	 0 
27 	 -0.002404284 
27 	 -0.01227975 
27 	 0.05104054 
27 	 -0.07890866 
27 	 0.2795448 
28 	 0 
28 	 0 
28 	 0 
28 	 0 
28 	 0 
29 	 -0.0004604589 
29 	 -0.009390996 
29 	 0.005965186 
29 	 0.007836296 
29 	 0.01050993 
30 	 0 
30 	 0 
30 	 0 
30 	 0 
30 	 0 
31 	 -0.02860987 
31 	 0.2517543 
31 	 -0.4870202 
31 	 -0.06017485 
31 	 -0.01386621 
32 	 -0.01309108 
32 	 0.1394419 
32 	 0.1552503 
32 	 -0.05115411 
32 	 0.02603746 
33 	 0 
33 	 0 
33 	 0 
33 	 0 
33 	 0 
34 	 0.001310971 
34 	 -0.01614403 
34 	 -0.07688057 
34 	 0.07957265 
34 	 0.1033909 
35 	 0 
35 	 0 
35 	 0 
35 	 0 
35 	 0 
36 	 0 
36 	 0 
36 	 0 
36 	 0 
36 	 0 
37 	 0 
37 	 0 
37 	 0 
37 	 0 
37 	 0 
38 	 0 
38 	 0 
38 	 0 
38 	 0 
38 	 0 
39 	 -0.002389907 
39 	 -0.01195248 
39 	 0.1465318 
39 	 -0.3347584 
39 	 0.1084217 
40 	 -0.0006432997 
40 	 0.02476967 
40 	 0.03319208 
40 	 0.01604744 
40 	 -0.03114057 
41 	 0 
41 	 0 
41 	 0 
41 	 0 
41 	 0 
42 	 0 
42 	 0 
42 	 0 
42 	 0 
42 	 0 
43 	 0 
43 	 0 
43 	 0 
43 	 0 
43 	 0 
44 	 0.01455186 
44 	 0.003134937 
44 	 -0.1407048 
44 	 -0.3397121 
44 	 1.053257 
45 	 0.00319736 
45 	 -0.1120322 
45 	 0.02832358 
45 	 -0.06906083 
45 	 -0.01244471 
46 	 0 
46 	 0 
46 	 0 
46 	 0 
46 	 0 
47 	 0 
47 	 0 
47 	 0 
47 	 0 
47 	 0 
48 	 0 
48 	 0 
48 	 0 
48 	 0 
48 	 0 
49 	 -0.001758593 
49 	 -0.0325551 
49 	 -0.04690043 
49 	 0.07360359 
49 	 -0.03771801 
50 	 0.0006791798 
50 	 -0.007780014 
50 	 0.008762013 
50 	 -0.01646533 
50 	 0.01004652 
51 	 0 
51 	 0 
51 	 0 
51 	 0 
51 	 0 
52 	 6.804203e-05 
52 	 -0.000625479 
52 	 -0.01626759 
52 	 -0.001065989 
52 	 -0.0330348 
53 	 0 
53 	 0 
53 	 0 
53 	 0 
53 	 0 
# Gene ID	Label	Prediction
0000000003 ENSG00000100219 	 1 	 0.02208783 
0000000008 ENSG00000111046 	 1 	 0.8950481 
0000000009 ENSG00000111049 	 1 	 0.2544807 
0000000012 ENSG00000123095 	 1 	 0.5053848 
0000000013 ENSG00000125266 	 1 	 0.551198 
0000000018 ENSG00000024422 	 1 	 0.9902226 
0000000022 ENSG00000151320 	 1 	 0.2211585 
0000000027 ENSG00000163217 	 1 	 0.1026542 
0000000030 ENSG00000157227 	 1 	 0.8706583 
0000000031 ENSG00000180535 	 1 	 0.007192324 
0000000033 ENSG00000110047 	 1 	 0.1299209 
0000000034 ENSG00000183072 	 1 	 0.1676714 
0000000035 ENSG00000184058 	 1 	 0.1096789 
0000000038 ENSG00000182533 	 1 	 0.7502328 
0000000040 ENSG00000068024 	 1 	 0.2194751 
0000000042 ENSG00000170776 	 1 	 0.07765818 
0000000043 ENSG00000107984 	 1 	 0.7694715 
0000000044 ENSG00000125845 	 1 	 0.3601929 
0000000008 ENSG00000132972 	 0 	 0.0271866 
0000000020 ENSG00000169612 	 0 	 0.1422751 
0000000021 ENSG00000168811 	 0 	 0.1193205 
0000000023 ENSG00000106603 	 0 	 0.04324327 
0000000024 ENSG00000152443 	 0 	 0.2335793 
0000000030 ENSG00000186844 	 0 	 0.7264288 
0000000032 ENSG00000162105 	 0 	 0.0966856 
0000000033 ENSG00000188368 	 0 	 0.009326996 
0000000039 ENSG00000134824 	 0 	 0.06976892 
0000000043 ENSG00000075651 	 0 	 0.266463 
0000000048 ENSG00000049247 	 0 	 0.0661029 
0000000049 ENSG00000135773 	 0 	 0.01686874 
0000000050 ENSG00000121851 	 0 	 0.03799816 
0000000051 ENSG00000155366 	 0 	 0.02364685 
0000000056 ENSG00000131269 	 0 	 0.0335386 
0000000057 ENSG00000142920 	 0 	 0.06267075 
0000000058 ENSG00000182866 	 0 	 0.09416691 
0000000061 ENSG00000127472 	 0 	 0.4524845 
0000000071 ENSG00000106976 	 0 	 0.12447 
0000000072 ENSG00000170615 	 0 	 0.09253779 
0000000073 ENSG00000072858 	 0 	 0.03204088 
0000000078 ENSG00000106066 	 0 	 0.1643661 
0000000080 ENSG00000074621 	 0 	 0.07759293 
0000000085 ENSG00000160862 	 0 	 0.05128309 
0000000086 ENSG00000203667 	 0 	 0.03668194 
0000000093 ENSG00000084444 	 0 	 0.1065313 
0000000094 ENSG00000164054 	 0 	 0.091813 
0000000101 ENSG00000182667 	 0 	 0.09039134 
0000000105 ENSG00000186522 	 0 	 0.1289549 
0000000107 ENSG00000114346 	 0 	 0.09677647 
0000000108 ENSG00000065717 	 0 	 0.05490386 
0000000117 ENSG00000187764 	 0 	 0.1077522 
0000000118 ENSG00000198554 	 0 	 0.08716657 
0000000120 ENSG00000130413 	 0 	 0.06501274 
0000000122 ENSG00000198910 	 0 	 0.09205234 
0000000124 ENSG00000082146 	 0 	 0.1452289 
0000000126 ENSG00000163660 	 0 	 0.6391331 
0000000127 ENSG00000154310 	 0 	 0.09604383 
0000000128 ENSG00000114841 	 0 	 0.05646546 
0000000133 ENSG00000143153 	 0 	 0.08587647 
0000000137 ENSG00000186470 	 0 	 0.09286053 
0000000140 ENSG00000156467 	 0 	 0.9071003 
0000000142 ENSG00000006747 	 0 	 0.08602648 
0000000144 ENSG00000118369 	 0 	 0.05626565 
0000000145 ENSG00000154175 	 0 	 0.02030493 
0000000152 ENSG00000066136 	 0 	 0.08516652 
0000000154 ENSG00000143224 	 0 	 0.01470038 
0000000155 ENSG00000174099 	 0 	 0.0921739 
0000000157 ENSG00000118596 	 0 	 0.1204555 
0000000158 ENSG00000094914 	 0 	 0.09662902 
0000000160 ENSG00000087502 	 0 	 0.01227399 
0000000164 ENSG00000176153 	 0 	 0.01499659 
0000000166 ENSG00000184227 	 0 	 0.265678 
0000000172 ENSG00000136381 	 0 	 0.1378855 
0000000173 ENSG00000077235 	 0 	 0.07233204 
0000000174 ENSG00000103528 	 0 	 0.1924617 
0000000178 ENSG00000251247 	 0 	 0.1957294 
