# Prediction results for:	 GO:0050868 
# Model used:	 group_lasso 
# ROC AUC score:	 0.5691198 
# All tissues were included
# Best penalty parameter (CV): 3.477502 
# tissue	 1 	 5 
# tissue	 2 	 5 
# tissue	 3 	 5 
# tissue	 4 	 5 
# tissue	 5 	 5 
# tissue	 6 	 5 
# tissue	 7 	 5 
# tissue	 8 	 5 
# tissue	 9 	 5 
# tissue	 10 	 5 
# tissue	 11 	 5 
# tissue	 12 	 5 
# tissue	 13 	 5 
# tissue	 14 	 5 
# tissue	 15 	 5 
# tissue	 16 	 5 
# tissue	 17 	 5 
# tissue	 18 	 5 
# tissue	 19 	 5 
# tissue	 20 	 5 
# tissue	 21 	 5 
# tissue	 22 	 5 
# tissue	 23 	 5 
# tissue	 24 	 5 
# tissue	 25 	 5 
# tissue	 26 	 5 
# tissue	 27 	 5 
# tissue	 28 	 5 
# tissue	 29 	 5 
# tissue	 30 	 5 
# tissue	 31 	 5 
# tissue	 32 	 5 
# tissue	 33 	 5 
# tissue	 34 	 5 
# tissue	 35 	 5 
# tissue	 36 	 5 
# tissue	 37 	 5 
# tissue	 38 	 5 
# tissue	 39 	 5 
# tissue	 40 	 5 
# tissue	 41 	 5 
# tissue	 42 	 5 
# tissue	 43 	 5 
# tissue	 44 	 5 
# tissue	 45 	 5 
# tissue	 46 	 5 
# tissue	 47 	 5 
# tissue	 48 	 5 
# tissue	 49 	 5 
# tissue	 50 	 5 
# tissue	 51 	 5 
# tissue	 52 	 5 
# tissue	 53 	 5 
# Coefficients:
1 	 0 
1 	 0 
1 	 0 
1 	 0 
1 	 0 
2 	 0 
2 	 0 
2 	 0 
2 	 0 
2 	 0 
3 	 0 
3 	 0 
3 	 0 
3 	 0 
3 	 0 
4 	 0 
4 	 0 
4 	 0 
4 	 0 
4 	 0 
5 	 0 
5 	 0 
5 	 0 
5 	 0 
5 	 0 
6 	 0 
6 	 0 
6 	 0 
6 	 0 
6 	 0 
7 	 0 
7 	 0 
7 	 0 
7 	 0 
7 	 0 
8 	 0 
8 	 0 
8 	 0 
8 	 0 
8 	 0 
9 	 0 
9 	 0 
9 	 0 
9 	 0 
9 	 0 
10 	 0 
10 	 0 
10 	 0 
10 	 0 
10 	 0 
11 	 0 
11 	 0 
11 	 0 
11 	 0 
11 	 0 
12 	 0 
12 	 0 
12 	 0 
12 	 0 
12 	 0 
13 	 0 
13 	 0 
13 	 0 
13 	 0 
13 	 0 
14 	 0 
14 	 0 
14 	 0 
14 	 0 
14 	 0 
15 	 -0.00147081 
15 	 0.01574308 
15 	 -0.03281147 
15 	 0.03262506 
15 	 0.08084525 
16 	 0.0005031783 
16 	 -0.03966412 
16 	 0.06953584 
16 	 0.1147747 
16 	 0.2462677 
17 	 0.0001850894 
17 	 8.49896e-05 
17 	 -5.233933e-05 
17 	 0.01059696 
17 	 -0.0008611557 
18 	 -0.001650561 
18 	 -0.008760233 
18 	 -0.01882405 
18 	 0.2469911 
18 	 -0.2115041 
19 	 0 
19 	 0 
19 	 0 
19 	 0 
19 	 0 
20 	 0 
20 	 0 
20 	 0 
20 	 0 
20 	 0 
21 	 0 
21 	 0 
21 	 0 
21 	 0 
21 	 0 
22 	 0.0004090211 
22 	 -0.0005258704 
22 	 -0.06191636 
22 	 -0.05700383 
22 	 -0.01890493 
23 	 0 
23 	 0 
23 	 0 
23 	 0 
23 	 0 
24 	 -0.0005969915 
24 	 0.01246869 
24 	 0.07067768 
24 	 0.08062048 
24 	 0.1079189 
25 	 0 
25 	 0 
25 	 0 
25 	 0 
25 	 0 
26 	 0 
26 	 0 
26 	 0 
26 	 0 
26 	 0 
27 	 0 
27 	 0 
27 	 0 
27 	 0 
27 	 0 
28 	 0 
28 	 0 
28 	 0 
28 	 0 
28 	 0 
29 	 0 
29 	 0 
29 	 0 
29 	 0 
29 	 0 
30 	 0 
30 	 0 
30 	 0 
30 	 0 
30 	 0 
31 	 0 
31 	 0 
31 	 0 
31 	 0 
31 	 0 
32 	 0 
32 	 0 
32 	 0 
32 	 0 
32 	 0 
33 	 0 
33 	 0 
33 	 0 
33 	 0 
33 	 0 
34 	 0.0004924534 
34 	 0.06072013 
34 	 0.1668091 
34 	 0.09031837 
34 	 0.286121 
35 	 -0.001969591 
35 	 -0.007886283 
35 	 -0.03061915 
35 	 -0.1738628 
35 	 0.03149923 
36 	 0 
36 	 0 
36 	 0 
36 	 0 
36 	 0 
37 	 0 
37 	 0 
37 	 0 
37 	 0 
37 	 0 
38 	 0.002941373 
38 	 0.1163609 
38 	 -0.1461738 
38 	 0.1364887 
38 	 0.02201879 
39 	 0 
39 	 0 
39 	 0 
39 	 0 
39 	 0 
40 	 0 
40 	 0 
40 	 0 
40 	 0 
40 	 0 
41 	 -0.00211489 
41 	 0.08640676 
41 	 0.06301528 
41 	 -0.1084384 
41 	 -0.08971173 
42 	 -0.003491324 
42 	 -0.06640754 
42 	 -0.0007168929 
42 	 0.0731437 
42 	 -0.0793106 
43 	 0 
43 	 0 
43 	 0 
43 	 0 
43 	 0 
44 	 0 
44 	 0 
44 	 0 
44 	 0 
44 	 0 
45 	 0 
45 	 0 
45 	 0 
45 	 0 
45 	 0 
46 	 0 
46 	 0 
46 	 0 
46 	 0 
46 	 0 
47 	 0 
47 	 0 
47 	 0 
47 	 0 
47 	 0 
48 	 0 
48 	 0 
48 	 0 
48 	 0 
48 	 0 
49 	 0.0003562313 
49 	 -0.004820699 
49 	 0.01059545 
49 	 0.005729891 
49 	 -0.004527378 
50 	 0 
50 	 0 
50 	 0 
50 	 0 
50 	 0 
51 	 -0.0152613 
51 	 -0.154992 
51 	 0.09644758 
51 	 0.3214093 
51 	 -0.3058512 
52 	 0 
52 	 0 
52 	 0 
52 	 0 
52 	 0 
53 	 0 
53 	 0 
53 	 0 
53 	 0 
53 	 0 
# Gene ID	Label	Prediction
0000000003 ENSG00000079385 	 1 	 0.2024307 
0000000008 ENSG00000131981 	 1 	 0.4620233 
0000000009 ENSG00000135046 	 1 	 0.60137 
0000000012 ENSG00000117586 	 1 	 0.1909641 
0000000013 ENSG00000163501 	 1 	 0.02534329 
0000000026 ENSG00000104972 	 1 	 0.4584739 
0000000030 ENSG00000108946 	 1 	 0.4177355 
0000000032 ENSG00000204632 	 1 	 0.1951311 
0000000033 ENSG00000122188 	 1 	 0.1567668 
0000000034 ENSG00000143184 	 1 	 0.2211125 
0000000038 ENSG00000198502 	 1 	 0.7435596 
0000000042 ENSG00000171855 	 1 	 0.1626279 
0000000043 ENSG00000120217 	 1 	 0.2644863 
0000000048 ENSG00000136634 	 1 	 0.5182725 
0000000012 ENSG00000139880 	 0 	 0.1479029 
0000000017 ENSG00000140488 	 0 	 0.1305879 
0000000018 ENSG00000167103 	 0 	 0.1825408 
0000000020 ENSG00000171148 	 0 	 0.3508592 
0000000021 ENSG00000100934 	 0 	 0.3151832 
0000000022 ENSG00000141699 	 0 	 0.1593709 
0000000027 ENSG00000176087 	 0 	 0.3316847 
0000000029 ENSG00000179979 	 0 	 0.1022728 
0000000030 ENSG00000185164 	 0 	 0.2582031 
0000000034 ENSG00000106258 	 0 	 0.08130945 
0000000036 ENSG00000105549 	 0 	 0.1556256 
0000000037 ENSG00000171148 	 0 	 0.157742 
0000000047 ENSG00000120370 	 0 	 0.6394551 
0000000051 ENSG00000143028 	 0 	 0.3159012 
0000000053 ENSG00000067208 	 0 	 0.1918503 
0000000054 ENSG00000122121 	 0 	 0.1530947 
0000000058 ENSG00000117305 	 0 	 0.2921659 
0000000063 ENSG00000178726 	 0 	 0.6103527 
0000000066 ENSG00000185736 	 0 	 0.16008 
0000000068 ENSG00000100150 	 0 	 0.1840631 
0000000069 ENSG00000150712 	 0 	 0.1406309 
0000000072 ENSG00000127241 	 0 	 0.7483895 
0000000074 ENSG00000172530 	 0 	 0.1596508 
0000000075 ENSG00000160117 	 0 	 0.1640488 
0000000077 ENSG00000121270 	 0 	 0.1556012 
0000000080 ENSG00000198125 	 0 	 0.04908151 
0000000082 ENSG00000149599 	 0 	 0.1149563 
0000000085 ENSG00000101282 	 0 	 0.1595831 
0000000088 ENSG00000160117 	 0 	 0.1556432 
0000000095 ENSG00000160932 	 0 	 0.6342087 
0000000097 ENSG00000067066 	 0 	 0.3813877 
0000000102 ENSG00000144331 	 0 	 0.1628544 
0000000104 ENSG00000141956 	 0 	 0.1730656 
0000000113 ENSG00000110651 	 0 	 0.1720111 
0000000114 ENSG00000105854 	 0 	 0.1585697 
0000000120 ENSG00000099968 	 0 	 0.1069253 
0000000122 ENSG00000109270 	 0 	 0.1989305 
0000000123 ENSG00000164107 	 0 	 0.1291298 
0000000124 ENSG00000249437 	 0 	 0.1548969 
0000000125 ENSG00000145495 	 0 	 0.1044477 
0000000128 ENSG00000173083 	 0 	 0.1601617 
0000000130 ENSG00000138698 	 0 	 0.1648697 
0000000134 ENSG00000170854 	 0 	 0.1567698 
0000000135 ENSG00000215262 	 0 	 0.1582977 
0000000136 ENSG00000167034 	 0 	 0.1544457 
0000000139 ENSG00000118513 	 0 	 0.1562911 
0000000141 ENSG00000073921 	 0 	 0.1502294 
0000000144 ENSG00000196150 	 0 	 0.1545009 
0000000147 ENSG00000175482 	 0 	 0.1376954 
0000000152 ENSG00000148337 	 0 	 0.1665272 
0000000156 ENSG00000087494 	 0 	 0.148393 
0000000160 ENSG00000025423 	 0 	 0.2282109 
0000000161 ENSG00000075413 	 0 	 0.2052767 
0000000162 ENSG00000143418 	 0 	 0.1934122 
0000000168 ENSG00000176387 	 0 	 0.1252357 
0000000169 ENSG00000013374 	 0 	 0.2002053 
0000000170 ENSG00000085491 	 0 	 0.1556994 
0000000171 ENSG00000103534 	 0 	 0.07481666 
0000000174 ENSG00000183010 	 0 	 0.1605716 
0000000179 ENSG00000105298 	 0 	 0.1371563 
