# Prediction results for:	 GO:0045639 
# Model used:	 group_lasso 
# ROC AUC score:	 0.5197378 
# All tissues were included
# Best penalty parameter (CV): 5.310392 
# tissue	 1 	 5 
# tissue	 2 	 5 
# tissue	 3 	 5 
# tissue	 4 	 5 
# tissue	 5 	 5 
# tissue	 6 	 5 
# tissue	 7 	 5 
# tissue	 8 	 5 
# tissue	 9 	 5 
# tissue	 10 	 5 
# tissue	 11 	 5 
# tissue	 12 	 5 
# tissue	 13 	 5 
# tissue	 14 	 5 
# tissue	 15 	 5 
# tissue	 16 	 5 
# tissue	 17 	 5 
# tissue	 18 	 5 
# tissue	 19 	 5 
# tissue	 20 	 5 
# tissue	 21 	 5 
# tissue	 22 	 5 
# tissue	 23 	 5 
# tissue	 24 	 5 
# tissue	 25 	 5 
# tissue	 26 	 5 
# tissue	 27 	 5 
# tissue	 28 	 5 
# tissue	 29 	 5 
# tissue	 30 	 5 
# tissue	 31 	 5 
# tissue	 32 	 5 
# tissue	 33 	 5 
# tissue	 34 	 5 
# tissue	 35 	 5 
# tissue	 36 	 5 
# tissue	 37 	 5 
# tissue	 38 	 5 
# tissue	 39 	 5 
# tissue	 40 	 5 
# tissue	 41 	 5 
# tissue	 42 	 5 
# tissue	 43 	 5 
# tissue	 44 	 5 
# tissue	 45 	 5 
# tissue	 46 	 5 
# tissue	 47 	 5 
# tissue	 48 	 5 
# tissue	 49 	 5 
# tissue	 50 	 5 
# tissue	 51 	 5 
# tissue	 52 	 5 
# tissue	 53 	 5 
# Coefficients:
1 	 0 
1 	 0 
1 	 0 
1 	 0 
1 	 0 
2 	 0 
2 	 0 
2 	 0 
2 	 0 
2 	 0 
3 	 0 
3 	 0 
3 	 0 
3 	 0 
3 	 0 
4 	 0 
4 	 0 
4 	 0 
4 	 0 
4 	 0 
5 	 0 
5 	 0 
5 	 0 
5 	 0 
5 	 0 
6 	 0 
6 	 0 
6 	 0 
6 	 0 
6 	 0 
7 	 0 
7 	 0 
7 	 0 
7 	 0 
7 	 0 
8 	 -0.0001080964 
8 	 -4.62335e-05 
8 	 0.007232253 
8 	 -0.009198947 
8 	 -0.002674167 
9 	 0 
9 	 0 
9 	 0 
9 	 0 
9 	 0 
10 	 0 
10 	 0 
10 	 0 
10 	 0 
10 	 0 
11 	 0 
11 	 0 
11 	 0 
11 	 0 
11 	 0 
12 	 0 
12 	 0 
12 	 0 
12 	 0 
12 	 0 
13 	 0 
13 	 0 
13 	 0 
13 	 0 
13 	 0 
14 	 0 
14 	 0 
14 	 0 
14 	 0 
14 	 0 
15 	 0 
15 	 0 
15 	 0 
15 	 0 
15 	 0 
16 	 -0.0004850946 
16 	 -0.0146331 
16 	 0.007231365 
16 	 0.009205823 
16 	 -0.002296346 
17 	 0 
17 	 0 
17 	 0 
17 	 0 
17 	 0 
18 	 0 
18 	 0 
18 	 0 
18 	 0 
18 	 0 
19 	 0 
19 	 0 
19 	 0 
19 	 0 
19 	 0 
20 	 0 
20 	 0 
20 	 0 
20 	 0 
20 	 0 
21 	 0 
21 	 0 
21 	 0 
21 	 0 
21 	 0 
22 	 -0.001716048 
22 	 0.002853853 
22 	 0.03594568 
22 	 0.02854714 
22 	 -0.0501218 
23 	 0 
23 	 0 
23 	 0 
23 	 0 
23 	 0 
24 	 0 
24 	 0 
24 	 0 
24 	 0 
24 	 0 
25 	 0 
25 	 0 
25 	 0 
25 	 0 
25 	 0 
26 	 0 
26 	 0 
26 	 0 
26 	 0 
26 	 0 
27 	 0 
27 	 0 
27 	 0 
27 	 0 
27 	 0 
28 	 -0.0001187222 
28 	 -0.0278465 
28 	 0.007810036 
28 	 -0.008590432 
28 	 -0.01857513 
29 	 0 
29 	 0 
29 	 0 
29 	 0 
29 	 0 
30 	 0 
30 	 0 
30 	 0 
30 	 0 
30 	 0 
31 	 0 
31 	 0 
31 	 0 
31 	 0 
31 	 0 
32 	 0 
32 	 0 
32 	 0 
32 	 0 
32 	 0 
33 	 -0.0005967075 
33 	 -0.001482179 
33 	 0.02359101 
33 	 0.007552478 
33 	 0.006035369 
34 	 0 
34 	 0 
34 	 0 
34 	 0 
34 	 0 
35 	 0 
35 	 0 
35 	 0 
35 	 0 
35 	 0 
36 	 0 
36 	 0 
36 	 0 
36 	 0 
36 	 0 
37 	 0 
37 	 0 
37 	 0 
37 	 0 
37 	 0 
38 	 0 
38 	 0 
38 	 0 
38 	 0 
38 	 0 
39 	 0 
39 	 0 
39 	 0 
39 	 0 
39 	 0 
40 	 0 
40 	 0 
40 	 0 
40 	 0 
40 	 0 
41 	 0 
41 	 0 
41 	 0 
41 	 0 
41 	 0 
42 	 -0.01815222 
42 	 0.2094859 
42 	 -0.03759775 
42 	 0.1688167 
42 	 -0.1467756 
43 	 0 
43 	 0 
43 	 0 
43 	 0 
43 	 0 
44 	 0 
44 	 0 
44 	 0 
44 	 0 
44 	 0 
45 	 0 
45 	 0 
45 	 0 
45 	 0 
45 	 0 
46 	 -0.001996097 
46 	 0.02344874 
46 	 0.01010891 
46 	 0.03758086 
46 	 -0.02196115 
47 	 -0.002814447 
47 	 0.01793195 
47 	 -0.02026569 
47 	 -0.1019856 
47 	 0.004121806 
48 	 0 
48 	 0 
48 	 0 
48 	 0 
48 	 0 
49 	 0 
49 	 0 
49 	 0 
49 	 0 
49 	 0 
50 	 -0.001690157 
50 	 0.008224278 
50 	 0.01489131 
50 	 -0.03105397 
50 	 -0.02681006 
51 	 0 
51 	 0 
51 	 0 
51 	 0 
51 	 0 
52 	 0 
52 	 0 
52 	 0 
52 	 0 
52 	 0 
53 	 0 
53 	 0 
53 	 0 
53 	 0 
53 	 0 
# Gene ID	Label	Prediction
0000000003 ENSG00000090534 	 1 	 0.1545997 
0000000006 ENSG00000108342 	 1 	 0.1410226 
0000000008 ENSG00000111537 	 1 	 0.1484728 
0000000010 ENSG00000113302 	 1 	 0.1469607 
0000000014 ENSG00000128342 	 1 	 0.1470453 
0000000015 ENSG00000005483 	 1 	 0.2386902 
0000000018 ENSG00000100813 	 1 	 0.1462545 
0000000023 ENSG00000154229 	 1 	 0.1459749 
0000000026 ENSG00000162367 	 1 	 0.1392226 
0000000028 ENSG00000163823 	 1 	 0.2827588 
0000000031 ENSG00000006747 	 1 	 0.1717946 
0000000032 ENSG00000164935 	 1 	 0.1428916 
0000000034 ENSG00000125686 	 1 	 0.2080709 
0000000036 ENSG00000180353 	 1 	 0.4412379 
0000000037 ENSG00000134954 	 1 	 0.1461967 
0000000038 ENSG00000100644 	 1 	 0.2302803 
0000000039 ENSG00000143575 	 1 	 0.1450397 
0000000043 ENSG00000088992 	 1 	 0.146823 
0000000046 ENSG00000162594 	 1 	 0.1465549 
0000000047 ENSG00000175104 	 1 	 0.2001291 
0000000052 ENSG00000178585 	 1 	 0.147852 
0000000053 ENSG00000126457 	 1 	 0.213953 
0000000007 ENSG00000130052 	 0 	 0.1475645 
0000000008 ENSG00000131016 	 0 	 0.1466777 
0000000010 ENSG00000072840 	 0 	 0.1802141 
0000000014 ENSG00000163576 	 0 	 0.1540283 
0000000019 ENSG00000175229 	 0 	 0.09938186 
0000000022 ENSG00000004399 	 0 	 0.1399748 
0000000023 ENSG00000077942 	 0 	 0.3790538 
0000000027 ENSG00000142546 	 0 	 0.1418146 
0000000029 ENSG00000172977 	 0 	 0.1636024 
0000000030 ENSG00000130939 	 0 	 0.2896559 
0000000031 ENSG00000112182 	 0 	 0.1467102 
0000000032 ENSG00000029534 	 0 	 0.146472 
0000000042 ENSG00000188770 	 0 	 0.1460794 
0000000048 ENSG00000170927 	 0 	 0.1492432 
0000000049 ENSG00000130635 	 0 	 0.2165619 
0000000051 ENSG00000182180 	 0 	 0.1803104 
0000000052 ENSG00000119535 	 0 	 0.1444236 
0000000053 ENSG00000122952 	 0 	 0.1215586 
0000000054 ENSG00000162551 	 0 	 0.1428659 
0000000060 ENSG00000180758 	 0 	 0.211617 
0000000061 ENSG00000183148 	 0 	 0.1597374 
0000000062 ENSG00000136108 	 0 	 0.1256576 
0000000063 ENSG00000130066 	 0 	 0.4439167 
0000000068 ENSG00000185049 	 0 	 0.1497573 
0000000073 ENSG00000187630 	 0 	 0.2083517 
0000000075 ENSG00000100030 	 0 	 0.1275952 
0000000078 ENSG00000072756 	 0 	 0.1290885 
0000000081 ENSG00000150048 	 0 	 0.1460231 
0000000083 ENSG00000125931 	 0 	 0.1461967 
0000000094 ENSG00000164398 	 0 	 0.1461967 
0000000095 ENSG00000198000 	 0 	 0.1432902 
0000000108 ENSG00000180479 	 0 	 0.1902226 
0000000113 ENSG00000135063 	 0 	 0.1559328 
0000000114 ENSG00000100345 	 0 	 0.1461967 
0000000115 ENSG00000168306 	 0 	 0.1480291 
0000000122 ENSG00000186480 	 0 	 0.1439707 
0000000129 ENSG00000174514 	 0 	 0.1740317 
0000000131 ENSG00000163507 	 0 	 0.1697475 
0000000135 ENSG00000163626 	 0 	 0.1456352 
0000000137 ENSG00000182903 	 0 	 0.1440647 
0000000146 ENSG00000143702 	 0 	 0.1443206 
0000000148 ENSG00000198431 	 0 	 0.1463071 
0000000149 ENSG00000070081 	 0 	 0.2070385 
0000000150 ENSG00000129151 	 0 	 0.1510664 
0000000153 ENSG00000104529 	 0 	 0.3355369 
0000000155 ENSG00000166788 	 0 	 0.1464705 
0000000158 ENSG00000183020 	 0 	 0.1510787 
0000000161 ENSG00000140691 	 0 	 0.1537931 
0000000164 ENSG00000186439 	 0 	 0.1484539 
0000000166 ENSG00000146242 	 0 	 0.2581123 
0000000171 ENSG00000042088 	 0 	 0.1408999 
0000000174 ENSG00000092531 	 0 	 0.1529711 
0000000175 ENSG00000261717 	 0 	 0.1461251 
0000000182 ENSG00000168610 	 0 	 0.146687 
0000000186 ENSG00000126254 	 0 	 0.1376591 
0000000187 ENSG00000121380 	 0 	 0.1486338 
0000000189 ENSG00000136448 	 0 	 0.152064 
0000000191 ENSG00000174837 	 0 	 0.1461967 
0000000196 ENSG00000233822 	 0 	 0.1579958 
