# Prediction results for:	 GO:0051250 
# Model used:	 group_lasso 
# ROC AUC score:	 0.5583333 
# All tissues were included
# Best penalty parameter (CV): 5.795738 
# tissue	 1 	 5 
# tissue	 2 	 5 
# tissue	 3 	 5 
# tissue	 4 	 5 
# tissue	 5 	 5 
# tissue	 6 	 5 
# tissue	 7 	 5 
# tissue	 8 	 5 
# tissue	 9 	 5 
# tissue	 10 	 5 
# tissue	 11 	 5 
# tissue	 12 	 5 
# tissue	 13 	 5 
# tissue	 14 	 5 
# tissue	 15 	 5 
# tissue	 16 	 5 
# tissue	 17 	 5 
# tissue	 18 	 5 
# tissue	 19 	 5 
# tissue	 20 	 5 
# tissue	 21 	 5 
# tissue	 22 	 5 
# tissue	 23 	 5 
# tissue	 24 	 5 
# tissue	 25 	 5 
# tissue	 26 	 5 
# tissue	 27 	 5 
# tissue	 28 	 5 
# tissue	 29 	 5 
# tissue	 30 	 5 
# tissue	 31 	 5 
# tissue	 32 	 5 
# tissue	 33 	 5 
# tissue	 34 	 5 
# tissue	 35 	 5 
# tissue	 36 	 5 
# tissue	 37 	 5 
# tissue	 38 	 5 
# tissue	 39 	 5 
# tissue	 40 	 5 
# tissue	 41 	 5 
# tissue	 42 	 5 
# tissue	 43 	 5 
# tissue	 44 	 5 
# tissue	 45 	 5 
# tissue	 46 	 5 
# tissue	 47 	 5 
# tissue	 48 	 5 
# tissue	 49 	 5 
# tissue	 50 	 5 
# tissue	 51 	 5 
# tissue	 52 	 5 
# tissue	 53 	 5 
# Coefficients:
1 	 0 
1 	 0 
1 	 0 
1 	 0 
1 	 0 
2 	 -0.001536079 
2 	 -0.01038828 
2 	 0.06730864 
2 	 0.005899125 
2 	 0.02757155 
3 	 0 
3 	 0 
3 	 0 
3 	 0 
3 	 0 
4 	 0 
4 	 0 
4 	 0 
4 	 0 
4 	 0 
5 	 0 
5 	 0 
5 	 0 
5 	 0 
5 	 0 
6 	 0 
6 	 0 
6 	 0 
6 	 0 
6 	 0 
7 	 0 
7 	 0 
7 	 0 
7 	 0 
7 	 0 
8 	 0 
8 	 0 
8 	 0 
8 	 0 
8 	 0 
9 	 0 
9 	 0 
9 	 0 
9 	 0 
9 	 0 
10 	 0 
10 	 0 
10 	 0 
10 	 0 
10 	 0 
11 	 0 
11 	 0 
11 	 0 
11 	 0 
11 	 0 
12 	 0 
12 	 0 
12 	 0 
12 	 0 
12 	 0 
13 	 0 
13 	 0 
13 	 0 
13 	 0 
13 	 0 
14 	 0 
14 	 0 
14 	 0 
14 	 0 
14 	 0 
15 	 0 
15 	 0 
15 	 0 
15 	 0 
15 	 0 
16 	 0 
16 	 0 
16 	 0 
16 	 0 
16 	 0 
17 	 0 
17 	 0 
17 	 0 
17 	 0 
17 	 0 
18 	 0 
18 	 0 
18 	 0 
18 	 0 
18 	 0 
19 	 0 
19 	 0 
19 	 0 
19 	 0 
19 	 0 
20 	 -0.0003213614 
20 	 0.005017631 
20 	 0.003552922 
20 	 -0.01410079 
20 	 -0.02744337 
21 	 0 
21 	 0 
21 	 0 
21 	 0 
21 	 0 
22 	 -0.001994941 
22 	 0.0005009907 
22 	 -0.06125486 
22 	 -0.03455779 
22 	 -0.02399104 
23 	 0 
23 	 0 
23 	 0 
23 	 0 
23 	 0 
24 	 -0.00731956 
24 	 0.06829934 
24 	 -0.09174094 
24 	 0.3125081 
24 	 0.557161 
25 	 0 
25 	 0 
25 	 0 
25 	 0 
25 	 0 
26 	 0 
26 	 0 
26 	 0 
26 	 0 
26 	 0 
27 	 0 
27 	 0 
27 	 0 
27 	 0 
27 	 0 
28 	 0 
28 	 0 
28 	 0 
28 	 0 
28 	 0 
29 	 0 
29 	 0 
29 	 0 
29 	 0 
29 	 0 
30 	 0 
30 	 0 
30 	 0 
30 	 0 
30 	 0 
31 	 0 
31 	 0 
31 	 0 
31 	 0 
31 	 0 
32 	 0 
32 	 0 
32 	 0 
32 	 0 
32 	 0 
33 	 0 
33 	 0 
33 	 0 
33 	 0 
33 	 0 
34 	 0 
34 	 0 
34 	 0 
34 	 0 
34 	 0 
35 	 -0.002750167 
35 	 0.002945203 
35 	 0.006775884 
35 	 -0.06495956 
35 	 -0.03028995 
36 	 0 
36 	 0 
36 	 0 
36 	 0 
36 	 0 
37 	 -0.0007289564 
37 	 -0.139483 
37 	 -0.1038735 
37 	 -0.06329141 
37 	 0.03978969 
38 	 -0.0003511926 
38 	 0.01247544 
38 	 -0.01387641 
38 	 -0.003073936 
38 	 0.02359831 
39 	 0 
39 	 0 
39 	 0 
39 	 0 
39 	 0 
40 	 0 
40 	 0 
40 	 0 
40 	 0 
40 	 0 
41 	 0 
41 	 0 
41 	 0 
41 	 0 
41 	 0 
42 	 0 
42 	 0 
42 	 0 
42 	 0 
42 	 0 
43 	 0.001751073 
43 	 0.09127746 
43 	 -0.0108264 
43 	 -0.1507485 
43 	 0.06538371 
44 	 0 
44 	 0 
44 	 0 
44 	 0 
44 	 0 
45 	 0 
45 	 0 
45 	 0 
45 	 0 
45 	 0 
46 	 0 
46 	 0 
46 	 0 
46 	 0 
46 	 0 
47 	 0 
47 	 0 
47 	 0 
47 	 0 
47 	 0 
48 	 0 
48 	 0 
48 	 0 
48 	 0 
48 	 0 
49 	 -0.000434931 
49 	 0.002956892 
49 	 0.003180132 
49 	 0.007262901 
49 	 0.00484007 
50 	 0 
50 	 0 
50 	 0 
50 	 0 
50 	 0 
51 	 0 
51 	 0 
51 	 0 
51 	 0 
51 	 0 
52 	 0 
52 	 0 
52 	 0 
52 	 0 
52 	 0 
53 	 4.103521e-05 
53 	 0.04606769 
53 	 -0.0501453 
53 	 0.02774248 
53 	 -0.1254487 
# Gene ID	Label	Prediction
0000000003 ENSG00000079385 	 1 	 0.2103011 
0000000004 ENSG00000076641 	 1 	 0.2223651 
0000000007 ENSG00000118503 	 1 	 0.630254 
0000000010 ENSG00000125347 	 1 	 0.4187718 
0000000012 ENSG00000131981 	 1 	 0.2326771 
0000000014 ENSG00000135870 	 1 	 0.1333872 
0000000015 ENSG00000079134 	 1 	 0.1360463 
0000000017 ENSG00000101082 	 1 	 0.2362472 
0000000021 ENSG00000155307 	 1 	 0.1214863 
0000000022 ENSG00000163501 	 1 	 0.05166333 
0000000023 ENSG00000163599 	 1 	 0.1293509 
0000000031 ENSG00000175354 	 1 	 0.2082907 
0000000032 ENSG00000167851 	 1 	 0.1106449 
0000000037 ENSG00000189403 	 1 	 0.1076759 
0000000039 ENSG00000182393 	 1 	 0.1188736 
0000000043 ENSG00000204632 	 1 	 0.294853 
0000000044 ENSG00000122188 	 1 	 0.1261342 
0000000045 ENSG00000143184 	 1 	 0.1711897 
0000000050 ENSG00000198502 	 1 	 0.699257 
0000000051 ENSG00000049768 	 1 	 0.1173258 
0000000053 ENSG00000188379 	 1 	 0.1168963 
0000000054 ENSG00000171855 	 1 	 0.1190673 
0000000055 ENSG00000120217 	 1 	 0.1273294 
0000000058 ENSG00000197646 	 1 	 0.3528396 
0000000059 ENSG00000121210 	 1 	 0.2529164 
0000000061 ENSG00000136634 	 1 	 0.29491 
0000000005 ENSG00000012963 	 0 	 0.3394413 
0000000007 ENSG00000204385 	 0 	 0.01481069 
0000000012 ENSG00000122877 	 0 	 0.3140747 
0000000016 ENSG00000138448 	 0 	 0.7228897 
0000000019 ENSG00000107537 	 0 	 0.1290043 
0000000020 ENSG00000121621 	 0 	 0.2092692 
0000000023 ENSG00000140323 	 0 	 0.125908 
0000000030 ENSG00000151876 	 0 	 0.07016459 
0000000033 ENSG00000169683 	 0 	 0.2520187 
0000000034 ENSG00000084453 	 0 	 0.1167797 
0000000035 ENSG00000175582 	 0 	 0.4303154 
0000000039 ENSG00000163803 	 0 	 0.1142409 
0000000044 ENSG00000101049 	 0 	 0.08930399 
0000000045 ENSG00000149781 	 0 	 0.6785319 
0000000046 ENSG00000104731 	 0 	 0.119234 
0000000050 ENSG00000114544 	 0 	 0.2198902 
0000000052 ENSG00000187554 	 0 	 0.1519227 
0000000053 ENSG00000123836 	 0 	 0.04866087 
0000000056 ENSG00000203797 	 0 	 0.228825 
0000000057 ENSG00000057657 	 0 	 0.3802204 
0000000061 ENSG00000148335 	 0 	 0.1616265 
0000000065 ENSG00000092853 	 0 	 0.132718 
0000000066 ENSG00000134644 	 0 	 0.1173884 
0000000067 ENSG00000198915 	 0 	 0.147368 
0000000068 ENSG00000101346 	 0 	 0.2282414 
0000000073 ENSG00000147853 	 0 	 0.130761 
0000000075 ENSG00000180921 	 0 	 0.06335253 
0000000076 ENSG00000198612 	 0 	 0.2300626 
0000000079 ENSG00000165816 	 0 	 0.05030226 
0000000080 ENSG00000243678 	 0 	 0.1257587 
0000000082 ENSG00000070814 	 0 	 0.1180567 
0000000090 ENSG00000100129 	 0 	 0.1205841 
0000000091 ENSG00000115084 	 0 	 0.1803489 
0000000095 ENSG00000105136 	 0 	 0.1117778 
0000000096 ENSG00000176209 	 0 	 0.2119795 
0000000100 ENSG00000115486 	 0 	 0.09323981 
0000000103 ENSG00000168397 	 0 	 0.122208 
0000000113 ENSG00000168781 	 0 	 0.1235326 
0000000114 ENSG00000140332 	 0 	 0.119121 
0000000116 ENSG00000076944 	 0 	 0.1022975 
0000000124 ENSG00000105793 	 0 	 0.1179674 
0000000129 ENSG00000115556 	 0 	 0.0868327 
0000000134 ENSG00000152601 	 0 	 0.1173258 
0000000138 ENSG00000196597 	 0 	 0.1177602 
0000000145 ENSG00000109819 	 0 	 0.1173258 
0000000148 ENSG00000157796 	 0 	 0.1587403 
0000000149 ENSG00000072201 	 0 	 0.1235582 
0000000152 ENSG00000243678 	 0 	 0.1325094 
0000000160 ENSG00000154359 	 0 	 0.1356685 
0000000163 ENSG00000134910 	 0 	 0.1374284 
0000000164 ENSG00000189431 	 0 	 0.06318985 
0000000165 ENSG00000188486 	 0 	 0.23224 
0000000169 ENSG00000177830 	 0 	 0.1130233 
0000000170 ENSG00000205531 	 0 	 0.1173559 
0000000172 ENSG00000129083 	 0 	 0.1173258 
0000000173 ENSG00000149021 	 0 	 0.1172731 
0000000177 ENSG00000186231 	 0 	 0.1175438 
0000000183 ENSG00000175203 	 0 	 0.07994081 
0000000184 ENSG00000065357 	 0 	 0.112331 
0000000188 ENSG00000185960 	 0 	 0.1160574 
0000000198 ENSG00000261949 	 0 	 0.1172159 
0000000200 ENSG00000126353 	 0 	 0.1414363 
0000000207 ENSG00000171124 	 0 	 0.1173258 
0000000213 ENSG00000214413 	 0 	 0.1194622 
