# Prediction results for:	 GO:0007507 
# Model used:	 group_lasso 
# ROC AUC score:	 0.5574096 
# All tissues were included
# Best penalty parameter (CV): 2.970981 
# tissue	 1 	 5 
# tissue	 2 	 5 
# tissue	 3 	 5 
# tissue	 4 	 5 
# tissue	 5 	 5 
# tissue	 6 	 5 
# tissue	 7 	 5 
# tissue	 8 	 5 
# tissue	 9 	 5 
# tissue	 10 	 5 
# tissue	 11 	 5 
# tissue	 12 	 5 
# tissue	 13 	 5 
# tissue	 14 	 5 
# tissue	 15 	 5 
# tissue	 16 	 5 
# tissue	 17 	 5 
# tissue	 18 	 5 
# tissue	 19 	 5 
# tissue	 20 	 5 
# tissue	 21 	 5 
# tissue	 22 	 5 
# tissue	 23 	 5 
# tissue	 24 	 5 
# tissue	 25 	 5 
# tissue	 26 	 5 
# tissue	 27 	 5 
# tissue	 28 	 5 
# tissue	 29 	 5 
# tissue	 30 	 5 
# tissue	 31 	 5 
# tissue	 32 	 5 
# tissue	 33 	 5 
# tissue	 34 	 5 
# tissue	 35 	 5 
# tissue	 36 	 5 
# tissue	 37 	 5 
# tissue	 38 	 5 
# tissue	 39 	 5 
# tissue	 40 	 5 
# tissue	 41 	 5 
# tissue	 42 	 5 
# tissue	 43 	 5 
# tissue	 44 	 5 
# tissue	 45 	 5 
# tissue	 46 	 5 
# tissue	 47 	 5 
# tissue	 48 	 5 
# tissue	 49 	 5 
# tissue	 50 	 5 
# tissue	 51 	 5 
# tissue	 52 	 5 
# tissue	 53 	 5 
# Coefficients:
1 	 0 
1 	 0 
1 	 0 
1 	 0 
1 	 0 
2 	 0 
2 	 0 
2 	 0 
2 	 0 
2 	 0 
3 	 0.001635462 
3 	 0.008055212 
3 	 -0.01522648 
3 	 -0.03587246 
3 	 0.1280791 
4 	 0 
4 	 0 
4 	 0 
4 	 0 
4 	 0 
5 	 0 
5 	 0 
5 	 0 
5 	 0 
5 	 0 
6 	 0 
6 	 0 
6 	 0 
6 	 0 
6 	 0 
7 	 0 
7 	 0 
7 	 0 
7 	 0 
7 	 0 
8 	 0 
8 	 0 
8 	 0 
8 	 0 
8 	 0 
9 	 0.0004497759 
9 	 0.001273716 
9 	 -0.004711789 
9 	 -0.001382276 
9 	 0.06208263 
10 	 0.005902726 
10 	 -0.1057196 
10 	 0.2031954 
10 	 -0.0731321 
10 	 0.1593696 
11 	 0 
11 	 0 
11 	 0 
11 	 0 
11 	 0 
12 	 -0.0005323844 
12 	 0.004787177 
12 	 0.117526 
12 	 -0.09729837 
12 	 -0.2452091 
13 	 -0.00161919 
13 	 0.09689007 
13 	 0.08997253 
13 	 0.07621452 
13 	 0.03102245 
14 	 0 
14 	 0 
14 	 0 
14 	 0 
14 	 0 
15 	 0.02638791 
15 	 0.03424094 
15 	 0.05427907 
15 	 -0.04170628 
15 	 0.01138105 
16 	 0.005854319 
16 	 -0.06995962 
16 	 0.0502552 
16 	 0.01194899 
16 	 -0.06324414 
17 	 0 
17 	 0 
17 	 0 
17 	 0 
17 	 0 
18 	 -0.03761577 
18 	 0.1816105 
18 	 0.378688 
18 	 0.01596851 
18 	 0.1498491 
19 	 0 
19 	 0 
19 	 0 
19 	 0 
19 	 0 
20 	 0 
20 	 0 
20 	 0 
20 	 0 
20 	 0 
21 	 0 
21 	 0 
21 	 0 
21 	 0 
21 	 0 
22 	 0 
22 	 0 
22 	 0 
22 	 0 
22 	 0 
23 	 0 
23 	 0 
23 	 0 
23 	 0 
23 	 0 
24 	 0 
24 	 0 
24 	 0 
24 	 0 
24 	 0 
25 	 -0.0122001 
25 	 0.1428633 
25 	 -0.1529514 
25 	 -0.2620118 
25 	 -0.2578441 
26 	 -0.01601048 
26 	 0.03562217 
26 	 0.0498507 
26 	 0.1227886 
26 	 0.01783071 
27 	 -0.002161709 
27 	 0.001984457 
27 	 -0.009614917 
27 	 -0.00907135 
27 	 0.1296491 
28 	 0 
28 	 0 
28 	 0 
28 	 0 
28 	 0 
29 	 -0.001668805 
29 	 -0.01002993 
29 	 -0.03154808 
29 	 0.0007061391 
29 	 0.0120168 
30 	 -0.002556599 
30 	 0.007393518 
30 	 -0.009196037 
30 	 0.03774319 
30 	 0.03256617 
31 	 0.0003200213 
31 	 0.003183885 
31 	 -0.008469284 
31 	 -0.003320444 
31 	 0.01327664 
32 	 0.001286842 
32 	 0.0230362 
32 	 -0.006338724 
32 	 -0.002359906 
32 	 -0.005601461 
33 	 -0.001639017 
33 	 -0.02907486 
33 	 -0.07600551 
33 	 -0.03032237 
33 	 0.01480927 
34 	 0.002222795 
34 	 0.05690956 
34 	 -0.07194917 
34 	 0.1172401 
34 	 -0.0262659 
35 	 -0.0002047964 
35 	 -0.0004163942 
35 	 -0.01215461 
35 	 0.02502494 
35 	 -0.003802379 
36 	 0.00237647 
36 	 -0.04130281 
36 	 -0.02206246 
36 	 -0.02170192 
36 	 -0.004277606 
37 	 0.001224804 
37 	 0.08228638 
37 	 -0.1031708 
37 	 -0.002103482 
37 	 -0.07118316 
38 	 -0.009152503 
38 	 0.1216331 
38 	 -0.08303553 
38 	 -0.002497946 
38 	 0.2260728 
39 	 0 
39 	 0 
39 	 0 
39 	 0 
39 	 0 
40 	 0 
40 	 0 
40 	 0 
40 	 0 
40 	 0 
41 	 0 
41 	 0 
41 	 0 
41 	 0 
41 	 0 
42 	 0 
42 	 0 
42 	 0 
42 	 0 
42 	 0 
43 	 0 
43 	 0 
43 	 0 
43 	 0 
43 	 0 
44 	 0.01094602 
44 	 -0.1309365 
44 	 0.1448245 
44 	 0.3912221 
44 	 0.03160476 
45 	 -0.0004744876 
45 	 -0.004783409 
45 	 -0.01947596 
45 	 0.02439305 
45 	 0.0518588 
46 	 0 
46 	 0 
46 	 0 
46 	 0 
46 	 0 
47 	 -0.006075074 
47 	 -0.05184486 
47 	 -0.09047313 
47 	 0.1492524 
47 	 0.006396468 
48 	 -0.008036565 
48 	 0.0113819 
48 	 0.1306259 
48 	 -0.2163438 
48 	 0.110331 
49 	 -0.004446823 
49 	 0.03843274 
49 	 0.02620017 
49 	 0.100529 
49 	 -0.1313848 
50 	 -0.02424565 
50 	 -0.1353992 
50 	 0.1704714 
50 	 0.1809871 
50 	 -0.4221924 
51 	 0 
51 	 0 
51 	 0 
51 	 0 
51 	 0 
52 	 0 
52 	 0 
52 	 0 
52 	 0 
52 	 0 
53 	 0 
53 	 0 
53 	 0 
53 	 0 
53 	 0 
# Gene ID	Label	Prediction
0000000003 ENSG00000004975 	 1 	 0.366059 
0000000004 ENSG00000057294 	 1 	 0.1972048 
0000000005 ENSG00000100714 	 1 	 0.06218593 
0000000006 ENSG00000103197 	 1 	 0.2963062 
0000000009 ENSG00000113196 	 1 	 0.1290214 
0000000011 ENSG00000124766 	 1 	 0.297558 
0000000015 ENSG00000133816 	 1 	 0.2189022 
0000000016 ENSG00000134817 	 1 	 0.1233677 
0000000017 ENSG00000136383 	 1 	 0.6666639 
0000000019 ENSG00000178568 	 1 	 0.1190052 
0000000020 ENSG00000008710 	 1 	 0.8507462 
0000000039 ENSG00000074047 	 1 	 0.1190095 
0000000041 ENSG00000166147 	 1 	 0.5024119 
0000000043 ENSG00000179588 	 1 	 0.3025271 
0000000044 ENSG00000176678 	 1 	 0.3973936 
0000000045 ENSG00000176692 	 1 	 0.1718073 
0000000048 ENSG00000145194 	 1 	 0.01733704 
0000000049 ENSG00000183072 	 1 	 0.3705379 
0000000051 ENSG00000213145 	 1 	 0.1699172 
0000000053 ENSG00000100311 	 1 	 0.5379021 
0000000058 ENSG00000081189 	 1 	 0.104755 
0000000061 ENSG00000183337 	 1 	 0.1165245 
0000000065 ENSG00000116604 	 1 	 0.4040612 
0000000066 ENSG00000179295 	 1 	 0.2566852 
0000000068 ENSG00000196712 	 1 	 0.1199921 
0000000071 ENSG00000164107 	 1 	 0.5164612 
0000000072 ENSG00000170776 	 1 	 0.07074962 
0000000073 ENSG00000185155 	 1 	 0.1240623 
0000000077 ENSG00000203867 	 1 	 0.4811859 
0000000078 ENSG00000102125 	 1 	 0.08150043 
0000000087 ENSG00000168779 	 1 	 0.09034732 
0000000005 ENSG00000089060 	 0 	 0.1822865 
0000000012 ENSG00000121933 	 0 	 0.5408963 
0000000015 ENSG00000134575 	 0 	 0.1457724 
0000000016 ENSG00000135763 	 0 	 0.08829718 
0000000017 ENSG00000135899 	 0 	 0.09123167 
0000000019 ENSG00000075131 	 0 	 0.04920954 
0000000020 ENSG00000101665 	 0 	 0.8587641 
0000000021 ENSG00000080561 	 0 	 0.193456 
0000000023 ENSG00000083844 	 0 	 0.1699438 
0000000024 ENSG00000122958 	 0 	 0.1252171 
0000000025 ENSG00000106328 	 0 	 0.03793362 
0000000030 ENSG00000153237 	 0 	 0.1054404 
0000000035 ENSG00000161835 	 0 	 0.9506084 
0000000037 ENSG00000163440 	 0 	 0.03751574 
0000000046 ENSG00000174136 	 0 	 0.2885717 
0000000049 ENSG00000140798 	 0 	 0.08736936 
0000000052 ENSG00000145675 	 0 	 0.08246383 
0000000054 ENSG00000082212 	 0 	 0.09249263 
0000000055 ENSG00000176879 	 0 	 0.1187284 
0000000057 ENSG00000162572 	 0 	 0.2761853 
0000000062 ENSG00000182600 	 0 	 0.06495145 
0000000063 ENSG00000183831 	 0 	 0.06102498 
0000000066 ENSG00000259060 	 0 	 0.08066741 
0000000067 ENSG00000083312 	 0 	 0.09964731 
0000000070 ENSG00000188133 	 0 	 0.06351309 
0000000083 ENSG00000078053 	 0 	 0.2227998 
0000000084 ENSG00000196350 	 0 	 0.09807689 
0000000085 ENSG00000149516 	 0 	 0.07160064 
0000000090 ENSG00000131831 	 0 	 0.7731828 
0000000093 ENSG00000158458 	 0 	 0.1184869 
0000000095 ENSG00000162711 	 0 	 0.205064 
0000000108 ENSG00000119900 	 0 	 0.2166018 
0000000110 ENSG00000164402 	 0 	 0.1189836 
0000000111 ENSG00000148396 	 0 	 0.136611 
0000000112 ENSG00000119922 	 0 	 0.4447476 
0000000116 ENSG00000117407 	 0 	 0.1634995 
0000000118 ENSG00000056558 	 0 	 0.5833057 
0000000122 ENSG00000136754 	 0 	 0.07203982 
0000000129 ENSG00000134461 	 0 	 0.06628579 
0000000131 ENSG00000187134 	 0 	 0.1921741 
0000000133 ENSG00000120215 	 0 	 0.120035 
0000000140 ENSG00000163482 	 0 	 0.141682 
0000000141 ENSG00000128714 	 0 	 0.08865703 
0000000145 ENSG00000169756 	 0 	 0.2293193 
0000000148 ENSG00000185518 	 0 	 0.1062389 
0000000149 ENSG00000155330 	 0 	 0.1267268 
0000000153 ENSG00000155090 	 0 	 0.1245927 
0000000163 ENSG00000100243 	 0 	 0.1305879 
0000000165 ENSG00000136295 	 0 	 0.1857751 
0000000166 ENSG00000110514 	 0 	 0.1972288 
0000000167 ENSG00000122390 	 0 	 0.1176751 
0000000169 ENSG00000153253 	 0 	 0.119043 
0000000174 ENSG00000163939 	 0 	 0.1157765 
0000000175 ENSG00000206073 	 0 	 0.3886426 
0000000177 ENSG00000115966 	 0 	 0.1201235 
0000000179 ENSG00000115756 	 0 	 0.3433244 
0000000180 ENSG00000168393 	 0 	 0.06891538 
0000000183 ENSG00000166348 	 0 	 0.1320859 
0000000185 ENSG00000105852 	 0 	 0.09799529 
0000000186 ENSG00000164347 	 0 	 0.114818 
0000000187 ENSG00000147403 	 0 	 0.9570645 
0000000189 ENSG00000110435 	 0 	 0.111389 
0000000194 ENSG00000178202 	 0 	 0.09954334 
0000000200 ENSG00000105889 	 0 	 0.07018418 
0000000204 ENSG00000166913 	 0 	 0.1094555 
0000000209 ENSG00000108179 	 0 	 0.2813881 
0000000210 ENSG00000183873 	 0 	 0.1188265 
0000000213 ENSG00000115677 	 0 	 0.1216698 
0000000215 ENSG00000023228 	 0 	 0.0922209 
0000000218 ENSG00000010438 	 0 	 0.1217752 
0000000221 ENSG00000003137 	 0 	 0.1177655 
0000000222 ENSG00000185008 	 0 	 0.2081375 
0000000223 ENSG00000154493 	 0 	 0.1151679 
0000000228 ENSG00000008282 	 0 	 0.04019201 
0000000233 ENSG00000163935 	 0 	 0.1168447 
0000000239 ENSG00000102230 	 0 	 0.09862899 
0000000241 ENSG00000074276 	 0 	 0.07465069 
0000000245 ENSG00000198099 	 0 	 0.1056651 
0000000251 ENSG00000113296 	 0 	 0.3053908 
0000000255 ENSG00000113504 	 0 	 0.1080896 
0000000258 ENSG00000123219 	 0 	 0.07863484 
0000000260 ENSG00000113249 	 0 	 0.1191158 
0000000261 ENSG00000183137 	 0 	 0.1194747 
0000000262 ENSG00000272772 	 0 	 0.1160581 
0000000264 ENSG00000123992 	 0 	 0.09866042 
0000000266 ENSG00000042980 	 0 	 0.4184354 
0000000272 ENSG00000175305 	 0 	 0.1137829 
0000000279 ENSG00000176148 	 0 	 0.04026985 
0000000281 ENSG00000178104 	 0 	 0.1191856 
0000000284 ENSG00000129990 	 0 	 0.08849488 
0000000285 ENSG00000110446 	 0 	 0.6576045 
0000000286 ENSG00000011347 	 0 	 0.1148706 
0000000288 ENSG00000174032 	 0 	 0.1170995 
0000000289 ENSG00000255804 	 0 	 0.1200292 
0000000290 ENSG00000110200 	 0 	 0.1180352 
0000000291 ENSG00000135902 	 0 	 0.114449 
0000000294 ENSG00000215021 	 0 	 0.1049756 
0000000301 ENSG00000135404 	 0 	 0.3946237 
0000000306 ENSG00000070367 	 0 	 0.1045264 
0000000307 ENSG00000089916 	 0 	 0.1127341 
0000000309 ENSG00000100938 	 0 	 0.06485642 
0000000310 ENSG00000140481 	 0 	 0.1104891 
0000000313 ENSG00000140368 	 0 	 0.1185593 
0000000315 ENSG00000197111 	 0 	 0.01279218 
0000000316 ENSG00000180953 	 0 	 0.08324589 
0000000318 ENSG00000140465 	 0 	 0.1462035 
0000000322 ENSG00000174197 	 0 	 0.1077913 
0000000323 ENSG00000006283 	 0 	 0.1211197 
0000000324 ENSG00000140750 	 0 	 0.1049124 
0000000326 ENSG00000189067 	 0 	 0.1168796 
0000000329 ENSG00000141198 	 0 	 0.07316279 
0000000335 ENSG00000172171 	 0 	 0.115968 
0000000336 ENSG00000213246 	 0 	 0.1634654 
0000000345 ENSG00000171302 	 0 	 0.09876379 
0000000349 ENSG00000178982 	 0 	 0.04249245 
0000000358 ENSG00000083828 	 0 	 0.1847952 
0000000359 ENSG00000268400 	 0 	 0.1207597 
