# Prediction results for:	 GO:0001822 
# Model used:	 group_lasso 
# ROC AUC score:	 0.5526623 
# All tissues were included
# Best penalty parameter (CV): 4.122112 
# tissue	 1 	 5 
# tissue	 2 	 5 
# tissue	 3 	 5 
# tissue	 4 	 5 
# tissue	 5 	 5 
# tissue	 6 	 5 
# tissue	 7 	 5 
# tissue	 8 	 5 
# tissue	 9 	 5 
# tissue	 10 	 5 
# tissue	 11 	 5 
# tissue	 12 	 5 
# tissue	 13 	 5 
# tissue	 14 	 5 
# tissue	 15 	 5 
# tissue	 16 	 5 
# tissue	 17 	 5 
# tissue	 18 	 5 
# tissue	 19 	 5 
# tissue	 20 	 5 
# tissue	 21 	 5 
# tissue	 22 	 5 
# tissue	 23 	 5 
# tissue	 24 	 5 
# tissue	 25 	 5 
# tissue	 26 	 5 
# tissue	 27 	 5 
# tissue	 28 	 5 
# tissue	 29 	 5 
# tissue	 30 	 5 
# tissue	 31 	 5 
# tissue	 32 	 5 
# tissue	 33 	 5 
# tissue	 34 	 5 
# tissue	 35 	 5 
# tissue	 36 	 5 
# tissue	 37 	 5 
# tissue	 38 	 5 
# tissue	 39 	 5 
# tissue	 40 	 5 
# tissue	 41 	 5 
# tissue	 42 	 5 
# tissue	 43 	 5 
# tissue	 44 	 5 
# tissue	 45 	 5 
# tissue	 46 	 5 
# tissue	 47 	 5 
# tissue	 48 	 5 
# tissue	 49 	 5 
# tissue	 50 	 5 
# tissue	 51 	 5 
# tissue	 52 	 5 
# tissue	 53 	 5 
# Coefficients:
1 	 0 
1 	 0 
1 	 0 
1 	 0 
1 	 0 
2 	 0 
2 	 0 
2 	 0 
2 	 0 
2 	 0 
3 	 0 
3 	 0 
3 	 0 
3 	 0 
3 	 0 
4 	 0 
4 	 0 
4 	 0 
4 	 0 
4 	 0 
5 	 0 
5 	 0 
5 	 0 
5 	 0 
5 	 0 
6 	 0 
6 	 0 
6 	 0 
6 	 0 
6 	 0 
7 	 0 
7 	 0 
7 	 0 
7 	 0 
7 	 0 
8 	 0 
8 	 0 
8 	 0 
8 	 0 
8 	 0 
9 	 0 
9 	 0 
9 	 0 
9 	 0 
9 	 0 
10 	 0 
10 	 0 
10 	 0 
10 	 0 
10 	 0 
11 	 0 
11 	 0 
11 	 0 
11 	 0 
11 	 0 
12 	 0 
12 	 0 
12 	 0 
12 	 0 
12 	 0 
13 	 0 
13 	 0 
13 	 0 
13 	 0 
13 	 0 
14 	 0 
14 	 0 
14 	 0 
14 	 0 
14 	 0 
15 	 0 
15 	 0 
15 	 0 
15 	 0 
15 	 0 
16 	 -0.0005781207 
16 	 0.003514919 
16 	 0.008670313 
16 	 -0.01944389 
16 	 -0.00693091 
17 	 0 
17 	 0 
17 	 0 
17 	 0 
17 	 0 
18 	 -0.002379615 
18 	 0.05125056 
18 	 0.02960096 
18 	 -0.02932053 
18 	 -0.01391819 
19 	 0 
19 	 0 
19 	 0 
19 	 0 
19 	 0 
20 	 0.004361017 
20 	 0.04839121 
20 	 -0.07827139 
20 	 -0.2510133 
20 	 -0.4035893 
21 	 0 
21 	 0 
21 	 0 
21 	 0 
21 	 0 
22 	 0 
22 	 0 
22 	 0 
22 	 0 
22 	 0 
23 	 0 
23 	 0 
23 	 0 
23 	 0 
23 	 0 
24 	 0 
24 	 0 
24 	 0 
24 	 0 
24 	 0 
25 	 0 
25 	 0 
25 	 0 
25 	 0 
25 	 0 
26 	 0 
26 	 0 
26 	 0 
26 	 0 
26 	 0 
27 	 -0.0002821102 
27 	 -0.01122084 
27 	 -0.008999256 
27 	 0.02952073 
27 	 0.0988148 
28 	 0 
28 	 0 
28 	 0 
28 	 0 
28 	 0 
29 	 0 
29 	 0 
29 	 0 
29 	 0 
29 	 0 
30 	 0 
30 	 0 
30 	 0 
30 	 0 
30 	 0 
31 	 -0.0001705916 
31 	 0.003075044 
31 	 -0.0594788 
31 	 -0.04500434 
31 	 -0.09759177 
32 	 0 
32 	 0 
32 	 0 
32 	 0 
32 	 0 
33 	 0 
33 	 0 
33 	 0 
33 	 0 
33 	 0 
34 	 0 
34 	 0 
34 	 0 
34 	 0 
34 	 0 
35 	 0 
35 	 0 
35 	 0 
35 	 0 
35 	 0 
36 	 0.001690929 
36 	 0.02673772 
36 	 -0.02208786 
36 	 -0.09722437 
36 	 -0.04718611 
37 	 -0.003958713 
37 	 0.1181619 
37 	 -0.3438027 
37 	 -0.1312758 
37 	 0.05322345 
38 	 -0.002073483 
38 	 0.03588783 
38 	 -0.02398587 
38 	 0.05762362 
38 	 0.1196346 
39 	 0 
39 	 0 
39 	 0 
39 	 0 
39 	 0 
40 	 0 
40 	 0 
40 	 0 
40 	 0 
40 	 0 
41 	 0 
41 	 0 
41 	 0 
41 	 0 
41 	 0 
42 	 0 
42 	 0 
42 	 0 
42 	 0 
42 	 0 
43 	 0.002793172 
43 	 0.0795417 
43 	 0.007316311 
43 	 -0.2420942 
43 	 -0.07223978 
44 	 0 
44 	 0 
44 	 0 
44 	 0 
44 	 0 
45 	 0 
45 	 0 
45 	 0 
45 	 0 
45 	 0 
46 	 0 
46 	 0 
46 	 0 
46 	 0 
46 	 0 
47 	 -7.460049e-05 
47 	 -0.1720745 
47 	 0.178354 
47 	 0.0902209 
47 	 0.02048156 
48 	 0 
48 	 0 
48 	 0 
48 	 0 
48 	 0 
49 	 0.002799443 
49 	 -0.009916988 
49 	 0.008465202 
49 	 0.02702461 
49 	 0.02218138 
50 	 0.0003598589 
50 	 -0.07178935 
50 	 0.04534901 
50 	 -0.158544 
50 	 -0.1678562 
51 	 0.002121445 
51 	 -0.1495732 
51 	 -0.02656563 
51 	 0.01138493 
51 	 -0.09576858 
52 	 0 
52 	 0 
52 	 0 
52 	 0 
52 	 0 
53 	 0 
53 	 0 
53 	 0 
53 	 0 
53 	 0 
# Gene ID	Label	Prediction
0000000003 ENSG00000103811 	 1 	 0.1161251 
0000000004 ENSG00000106392 	 1 	 0.1025838 
0000000007 ENSG00000118526 	 1 	 0.2447027 
0000000009 ENSG00000125378 	 1 	 0.7082371 
0000000010 ENSG00000125931 	 1 	 0.05615264 
0000000012 ENSG00000103449 	 1 	 0.6590013 
0000000014 ENSG00000138175 	 1 	 0.1661982 
0000000016 ENSG00000008710 	 1 	 0.4962392 
0000000017 ENSG00000125618 	 1 	 0.1322652 
0000000019 ENSG00000143839 	 1 	 0.1992223 
0000000025 ENSG00000164920 	 1 	 0.4151264 
0000000033 ENSG00000181092 	 1 	 0.03838114 
0000000034 ENSG00000137868 	 1 	 0.1286874 
0000000035 ENSG00000168621 	 1 	 0.3053446 
0000000038 ENSG00000109906 	 1 	 0.01626201 
0000000040 ENSG00000165731 	 1 	 0.1143331 
0000000044 ENSG00000144891 	 1 	 0.1855099 
0000000046 ENSG00000196712 	 1 	 0.1113349 
0000000047 ENSG00000068001 	 1 	 0.2351039 
0000000048 ENSG00000196562 	 1 	 0.1497374 
0000000054 ENSG00000099139 	 1 	 0.411795 
0000000057 ENSG00000101144 	 1 	 0.8544188 
0000000003 ENSG00000073861 	 0 	 0.2662551 
0000000005 ENSG00000089012 	 0 	 0.1274571 
0000000008 ENSG00000124440 	 0 	 0.1202309 
0000000009 ENSG00000134243 	 0 	 0.08410614 
0000000010 ENSG00000135577 	 0 	 0.1235335 
0000000011 ENSG00000137177 	 0 	 0.129773 
0000000014 ENSG00000110315 	 0 	 0.1230135 
0000000017 ENSG00000149084 	 0 	 0.1031056 
0000000019 ENSG00000184154 	 0 	 0.1033693 
0000000032 ENSG00000108021 	 0 	 0.09881828 
0000000036 ENSG00000183733 	 0 	 0.1073829 
0000000047 ENSG00000114867 	 0 	 0.07838015 
0000000049 ENSG00000182141 	 0 	 0.09793882 
0000000051 ENSG00000068903 	 0 	 0.1058772 
0000000061 ENSG00000198910 	 0 	 0.1258818 
0000000062 ENSG00000166169 	 0 	 0.05407003 
0000000064 ENSG00000117448 	 0 	 0.1171897 
0000000069 ENSG00000198105 	 0 	 0.1080867 
0000000070 ENSG00000178919 	 0 	 0.1269197 
0000000073 ENSG00000114988 	 0 	 0.1578963 
0000000081 ENSG00000174130 	 0 	 0.1748375 
0000000086 ENSG00000136003 	 0 	 0.1049879 
0000000089 ENSG00000152578 	 0 	 0.1098412 
0000000091 ENSG00000115484 	 0 	 0.1037293 
0000000092 ENSG00000204287 	 0 	 0.8962535 
0000000093 ENSG00000134283 	 0 	 0.1220365 
0000000094 ENSG00000010539 	 0 	 0.1483069 
0000000095 ENSG00000087269 	 0 	 0.1461933 
0000000099 ENSG00000166206 	 0 	 0.1223992 
0000000101 ENSG00000143727 	 0 	 0.08179263 
0000000103 ENSG00000179915 	 0 	 0.1576296 
0000000105 ENSG00000133454 	 0 	 0.1208429 
0000000108 ENSG00000196083 	 0 	 0.1286307 
0000000110 ENSG00000213889 	 0 	 0.1347331 
0000000111 ENSG00000132330 	 0 	 0.1167021 
0000000113 ENSG00000106348 	 0 	 0.1292257 
0000000117 ENSG00000119408 	 0 	 0.1307622 
0000000119 ENSG00000163599 	 0 	 0.1376163 
0000000126 ENSG00000204843 	 0 	 0.08647384 
0000000127 ENSG00000196655 	 0 	 0.1433616 
0000000130 ENSG00000164818 	 0 	 0.06791638 
0000000131 ENSG00000128340 	 0 	 0.14609 
0000000139 ENSG00000047315 	 0 	 0.1367412 
0000000140 ENSG00000170906 	 0 	 0.03827217 
0000000141 ENSG00000062598 	 0 	 0.2261198 
0000000143 ENSG00000114745 	 0 	 0.08667419 
0000000149 ENSG00000240041 	 0 	 0.1912543 
0000000150 ENSG00000106829 	 0 	 0.1267605 
0000000152 ENSG00000005436 	 0 	 0.1271219 
0000000154 ENSG00000121871 	 0 	 0.1248955 
0000000156 ENSG00000107551 	 0 	 0.3059677 
0000000160 ENSG00000070087 	 0 	 0.1250223 
0000000161 ENSG00000162244 	 0 	 0.09841995 
0000000167 ENSG00000178804 	 0 	 0.1237286 
0000000171 ENSG00000138722 	 0 	 0.1381261 
0000000173 ENSG00000205571 	 0 	 0.1307941 
0000000174 ENSG00000172058 	 0 	 0.1335107 
0000000176 ENSG00000170153 	 0 	 0.3684091 
0000000182 ENSG00000079819 	 0 	 0.1259592 
0000000183 ENSG00000147789 	 0 	 0.1252664 
0000000186 ENSG00000166441 	 0 	 0.1394028 
0000000187 ENSG00000137502 	 0 	 0.129377 
0000000188 ENSG00000104946 	 0 	 0.01497529 
0000000192 ENSG00000096060 	 0 	 0.03789234 
0000000193 ENSG00000166682 	 0 	 0.1289153 
0000000199 ENSG00000162129 	 0 	 0.1206079 
0000000200 ENSG00000165304 	 0 	 0.2224139 
0000000204 ENSG00000150967 	 0 	 0.1135415 
0000000209 ENSG00000136305 	 0 	 0.1138705 
0000000214 ENSG00000137767 	 0 	 0.1843433 
0000000216 ENSG00000065054 	 0 	 0.2076443 
0000000218 ENSG00000140464 	 0 	 0.1290813 
0000000222 ENSG00000168961 	 0 	 0.1262513 
0000000228 ENSG00000008441 	 0 	 0.1259426 
0000000240 ENSG00000178980 	 0 	 0.3585834 
