# Prediction results for:	 GO:0046634 
# Model used:	 group_lasso 
# ROC AUC score:	 0.5603269 
# All tissues were included
# Best penalty parameter (CV): 6.453019 
# tissue	 1 	 5 
# tissue	 2 	 5 
# tissue	 3 	 5 
# tissue	 4 	 5 
# tissue	 5 	 5 
# tissue	 6 	 5 
# tissue	 7 	 5 
# tissue	 8 	 5 
# tissue	 9 	 5 
# tissue	 10 	 5 
# tissue	 11 	 5 
# tissue	 12 	 5 
# tissue	 13 	 5 
# tissue	 14 	 5 
# tissue	 15 	 5 
# tissue	 16 	 5 
# tissue	 17 	 5 
# tissue	 18 	 5 
# tissue	 19 	 5 
# tissue	 20 	 5 
# tissue	 21 	 5 
# tissue	 22 	 5 
# tissue	 23 	 5 
# tissue	 24 	 5 
# tissue	 25 	 5 
# tissue	 26 	 5 
# tissue	 27 	 5 
# tissue	 28 	 5 
# tissue	 29 	 5 
# tissue	 30 	 5 
# tissue	 31 	 5 
# tissue	 32 	 5 
# tissue	 33 	 5 
# tissue	 34 	 5 
# tissue	 35 	 5 
# tissue	 36 	 5 
# tissue	 37 	 5 
# tissue	 38 	 5 
# tissue	 39 	 5 
# tissue	 40 	 5 
# tissue	 41 	 5 
# tissue	 42 	 5 
# tissue	 43 	 5 
# tissue	 44 	 5 
# tissue	 45 	 5 
# tissue	 46 	 5 
# tissue	 47 	 5 
# tissue	 48 	 5 
# tissue	 49 	 5 
# tissue	 50 	 5 
# tissue	 51 	 5 
# tissue	 52 	 5 
# tissue	 53 	 5 
# Coefficients:
1 	 0 
1 	 0 
1 	 0 
1 	 0 
1 	 0 
2 	 0 
2 	 0 
2 	 0 
2 	 0 
2 	 0 
3 	 0 
3 	 0 
3 	 0 
3 	 0 
3 	 0 
4 	 0 
4 	 0 
4 	 0 
4 	 0 
4 	 0 
5 	 0 
5 	 0 
5 	 0 
5 	 0 
5 	 0 
6 	 0 
6 	 0 
6 	 0 
6 	 0 
6 	 0 
7 	 0 
7 	 0 
7 	 0 
7 	 0 
7 	 0 
8 	 0 
8 	 0 
8 	 0 
8 	 0 
8 	 0 
9 	 0 
9 	 0 
9 	 0 
9 	 0 
9 	 0 
10 	 0 
10 	 0 
10 	 0 
10 	 0 
10 	 0 
11 	 0 
11 	 0 
11 	 0 
11 	 0 
11 	 0 
12 	 0 
12 	 0 
12 	 0 
12 	 0 
12 	 0 
13 	 0 
13 	 0 
13 	 0 
13 	 0 
13 	 0 
14 	 0 
14 	 0 
14 	 0 
14 	 0 
14 	 0 
15 	 0 
15 	 0 
15 	 0 
15 	 0 
15 	 0 
16 	 0 
16 	 0 
16 	 0 
16 	 0 
16 	 0 
17 	 0 
17 	 0 
17 	 0 
17 	 0 
17 	 0 
18 	 0 
18 	 0 
18 	 0 
18 	 0 
18 	 0 
19 	 0 
19 	 0 
19 	 0 
19 	 0 
19 	 0 
20 	 0 
20 	 0 
20 	 0 
20 	 0 
20 	 0 
21 	 0 
21 	 0 
21 	 0 
21 	 0 
21 	 0 
22 	 0 
22 	 0 
22 	 0 
22 	 0 
22 	 0 
23 	 0 
23 	 0 
23 	 0 
23 	 0 
23 	 0 
24 	 0 
24 	 0 
24 	 0 
24 	 0 
24 	 0 
25 	 0 
25 	 0 
25 	 0 
25 	 0 
25 	 0 
26 	 0 
26 	 0 
26 	 0 
26 	 0 
26 	 0 
27 	 0 
27 	 0 
27 	 0 
27 	 0 
27 	 0 
28 	 0 
28 	 0 
28 	 0 
28 	 0 
28 	 0 
29 	 0 
29 	 0 
29 	 0 
29 	 0 
29 	 0 
30 	 0 
30 	 0 
30 	 0 
30 	 0 
30 	 0 
31 	 0 
31 	 0 
31 	 0 
31 	 0 
31 	 0 
32 	 0 
32 	 0 
32 	 0 
32 	 0 
32 	 0 
33 	 0 
33 	 0 
33 	 0 
33 	 0 
33 	 0 
34 	 0 
34 	 0 
34 	 0 
34 	 0 
34 	 0 
35 	 0 
35 	 0 
35 	 0 
35 	 0 
35 	 0 
36 	 0 
36 	 0 
36 	 0 
36 	 0 
36 	 0 
37 	 0 
37 	 0 
37 	 0 
37 	 0 
37 	 0 
38 	 0 
38 	 0 
38 	 0 
38 	 0 
38 	 0 
39 	 0 
39 	 0 
39 	 0 
39 	 0 
39 	 0 
40 	 0 
40 	 0 
40 	 0 
40 	 0 
40 	 0 
41 	 -0.006874343 
41 	 0.02236514 
41 	 0.09581521 
41 	 -0.03633787 
41 	 -0.08945725 
42 	 0 
42 	 0 
42 	 0 
42 	 0 
42 	 0 
43 	 0.003377998 
43 	 0.0215144 
43 	 -0.009919921 
43 	 -0.3764263 
43 	 0.02473433 
44 	 0 
44 	 0 
44 	 0 
44 	 0 
44 	 0 
45 	 0 
45 	 0 
45 	 0 
45 	 0 
45 	 0 
46 	 0 
46 	 0 
46 	 0 
46 	 0 
46 	 0 
47 	 0 
47 	 0 
47 	 0 
47 	 0 
47 	 0 
48 	 0 
48 	 0 
48 	 0 
48 	 0 
48 	 0 
49 	 0 
49 	 0 
49 	 0 
49 	 0 
49 	 0 
50 	 0 
50 	 0 
50 	 0 
50 	 0 
50 	 0 
51 	 0 
51 	 0 
51 	 0 
51 	 0 
51 	 0 
52 	 0 
52 	 0 
52 	 0 
52 	 0 
52 	 0 
53 	 0 
53 	 0 
53 	 0 
53 	 0 
53 	 0 
# Gene ID	Label	Prediction
0000000003 ENSG00000105246 	 1 	 0.4378013 
0000000008 ENSG00000131759 	 1 	 0.2317093 
0000000010 ENSG00000135870 	 1 	 0.1964917 
0000000013 ENSG00000114013 	 1 	 0.1452983 
0000000014 ENSG00000115085 	 1 	 0.4748171 
0000000022 ENSG00000168961 	 1 	 0.144408 
0000000027 ENSG00000172724 	 1 	 0.8955882 
0000000029 ENSG00000120694 	 1 	 0.206528 
0000000032 ENSG00000189403 	 1 	 0.1608295 
0000000033 ENSG00000162711 	 1 	 0.1906523 
0000000035 ENSG00000105122 	 1 	 0.4234369 
0000000036 ENSG00000162594 	 1 	 0.1460424 
0000000037 ENSG00000197272 	 1 	 0.1553183 
0000000039 ENSG00000143184 	 1 	 0.1823054 
0000000044 ENSG00000067606 	 1 	 0.1260149 
0000000006 ENSG00000103710 	 0 	 0.2362679 
0000000008 ENSG00000105605 	 0 	 0.1454629 
0000000011 ENSG00000113597 	 0 	 0.123005 
0000000014 ENSG00000130787 	 0 	 0.06563593 
0000000018 ENSG00000213780 	 0 	 0.1962642 
0000000019 ENSG00000138131 	 0 	 0.1603941 
0000000022 ENSG00000139970 	 0 	 0.1981864 
0000000025 ENSG00000115155 	 0 	 0.1445166 
0000000030 ENSG00000159184 	 0 	 0.1446643 
0000000032 ENSG00000115602 	 0 	 0.2331131 
0000000033 ENSG00000176692 	 0 	 0.1510727 
0000000034 ENSG00000181499 	 0 	 0.1448633 
0000000038 ENSG00000176108 	 0 	 0.1678101 
0000000047 ENSG00000158813 	 0 	 0.1445166 
0000000051 ENSG00000011566 	 0 	 0.1504811 
0000000054 ENSG00000165671 	 0 	 0.1445166 
0000000055 ENSG00000081237 	 0 	 0.6521769 
0000000057 ENSG00000140199 	 0 	 0.1444763 
0000000062 ENSG00000120820 	 0 	 0.2548862 
0000000063 ENSG00000166359 	 0 	 0.1445166 
0000000065 ENSG00000143771 	 0 	 0.1637594 
0000000068 ENSG00000203757 	 0 	 0.1445208 
0000000074 ENSG00000151287 	 0 	 0.1512911 
0000000075 ENSG00000116670 	 0 	 0.1445166 
0000000080 ENSG00000138078 	 0 	 0.1445166 
0000000081 ENSG00000114867 	 0 	 0.1435069 
0000000082 ENSG00000197608 	 0 	 0.1539162 
0000000085 ENSG00000204843 	 0 	 0.141622 
0000000097 ENSG00000091831 	 0 	 0.1445166 
0000000101 ENSG00000128655 	 0 	 0.1445166 
0000000108 ENSG00000124508 	 0 	 0.3842705 
0000000119 ENSG00000134321 	 0 	 0.1469858 
0000000121 ENSG00000144566 	 0 	 0.1485064 
0000000123 ENSG00000204613 	 0 	 0.149422 
0000000133 ENSG00000198947 	 0 	 0.1445166 
0000000137 ENSG00000114573 	 0 	 0.1445166 
0000000138 ENSG00000168310 	 0 	 0.1413999 
0000000139 ENSG00000005884 	 0 	 0.1445166 
0000000143 ENSG00000087206 	 0 	 0.2670794 
0000000145 ENSG00000163291 	 0 	 0.2139748 
0000000147 ENSG00000143257 	 0 	 0.1437491 
0000000149 ENSG00000104695 	 0 	 0.1144521 
0000000150 ENSG00000168081 	 0 	 0.1463272 
0000000151 ENSG00000133872 	 0 	 0.0990284 
0000000152 ENSG00000156787 	 0 	 0.1530337 
0000000153 ENSG00000104408 	 0 	 0.09340881 
0000000154 ENSG00000179532 	 0 	 0.1934235 
0000000159 ENSG00000165912 	 0 	 0.1424367 
0000000162 ENSG00000174165 	 0 	 0.1227228 
0000000164 ENSG00000011105 	 0 	 0.1268283 
0000000165 ENSG00000162873 	 0 	 0.1252918 
0000000167 ENSG00000103647 	 0 	 0.1438587 
0000000168 ENSG00000171631 	 0 	 0.1505222 
0000000171 ENSG00000139719 	 0 	 0.1792389 
0000000174 ENSG00000111142 	 0 	 0.106297 
0000000176 ENSG00000126778 	 0 	 0.1235076 
0000000177 ENSG00000183496 	 0 	 0.1641971 
0000000178 ENSG00000166133 	 0 	 0.1454789 
0000000180 ENSG00000103494 	 0 	 0.1485225 
0000000181 ENSG00000103034 	 0 	 0.1446908 
0000000183 ENSG00000174326 	 0 	 0.1392879 
0000000186 ENSG00000265118 	 0 	 0.1774933 
0000000187 ENSG00000154258 	 0 	 0.1463581 
0000000195 ENSG00000170954 	 0 	 0.1508736 
