# Prediction results for:	 GO:0045766 
# Model used:	 group_lasso 
# ROC AUC score:	 0.5826576 
# All tissues were included
# Best penalty parameter (CV): 2.058398 
# tissue	 1 	 5 
# tissue	 2 	 5 
# tissue	 3 	 5 
# tissue	 4 	 5 
# tissue	 5 	 5 
# tissue	 6 	 5 
# tissue	 7 	 5 
# tissue	 8 	 5 
# tissue	 9 	 5 
# tissue	 10 	 5 
# tissue	 11 	 5 
# tissue	 12 	 5 
# tissue	 13 	 5 
# tissue	 14 	 5 
# tissue	 15 	 5 
# tissue	 16 	 5 
# tissue	 17 	 5 
# tissue	 18 	 5 
# tissue	 19 	 5 
# tissue	 20 	 5 
# tissue	 21 	 5 
# tissue	 22 	 5 
# tissue	 23 	 5 
# tissue	 24 	 5 
# tissue	 25 	 5 
# tissue	 26 	 5 
# tissue	 27 	 5 
# tissue	 28 	 5 
# tissue	 29 	 5 
# tissue	 30 	 5 
# tissue	 31 	 5 
# tissue	 32 	 5 
# tissue	 33 	 5 
# tissue	 34 	 5 
# tissue	 35 	 5 
# tissue	 36 	 5 
# tissue	 37 	 5 
# tissue	 38 	 5 
# tissue	 39 	 5 
# tissue	 40 	 5 
# tissue	 41 	 5 
# tissue	 42 	 5 
# tissue	 43 	 5 
# tissue	 44 	 5 
# tissue	 45 	 5 
# tissue	 46 	 5 
# tissue	 47 	 5 
# tissue	 48 	 5 
# tissue	 49 	 5 
# tissue	 50 	 5 
# tissue	 51 	 5 
# tissue	 52 	 5 
# tissue	 53 	 5 
# Coefficients:
1 	 -0.0002485797 
1 	 0.005098976 
1 	 0.01005465 
1 	 0.02563162 
1 	 -0.01119175 
2 	 -8.75684e-05 
2 	 -0.002010389 
2 	 0.007384607 
2 	 -0.001811457 
2 	 -0.006971318 
3 	 0 
3 	 0 
3 	 0 
3 	 0 
3 	 0 
4 	 0.00124763 
4 	 0.0158764 
4 	 0.04217406 
4 	 -0.07172693 
4 	 -0.02558344 
5 	 0 
5 	 0 
5 	 0 
5 	 0 
5 	 0 
6 	 0.0105177 
6 	 0.1149113 
6 	 -0.3880644 
6 	 0.2010345 
6 	 -0.5204941 
7 	 0 
7 	 0 
7 	 0 
7 	 0 
7 	 0 
8 	 0 
8 	 0 
8 	 0 
8 	 0 
8 	 0 
9 	 0 
9 	 0 
9 	 0 
9 	 0 
9 	 0 
10 	 0 
10 	 0 
10 	 0 
10 	 0 
10 	 0 
11 	 0 
11 	 0 
11 	 0 
11 	 0 
11 	 0 
12 	 0 
12 	 0 
12 	 0 
12 	 0 
12 	 0 
13 	 -0.001983519 
13 	 0.05167789 
13 	 -0.1154996 
13 	 -0.3053411 
13 	 0.168872 
14 	 0 
14 	 0 
14 	 0 
14 	 0 
14 	 0 
15 	 0 
15 	 0 
15 	 0 
15 	 0 
15 	 0 
16 	 0 
16 	 0 
16 	 0 
16 	 0 
16 	 0 
17 	 -0.02103571 
17 	 -0.08319018 
17 	 0.2675939 
17 	 0.2344392 
17 	 -0.2954903 
18 	 0 
18 	 0 
18 	 0 
18 	 0 
18 	 0 
19 	 0 
19 	 0 
19 	 0 
19 	 0 
19 	 0 
20 	 0 
20 	 0 
20 	 0 
20 	 0 
20 	 0 
21 	 -0.003738199 
21 	 0.03985756 
21 	 0.1791791 
21 	 -0.1464077 
21 	 0.1254499 
22 	 -0.001345693 
22 	 -0.00435627 
22 	 0.05209427 
22 	 0.02929705 
22 	 -0.06918663 
23 	 0 
23 	 0 
23 	 0 
23 	 0 
23 	 0 
24 	 -0.00104588 
24 	 -0.1632066 
24 	 0.2754079 
24 	 -0.4862219 
24 	 0.06122611 
25 	 -0.0004817058 
25 	 0.05093434 
25 	 -0.04266095 
25 	 0.08875623 
25 	 -0.08945723 
26 	 0 
26 	 0 
26 	 0 
26 	 0 
26 	 0 
27 	 0 
27 	 0 
27 	 0 
27 	 0 
27 	 0 
28 	 0 
28 	 0 
28 	 0 
28 	 0 
28 	 0 
29 	 -0.008494264 
29 	 0.05568831 
29 	 -0.001517055 
29 	 0.06297628 
29 	 -0.05259056 
30 	 0.0008307992 
30 	 -0.1447933 
30 	 0.09830769 
30 	 0.244579 
30 	 0.03606271 
31 	 -0.01060775 
31 	 0.4515788 
31 	 0.3025874 
31 	 0.04572806 
31 	 0.1060559 
32 	 0.004846947 
32 	 -0.06024066 
32 	 -0.0115349 
32 	 -0.09413977 
32 	 0.03677689 
33 	 0 
33 	 0 
33 	 0 
33 	 0 
33 	 0 
34 	 -0.003678109 
34 	 -0.0586068 
34 	 -0.1420011 
34 	 0.05321368 
34 	 0.06386617 
35 	 -0.0007866975 
35 	 -0.01721246 
35 	 0.0004909884 
35 	 0.03201279 
35 	 0.02768441 
36 	 -0.0008561007 
36 	 -0.003959035 
36 	 0.003801531 
36 	 -0.05082981 
36 	 -0.01551497 
37 	 0 
37 	 0 
37 	 0 
37 	 0 
37 	 0 
38 	 0 
38 	 0 
38 	 0 
38 	 0 
38 	 0 
39 	 0 
39 	 0 
39 	 0 
39 	 0 
39 	 0 
40 	 0.0007641547 
40 	 -0.1732306 
40 	 -0.01587378 
40 	 0.155113 
40 	 -0.1603448 
41 	 -0.002318235 
41 	 0.02267487 
41 	 0.08969367 
41 	 0.03072703 
41 	 -0.01715113 
42 	 0 
42 	 0 
42 	 0 
42 	 0 
42 	 0 
43 	 -0.00330515 
43 	 -0.01490727 
43 	 0.1164873 
43 	 -0.09070816 
43 	 -0.0824971 
44 	 0 
44 	 0 
44 	 0 
44 	 0 
44 	 0 
45 	 0 
45 	 0 
45 	 0 
45 	 0 
45 	 0 
46 	 0 
46 	 0 
46 	 0 
46 	 0 
46 	 0 
47 	 -0.01206315 
47 	 -0.2693765 
47 	 -0.5913094 
47 	 0.3489901 
47 	 -0.21795 
48 	 0 
48 	 0 
48 	 0 
48 	 0 
48 	 0 
49 	 0.002578966 
49 	 0.03141429 
49 	 0.028348 
49 	 -0.04437352 
49 	 -0.01315136 
50 	 0 
50 	 0 
50 	 0 
50 	 0 
50 	 0 
51 	 0.003718965 
51 	 -0.1219697 
51 	 0.1548966 
51 	 -0.07838085 
51 	 -0.3130887 
52 	 0 
52 	 0 
52 	 0 
52 	 0 
52 	 0 
53 	 0 
53 	 0 
53 	 0 
53 	 0 
53 	 0 
# Gene ID	Label	Prediction
0000000003 ENSG00000061273 	 1 	 0.4426731 
0000000004 ENSG00000096717 	 1 	 0.06916712 
0000000005 ENSG00000103811 	 1 	 0.1005904 
0000000009 ENSG00000122691 	 1 	 0.1517983 
0000000011 ENSG00000124212 	 1 	 0.6856591 
0000000012 ENSG00000126458 	 1 	 0.9571786 
0000000013 ENSG00000106211 	 1 	 0.9964771 
0000000014 ENSG00000108839 	 1 	 0.9725476 
0000000016 ENSG00000133048 	 1 	 0.2253289 
0000000021 ENSG00000125538 	 1 	 0.1438506 
0000000023 ENSG00000115539 	 1 	 0.4021998 
0000000026 ENSG00000138772 	 1 	 0.07688598 
0000000028 ENSG00000114378 	 1 	 0.3764606 
0000000029 ENSG00000141448 	 1 	 0.6106661 
0000000031 ENSG00000145423 	 1 	 0.8748072 
0000000033 ENSG00000131845 	 1 	 0.08679897 
0000000034 ENSG00000102755 	 1 	 0.6293591 
0000000042 ENSG00000159216 	 1 	 0.105069 
0000000045 ENSG00000166501 	 1 	 0.05049699 
0000000047 ENSG00000173511 	 1 	 0.2826218 
0000000051 ENSG00000176692 	 1 	 0.3933381 
0000000052 ENSG00000176170 	 1 	 0.8401067 
0000000059 ENSG00000113578 	 1 	 0.1342042 
0000000060 ENSG00000163349 	 1 	 0.1076937 
0000000061 ENSG00000179348 	 1 	 0.8007163 
0000000062 ENSG00000162434 	 1 	 0.4082133 
0000000064 ENSG00000143369 	 1 	 0.9973479 
0000000065 ENSG00000012048 	 1 	 0.06595978 
0000000075 ENSG00000120156 	 1 	 0.7582147 
0000000076 ENSG00000107014 	 1 	 0.1013311 
0000000079 ENSG00000079337 	 1 	 0.1055456 
0000000003 ENSG00000105374 	 0 	 0.5448145 
0000000004 ENSG00000229809 	 0 	 0.06463499 
0000000008 ENSG00000088986 	 0 	 0.02486876 
0000000012 ENSG00000137077 	 0 	 0.9999285 
0000000015 ENSG00000138593 	 0 	 0.1425326 
0000000016 ENSG00000108679 	 0 	 0.8672233 
0000000022 ENSG00000156136 	 0 	 0.09994032 
0000000023 ENSG00000138744 	 0 	 0.3938928 
0000000025 ENSG00000160932 	 0 	 0.5850608 
0000000026 ENSG00000163864 	 0 	 0.04621631 
0000000035 ENSG00000169184 	 0 	 0.3755156 
0000000047 ENSG00000100014 	 0 	 0.3226128 
0000000060 ENSG00000162746 	 0 	 0.1019761 
0000000062 ENSG00000154920 	 0 	 0.0598256 
0000000064 ENSG00000011422 	 0 	 0.9505662 
0000000065 ENSG00000173805 	 0 	 0.1296634 
0000000067 ENSG00000006128 	 0 	 0.01368591 
0000000071 ENSG00000164733 	 0 	 0.2833155 
0000000072 ENSG00000156219 	 0 	 0.006492187 
0000000075 ENSG00000130779 	 0 	 0.06450493 
0000000076 ENSG00000105983 	 0 	 0.26021 
0000000083 ENSG00000185345 	 0 	 0.09931393 
0000000084 ENSG00000117691 	 0 	 0.04626395 
0000000087 ENSG00000160679 	 0 	 0.1006781 
0000000089 ENSG00000007341 	 0 	 0.111232 
0000000093 ENSG00000165802 	 0 	 0.3667532 
0000000095 ENSG00000124159 	 0 	 0.1020776 
0000000099 ENSG00000157978 	 0 	 0.1162747 
0000000100 ENSG00000148513 	 0 	 0.1019508 
0000000103 ENSG00000107897 	 0 	 0.2188417 
0000000104 ENSG00000125304 	 0 	 0.1389134 
0000000105 ENSG00000007923 	 0 	 0.0700902 
0000000108 ENSG00000164976 	 0 	 0.1018481 
0000000109 ENSG00000133107 	 0 	 0.1655405 
0000000112 ENSG00000206106 	 0 	 0.1020749 
0000000114 ENSG00000142168 	 0 	 0.3076368 
0000000116 ENSG00000197430 	 0 	 0.1596508 
0000000123 ENSG00000179344 	 0 	 0.1258475 
0000000124 ENSG00000198160 	 0 	 0.1007553 
0000000130 ENSG00000118263 	 0 	 0.1093784 
0000000138 ENSG00000115841 	 0 	 0.3694728 
0000000142 ENSG00000152689 	 0 	 0.1404746 
0000000145 ENSG00000105810 	 0 	 0.1025861 
0000000146 ENSG00000231925 	 0 	 0.1020046 
0000000150 ENSG00000090097 	 0 	 0.1296699 
0000000154 ENSG00000168038 	 0 	 0.08974362 
0000000155 ENSG00000164828 	 0 	 0.2057605 
0000000156 ENSG00000231738 	 0 	 0.1047723 
0000000160 ENSG00000150275 	 0 	 0.1145333 
0000000161 ENSG00000100038 	 0 	 0.06287801 
0000000167 ENSG00000234284 	 0 	 0.04426049 
0000000171 ENSG00000138029 	 0 	 0.1056718 
0000000176 ENSG00000215018 	 0 	 0.06614235 
0000000183 ENSG00000158092 	 0 	 0.2992807 
0000000187 ENSG00000144283 	 0 	 0.08014521 
0000000190 ENSG00000142856 	 0 	 0.07434328 
0000000194 ENSG00000124383 	 0 	 0.09583502 
0000000195 ENSG00000132570 	 0 	 0.08885618 
0000000197 ENSG00000172062 	 0 	 0.1367149 
0000000199 ENSG00000250722 	 0 	 0.1155119 
0000000200 ENSG00000138829 	 0 	 0.0944813 
0000000204 ENSG00000163743 	 0 	 0.1042743 
0000000205 ENSG00000034533 	 0 	 0.1340393 
0000000206 ENSG00000145864 	 0 	 0.1008139 
0000000207 ENSG00000104490 	 0 	 0.1020046 
0000000212 ENSG00000112038 	 0 	 0.1017688 
0000000213 ENSG00000135722 	 0 	 0.04692512 
0000000215 ENSG00000155926 	 0 	 0.1025354 
0000000219 ENSG00000079819 	 0 	 0.1020046 
0000000220 ENSG00000175634 	 0 	 0.07040264 
0000000223 ENSG00000175097 	 0 	 0.1020113 
0000000225 ENSG00000151348 	 0 	 0.08480462 
0000000227 ENSG00000177192 	 0 	 0.09664512 
0000000228 ENSG00000089053 	 0 	 0.3340858 
0000000233 ENSG00000166682 	 0 	 0.0985384 
0000000234 ENSG00000150995 	 0 	 0.09505205 
0000000241 ENSG00000165792 	 0 	 0.2695201 
0000000245 ENSG00000072042 	 0 	 0.1020046 
0000000249 ENSG00000140575 	 0 	 0.08703355 
0000000250 ENSG00000074803 	 0 	 0.1000321 
0000000251 ENSG00000179889 	 0 	 0.1020046 
0000000252 ENSG00000177200 	 0 	 0.2245666 
0000000256 ENSG00000230989 	 0 	 0.1053936 
0000000261 ENSG00000168961 	 0 	 0.104565 
0000000272 ENSG00000179134 	 0 	 0.102175 
0000000274 ENSG00000105357 	 0 	 0.1024692 
