# Prediction results for:	 GO:0007420 
# Model used:	 group_lasso 
# ROC AUC score:	 0.53312 
# All tissues were included
# Best penalty parameter (CV): 2.731157 
# tissue	 1 	 5 
# tissue	 2 	 5 
# tissue	 3 	 5 
# tissue	 4 	 5 
# tissue	 5 	 5 
# tissue	 6 	 5 
# tissue	 7 	 5 
# tissue	 8 	 5 
# tissue	 9 	 5 
# tissue	 10 	 5 
# tissue	 11 	 5 
# tissue	 12 	 5 
# tissue	 13 	 5 
# tissue	 14 	 5 
# tissue	 15 	 5 
# tissue	 16 	 5 
# tissue	 17 	 5 
# tissue	 18 	 5 
# tissue	 19 	 5 
# tissue	 20 	 5 
# tissue	 21 	 5 
# tissue	 22 	 5 
# tissue	 23 	 5 
# tissue	 24 	 5 
# tissue	 25 	 5 
# tissue	 26 	 5 
# tissue	 27 	 5 
# tissue	 28 	 5 
# tissue	 29 	 5 
# tissue	 30 	 5 
# tissue	 31 	 5 
# tissue	 32 	 5 
# tissue	 33 	 5 
# tissue	 34 	 5 
# tissue	 35 	 5 
# tissue	 36 	 5 
# tissue	 37 	 5 
# tissue	 38 	 5 
# tissue	 39 	 5 
# tissue	 40 	 5 
# tissue	 41 	 5 
# tissue	 42 	 5 
# tissue	 43 	 5 
# tissue	 44 	 5 
# tissue	 45 	 5 
# tissue	 46 	 5 
# tissue	 47 	 5 
# tissue	 48 	 5 
# tissue	 49 	 5 
# tissue	 50 	 5 
# tissue	 51 	 5 
# tissue	 52 	 5 
# tissue	 53 	 5 
# Coefficients:
1 	 0.001628692 
1 	 -0.02699788 
1 	 -0.006926853 
1 	 0.04813391 
1 	 0.08694608 
2 	 0.002934236 
2 	 0.03377589 
2 	 -0.0447135 
2 	 -0.02696661 
2 	 -0.06528875 
3 	 -0.01030954 
3 	 -0.07889323 
3 	 0.001567282 
3 	 -0.02452427 
3 	 0.08431349 
4 	 -0.005674719 
4 	 0.05332204 
4 	 0.0008571961 
4 	 0.0383448 
4 	 0.07832957 
5 	 0 
5 	 0 
5 	 0 
5 	 0 
5 	 0 
6 	 -0.001850761 
6 	 -0.006195841 
6 	 -0.03943634 
6 	 -0.01463904 
6 	 0.04527431 
7 	 0 
7 	 0 
7 	 0 
7 	 0 
7 	 0 
8 	 0 
8 	 0 
8 	 0 
8 	 0 
8 	 0 
9 	 -0.004768148 
9 	 0.02458567 
9 	 0.120934 
9 	 0.03991421 
9 	 0.2038273 
10 	 -0.002072488 
10 	 -0.01058467 
10 	 0.05300799 
10 	 -0.02113111 
10 	 -0.02850522 
11 	 -0.0007041912 
11 	 -0.0007087585 
11 	 -0.006419293 
11 	 0.03268631 
11 	 -0.01198842 
12 	 -0.0004930802 
12 	 0.03886475 
12 	 -0.004741381 
12 	 0.05246869 
12 	 -0.1167022 
13 	 0 
13 	 0 
13 	 0 
13 	 0 
13 	 0 
14 	 0 
14 	 0 
14 	 0 
14 	 0 
14 	 0 
15 	 0 
15 	 0 
15 	 0 
15 	 0 
15 	 0 
16 	 0.003056081 
16 	 -0.05129378 
16 	 0.05268109 
16 	 -0.02928461 
16 	 -0.02620869 
17 	 0 
17 	 0 
17 	 0 
17 	 0 
17 	 0 
18 	 0.01549238 
18 	 0.3259008 
18 	 -0.0554994 
18 	 0.7643378 
18 	 0.4389513 
19 	 0 
19 	 0 
19 	 0 
19 	 0 
19 	 0 
20 	 0 
20 	 0 
20 	 0 
20 	 0 
20 	 0 
21 	 0 
21 	 0 
21 	 0 
21 	 0 
21 	 0 
22 	 0 
22 	 0 
22 	 0 
22 	 0 
22 	 0 
23 	 0 
23 	 0 
23 	 0 
23 	 0 
23 	 0 
24 	 7.527772e-05 
24 	 0.001025162 
24 	 -0.00256658 
24 	 -0.002631478 
24 	 -0.00171653 
25 	 0 
25 	 0 
25 	 0 
25 	 0 
25 	 0 
26 	 0.0030844 
26 	 -0.02719669 
26 	 -0.1313573 
26 	 -0.05434938 
26 	 -0.06128816 
27 	 0.001187555 
27 	 -0.001919283 
27 	 0.02776258 
27 	 0.006200774 
27 	 0.01317998 
28 	 0 
28 	 0 
28 	 0 
28 	 0 
28 	 0 
29 	 0 
29 	 0 
29 	 0 
29 	 0 
29 	 0 
30 	 0 
30 	 0 
30 	 0 
30 	 0 
30 	 0 
31 	 0 
31 	 0 
31 	 0 
31 	 0 
31 	 0 
32 	 0.001783185 
32 	 -0.05449661 
32 	 0.03206703 
32 	 -0.01148346 
32 	 0.05588405 
33 	 0 
33 	 0 
33 	 0 
33 	 0 
33 	 0 
34 	 0 
34 	 0 
34 	 0 
34 	 0 
34 	 0 
35 	 0.006306112 
35 	 -0.2260984 
35 	 0.04679561 
35 	 0.05102015 
35 	 -0.2658194 
36 	 0.001428861 
36 	 0.01672756 
36 	 -0.2963341 
36 	 -0.02441823 
36 	 -0.04705631 
37 	 -0.005843897 
37 	 0.0157933 
37 	 -0.1609961 
37 	 -0.2062002 
37 	 -0.09777786 
38 	 0 
38 	 0 
38 	 0 
38 	 0 
38 	 0 
39 	 0.001877337 
39 	 -0.02708246 
39 	 -0.1381342 
39 	 -0.02815073 
39 	 0.1933243 
40 	 0 
40 	 0 
40 	 0 
40 	 0 
40 	 0 
41 	 0 
41 	 0 
41 	 0 
41 	 0 
41 	 0 
42 	 0.001019801 
42 	 0.003426027 
42 	 -0.05111046 
42 	 -0.01439608 
42 	 0.06501199 
43 	 0 
43 	 0 
43 	 0 
43 	 0 
43 	 0 
44 	 -0.007257975 
44 	 0.00827536 
44 	 -0.09660604 
44 	 -0.03101322 
44 	 -0.008584554 
45 	 -0.0006003699 
45 	 0.1505969 
45 	 0.100915 
45 	 0.05238567 
45 	 -0.007925841 
46 	 0.001132235 
46 	 0.0295086 
46 	 0.004357754 
46 	 0.02778886 
46 	 0.01363047 
47 	 0 
47 	 0 
47 	 0 
47 	 0 
47 	 0 
48 	 0 
48 	 0 
48 	 0 
48 	 0 
48 	 0 
49 	 0.0035222 
49 	 -0.01210905 
49 	 0.01283079 
49 	 -0.007902148 
49 	 0.02741211 
50 	 0.005718446 
50 	 -0.2342338 
50 	 -0.03522203 
50 	 -0.3843523 
50 	 -0.1554132 
51 	 0 
51 	 0 
51 	 0 
51 	 0 
51 	 0 
52 	 0 
52 	 0 
52 	 0 
52 	 0 
52 	 0 
53 	 0 
53 	 0 
53 	 0 
53 	 0 
53 	 0 
# Gene ID	Label	Prediction
0000000003 ENSG00000040531 	 1 	 0.2216042 
0000000004 ENSG00000114062 	 1 	 0.4024562 
0000000005 ENSG00000115844 	 1 	 0.2249396 
0000000008 ENSG00000132467 	 1 	 0.5029516 
0000000009 ENSG00000103034 	 1 	 0.2029246 
0000000012 ENSG00000066629 	 1 	 0.01777607 
0000000013 ENSG00000079462 	 1 	 0.2722384 
0000000014 ENSG00000115839 	 1 	 0.04864435 
0000000015 ENSG00000115657 	 1 	 0.8208993 
0000000017 ENSG00000145375 	 1 	 0.2017643 
0000000018 ENSG00000150540 	 1 	 0.2068208 
0000000024 ENSG00000163508 	 1 	 0.1887411 
0000000028 ENSG00000172379 	 1 	 0.3794042 
0000000032 ENSG00000168209 	 1 	 0.3631329 
0000000033 ENSG00000173805 	 1 	 0.1935581 
0000000036 ENSG00000177103 	 1 	 0.2119121 
0000000037 ENSG00000067836 	 1 	 0.07290229 
0000000046 ENSG00000184271 	 1 	 0.1651217 
0000000048 ENSG00000108465 	 1 	 0.09264177 
0000000049 ENSG00000187961 	 1 	 0.0731117 
0000000052 ENSG00000189056 	 1 	 0.2219712 
0000000054 ENSG00000189184 	 1 	 0.3447451 
0000000056 ENSG00000136861 	 1 	 0.5097419 
0000000069 ENSG00000092621 	 1 	 0.1617709 
0000000070 ENSG00000102038 	 1 	 0.009896898 
0000000071 ENSG00000180772 	 1 	 0.08034049 
0000000073 ENSG00000099284 	 1 	 0.2190803 
0000000075 ENSG00000043355 	 1 	 0.5189879 
0000000080 ENSG00000182583 	 1 	 0.1624984 
0000000085 ENSG00000100888 	 1 	 0.5656009 
0000000086 ENSG00000142700 	 1 	 0.1648123 
0000000087 ENSG00000112139 	 1 	 0.0785361 
0000000003 ENSG00000239672 	 0 	 0.3761377 
0000000004 ENSG00000159885 	 0 	 0.3039897 
0000000005 ENSG00000101849 	 0 	 0.1361628 
0000000007 ENSG00000105388 	 0 	 0.4987026 
0000000012 ENSG00000104213 	 0 	 0.1755238 
0000000019 ENSG00000068078 	 0 	 0.1330354 
0000000021 ENSG00000127418 	 0 	 0.1265999 
0000000025 ENSG00000186818 	 0 	 0.1386841 
0000000026 ENSG00000143889 	 0 	 0.03846306 
0000000028 ENSG00000118965 	 0 	 0.2999098 
0000000029 ENSG00000152953 	 0 	 0.1547318 
0000000030 ENSG00000153560 	 0 	 0.2133779 
0000000032 ENSG00000165637 	 0 	 0.1442029 
0000000035 ENSG00000166866 	 0 	 0.1700493 
0000000039 ENSG00000065665 	 0 	 0.6253453 
0000000044 ENSG00000171150 	 0 	 0.1467002 
0000000051 ENSG00000177692 	 0 	 0.1865337 
0000000056 ENSG00000145284 	 0 	 0.4905531 
0000000060 ENSG00000155229 	 0 	 0.146795 
0000000070 ENSG00000011422 	 0 	 0.2839582 
0000000077 ENSG00000133104 	 0 	 0.2971273 
0000000078 ENSG00000135316 	 0 	 0.2920718 
0000000083 ENSG00000197905 	 0 	 0.26482 
0000000084 ENSG00000119866 	 0 	 0.1468731 
0000000088 ENSG00000198715 	 0 	 0.3641407 
0000000094 ENSG00000143552 	 0 	 0.1832929 
0000000097 ENSG00000168438 	 0 	 0.181749 
0000000100 ENSG00000203933 	 0 	 0.1770715 
0000000105 ENSG00000095970 	 0 	 0.8645307 
0000000110 ENSG00000204217 	 0 	 0.5297836 
0000000112 ENSG00000086991 	 0 	 0.1156124 
0000000113 ENSG00000137404 	 0 	 0.3679329 
0000000115 ENSG00000116198 	 0 	 0.1566785 
0000000116 ENSG00000205002 	 0 	 0.0984638 
0000000120 ENSG00000165556 	 0 	 0.1779433 
0000000122 ENSG00000111728 	 0 	 0.1305796 
0000000124 ENSG00000152620 	 0 	 0.1555955 
0000000128 ENSG00000143748 	 0 	 0.2030084 
0000000132 ENSG00000178573 	 0 	 0.114065 
0000000133 ENSG00000050748 	 0 	 0.1007902 
0000000141 ENSG00000100243 	 0 	 0.1698103 
0000000143 ENSG00000100201 	 0 	 0.1433643 
0000000144 ENSG00000152689 	 0 	 0.4025942 
0000000149 ENSG00000077380 	 0 	 0.9960982 
0000000153 ENSG00000197818 	 0 	 0.2928517 
0000000162 ENSG00000077380 	 0 	 0.1433711 
0000000163 ENSG00000224650 	 0 	 0.3437335 
0000000168 ENSG00000136758 	 0 	 0.1435442 
0000000171 ENSG00000184792 	 0 	 0.1452363 
0000000172 ENSG00000151422 	 0 	 0.1426944 
0000000173 ENSG00000182621 	 0 	 0.1436727 
0000000185 ENSG00000068903 	 0 	 0.1661118 
0000000187 ENSG00000163681 	 0 	 0.4415175 
0000000193 ENSG00000237452 	 0 	 0.1590903 
0000000195 ENSG00000131142 	 0 	 0.1414583 
0000000196 ENSG00000198520 	 0 	 0.1226467 
0000000202 ENSG00000139631 	 0 	 0.07858751 
0000000205 ENSG00000134253 	 0 	 0.02621163 
0000000211 ENSG00000150753 	 0 	 0.3468528 
0000000212 ENSG00000133063 	 0 	 0.1451381 
0000000213 ENSG00000138050 	 0 	 0.1910613 
0000000214 ENSG00000126545 	 0 	 0.1450677 
0000000215 ENSG00000089335 	 0 	 0.1462577 
0000000216 ENSG00000250120 	 0 	 0.235887 
0000000218 ENSG00000152953 	 0 	 0.1718025 
0000000221 ENSG00000169116 	 0 	 0.002103257 
0000000222 ENSG00000038427 	 0 	 0.1261525 
0000000226 ENSG00000129951 	 0 	 0.2500482 
0000000227 ENSG00000154263 	 0 	 0.06907638 
0000000233 ENSG00000149187 	 0 	 0.1426546 
0000000236 ENSG00000134575 	 0 	 0.1421108 
0000000242 ENSG00000014216 	 0 	 0.2038933 
0000000243 ENSG00000165185 	 0 	 0.1685349 
0000000247 ENSG00000185737 	 0 	 0.1557786 
0000000249 ENSG00000070269 	 0 	 0.1435239 
0000000252 ENSG00000213020 	 0 	 0.1317469 
0000000253 ENSG00000167770 	 0 	 0.08011128 
0000000256 ENSG00000157551 	 0 	 0.1454354 
0000000258 ENSG00000088986 	 0 	 0.165349 
0000000259 ENSG00000119711 	 0 	 0.1722519 
0000000261 ENSG00000100591 	 0 	 0.07153087 
0000000262 ENSG00000140254 	 0 	 0.1831502 
0000000264 ENSG00000100938 	 0 	 0.1043772 
0000000267 ENSG00000105419 	 0 	 0.1597163 
0000000270 ENSG00000159720 	 0 	 0.2025771 
0000000272 ENSG00000125124 	 0 	 0.08063503 
0000000277 ENSG00000103415 	 0 	 0.1614827 
0000000281 ENSG00000076382 	 0 	 0.1301223 
0000000286 ENSG00000189144 	 0 	 0.2117574 
0000000291 ENSG00000161265 	 0 	 0.1679559 
0000000294 ENSG00000167774 	 0 	 0.1449487 
0000000295 ENSG00000077463 	 0 	 0.1423075 
0000000297 ENSG00000134954 	 0 	 0.1515921 
