# Prediction results for:	 GO:0051153 
# Model used:	 group_lasso 
# ROC AUC score:	 0.5847111 
# All tissues were included
# Best penalty parameter (CV): 0.5988237 
# tissue	 1 	 5 
# tissue	 2 	 5 
# tissue	 3 	 5 
# tissue	 4 	 5 
# tissue	 5 	 5 
# tissue	 6 	 5 
# tissue	 7 	 5 
# tissue	 8 	 5 
# tissue	 9 	 5 
# tissue	 10 	 5 
# tissue	 11 	 5 
# tissue	 12 	 5 
# tissue	 13 	 5 
# tissue	 14 	 5 
# tissue	 15 	 5 
# tissue	 16 	 5 
# tissue	 17 	 5 
# tissue	 18 	 5 
# tissue	 19 	 5 
# tissue	 20 	 5 
# tissue	 21 	 5 
# tissue	 22 	 5 
# tissue	 23 	 5 
# tissue	 24 	 5 
# tissue	 25 	 5 
# tissue	 26 	 5 
# tissue	 27 	 5 
# tissue	 28 	 5 
# tissue	 29 	 5 
# tissue	 30 	 5 
# tissue	 31 	 5 
# tissue	 32 	 5 
# tissue	 33 	 5 
# tissue	 34 	 5 
# tissue	 35 	 5 
# tissue	 36 	 5 
# tissue	 37 	 5 
# tissue	 38 	 5 
# tissue	 39 	 5 
# tissue	 40 	 5 
# tissue	 41 	 5 
# tissue	 42 	 5 
# tissue	 43 	 5 
# tissue	 44 	 5 
# tissue	 45 	 5 
# tissue	 46 	 5 
# tissue	 47 	 5 
# tissue	 48 	 5 
# tissue	 49 	 5 
# tissue	 50 	 5 
# tissue	 51 	 5 
# tissue	 52 	 5 
# tissue	 53 	 5 
# Coefficients:
1 	 0 
1 	 0 
1 	 0 
1 	 0 
1 	 0 
2 	 0 
2 	 0 
2 	 0 
2 	 0 
2 	 0 
3 	 -0.05086585 
3 	 0.5634383 
3 	 -0.4438613 
3 	 -1.22802 
3 	 -0.08601742 
4 	 0 
4 	 0 
4 	 0 
4 	 0 
4 	 0 
5 	 0 
5 	 0 
5 	 0 
5 	 0 
5 	 0 
6 	 0 
6 	 0 
6 	 0 
6 	 0 
6 	 0 
7 	 -0.01423679 
7 	 0.135729 
7 	 -0.2010001 
7 	 -0.01840876 
7 	 -1.237427 
8 	 0 
8 	 0 
8 	 0 
8 	 0 
8 	 0 
9 	 0.003089255 
9 	 -0.1973322 
9 	 -0.2738501 
9 	 0.0587345 
9 	 0.5293518 
10 	 0 
10 	 0 
10 	 0 
10 	 0 
10 	 0 
11 	 0.002965793 
11 	 0.05087384 
11 	 0.02959934 
11 	 0.02327682 
11 	 0.06447704 
12 	 0 
12 	 0 
12 	 0 
12 	 0 
12 	 0 
13 	 0.0182959 
13 	 0.07200678 
13 	 -0.08497334 
13 	 0.3573783 
13 	 -0.5292526 
14 	 0 
14 	 0 
14 	 0 
14 	 0 
14 	 0 
15 	 -0.001920939 
15 	 0.03696436 
15 	 0.1817279 
15 	 -0.2550667 
15 	 -0.2370415 
16 	 0.008502448 
16 	 -0.07055762 
16 	 0.06573151 
16 	 0.05118244 
16 	 -0.1475586 
17 	 -0.05942475 
17 	 -0.5628892 
17 	 -0.04980366 
17 	 0.5119595 
17 	 -0.3561439 
18 	 0.04333751 
18 	 1.220311 
18 	 1.187373 
18 	 -1.202911 
18 	 1.977072 
19 	 0 
19 	 0 
19 	 0 
19 	 0 
19 	 0 
20 	 0 
20 	 0 
20 	 0 
20 	 0 
20 	 0 
21 	 0 
21 	 0 
21 	 0 
21 	 0 
21 	 0 
22 	 0 
22 	 0 
22 	 0 
22 	 0 
22 	 0 
23 	 0 
23 	 0 
23 	 0 
23 	 0 
23 	 0 
24 	 0.004787006 
24 	 -0.02785642 
24 	 -0.2545676 
24 	 0.6951888 
24 	 0.1772504 
25 	 -0.002804353 
25 	 0.07245167 
25 	 0.2953093 
25 	 0.3081165 
25 	 0.01232865 
26 	 0 
26 	 0 
26 	 0 
26 	 0 
26 	 0 
27 	 0 
27 	 0 
27 	 0 
27 	 0 
27 	 0 
28 	 0.001508751 
28 	 -0.01591561 
28 	 0.004615293 
28 	 -0.04440346 
28 	 -0.04527198 
29 	 0.05436711 
29 	 -0.2301846 
29 	 -0.09951903 
29 	 0.7014799 
29 	 0.934419 
30 	 0 
30 	 0 
30 	 0 
30 	 0 
30 	 0 
31 	 -0.01719407 
31 	 0.6952835 
31 	 -0.6373644 
31 	 -0.04236087 
31 	 -0.07672902 
32 	 -0.03702565 
32 	 0.3096926 
32 	 0.07569732 
32 	 0.2308944 
32 	 -0.2132054 
33 	 0 
33 	 0 
33 	 0 
33 	 0 
33 	 0 
34 	 0 
34 	 0 
34 	 0 
34 	 0 
34 	 0 
35 	 0 
35 	 0 
35 	 0 
35 	 0 
35 	 0 
36 	 0 
36 	 0 
36 	 0 
36 	 0 
36 	 0 
37 	 0 
37 	 0 
37 	 0 
37 	 0 
37 	 0 
38 	 -0.04604259 
38 	 -0.6425708 
38 	 0.6795446 
38 	 -0.4499913 
38 	 0.2677781 
39 	 -0.003396972 
39 	 0.04024778 
39 	 0.239709 
39 	 -0.3507561 
39 	 0.03174978 
40 	 0 
40 	 0 
40 	 0 
40 	 0 
40 	 0 
41 	 0 
41 	 0 
41 	 0 
41 	 0 
41 	 0 
42 	 0 
42 	 0 
42 	 0 
42 	 0 
42 	 0 
43 	 0 
43 	 0 
43 	 0 
43 	 0 
43 	 0 
44 	 0.04272812 
44 	 0.2664193 
44 	 -0.2074746 
44 	 -0.6146047 
44 	 2.300831 
45 	 0.00824731 
45 	 -0.05600297 
45 	 -0.1406306 
45 	 -0.2285654 
45 	 0.1479848 
46 	 0 
46 	 0 
46 	 0 
46 	 0 
46 	 0 
47 	 0 
47 	 0 
47 	 0 
47 	 0 
47 	 0 
48 	 0 
48 	 0 
48 	 0 
48 	 0 
48 	 0 
49 	 -0.005088729 
49 	 -0.1315372 
49 	 -0.131082 
49 	 0.2134315 
49 	 -0.07249308 
50 	 0 
50 	 0 
50 	 0 
50 	 0 
50 	 0 
51 	 0 
51 	 0 
51 	 0 
51 	 0 
51 	 0 
52 	 0 
52 	 0 
52 	 0 
52 	 0 
52 	 0 
53 	 0 
53 	 0 
53 	 0 
53 	 0 
53 	 0 
# Gene ID	Label	Prediction
0000000003 ENSG00000100219 	 1 	 2.669434e-06 
0000000008 ENSG00000111046 	 1 	 0.9696 
0000000009 ENSG00000111049 	 1 	 0.1552253 
0000000012 ENSG00000123095 	 1 	 0.9954518 
0000000013 ENSG00000125266 	 1 	 0.91632 
0000000018 ENSG00000024422 	 1 	 0.9933416 
0000000022 ENSG00000151320 	 1 	 0.3312914 
0000000027 ENSG00000163217 	 1 	 0.3823331 
0000000030 ENSG00000157227 	 1 	 0.1656208 
0000000031 ENSG00000180535 	 1 	 0.02168476 
0000000033 ENSG00000110047 	 1 	 0.07700074 
0000000034 ENSG00000183072 	 1 	 0.1360948 
0000000035 ENSG00000184058 	 1 	 0.08431961 
0000000038 ENSG00000182533 	 1 	 0.9828055 
0000000040 ENSG00000068024 	 1 	 0.5462523 
0000000042 ENSG00000170776 	 1 	 0.08687401 
0000000043 ENSG00000107984 	 1 	 0.006766781 
0000000044 ENSG00000125845 	 1 	 0.5728112 
0000000008 ENSG00000106178 	 0 	 0.06530715 
0000000020 ENSG00000084676 	 0 	 0.01207403 
0000000021 ENSG00000158683 	 0 	 0.0752525 
0000000023 ENSG00000161920 	 0 	 0.1277969 
0000000024 ENSG00000162975 	 0 	 0.1723857 
0000000030 ENSG00000146151 	 0 	 0.06673027 
0000000032 ENSG00000053900 	 0 	 0.06908547 
0000000033 ENSG00000178358 	 0 	 0.07738666 
0000000039 ENSG00000186897 	 0 	 0.008594311 
0000000043 ENSG00000067177 	 0 	 0.001589027 
0000000048 ENSG00000119720 	 0 	 0.01974892 
0000000049 ENSG00000196712 	 0 	 0.01128233 
0000000050 ENSG00000198216 	 0 	 0.07627854 
0000000051 ENSG00000170325 	 0 	 0.03369755 
0000000056 ENSG00000186575 	 0 	 0.02786951 
0000000057 ENSG00000099715 	 0 	 0.05749799 
0000000058 ENSG00000182901 	 0 	 0.06335646 
0000000061 ENSG00000142864 	 0 	 4.170617e-05 
0000000071 ENSG00000118004 	 0 	 0.2323729 
0000000072 ENSG00000211807 	 0 	 0.02062849 
0000000073 ENSG00000188042 	 0 	 0.2179198 
0000000078 ENSG00000099840 	 0 	 0.3000164 
0000000080 ENSG00000166452 	 0 	 0.1925528 
0000000085 ENSG00000183765 	 0 	 0.04393439 
0000000086 ENSG00000138380 	 0 	 0.01149147 
0000000093 ENSG00000172037 	 0 	 0.02725531 
0000000094 ENSG00000162600 	 0 	 0.1046812 
0000000101 ENSG00000073584 	 0 	 0.01828749 
0000000105 ENSG00000136279 	 0 	 0.01760286 
0000000107 ENSG00000170379 	 0 	 0.06384318 
0000000108 ENSG00000131446 	 0 	 0.7025525 
0000000117 ENSG00000164897 	 0 	 0.007764572 
0000000118 ENSG00000172053 	 0 	 0.1282329 
0000000120 ENSG00000165113 	 0 	 0.5576633 
0000000122 ENSG00000102786 	 0 	 0.4122405 
0000000124 ENSG00000183826 	 0 	 0.06055256 
0000000126 ENSG00000109466 	 0 	 0.07603243 
0000000127 ENSG00000196353 	 0 	 0.9635361 
0000000128 ENSG00000138698 	 0 	 0.06126038 
0000000133 ENSG00000156802 	 0 	 0.01315513 
0000000137 ENSG00000160703 	 0 	 0.06078762 
0000000140 ENSG00000086991 	 0 	 0.04896525 
0000000142 ENSG00000111907 	 0 	 0.03751312 
0000000144 ENSG00000175274 	 0 	 0.01420272 
0000000145 ENSG00000105676 	 0 	 0.6924344 
0000000152 ENSG00000069431 	 0 	 0.03413652 
0000000154 ENSG00000171759 	 0 	 0.2285154 
0000000155 ENSG00000039987 	 0 	 0.2634738 
0000000157 ENSG00000188488 	 0 	 0.06242747 
0000000158 ENSG00000157823 	 0 	 0.06538411 
0000000160 ENSG00000168928 	 0 	 0.01055884 
0000000164 ENSG00000135740 	 0 	 0.0001609684 
0000000166 ENSG00000140995 	 0 	 0.06382256 
0000000172 ENSG00000180891 	 0 	 0.1468825 
0000000173 ENSG00000108654 	 0 	 0.06375517 
0000000174 ENSG00000108582 	 0 	 0.002003764 
0000000178 ENSG00000153822 	 0 	 0.06212875 
