# Prediction results for:	 GO:0002449 
# Model used:	 group_lasso 
# ROC AUC score:	 0.6055485 
# All tissues were included
# Best penalty parameter (CV): 4.130283 
# tissue	 1 	 5 
# tissue	 2 	 5 
# tissue	 3 	 5 
# tissue	 4 	 5 
# tissue	 5 	 5 
# tissue	 6 	 5 
# tissue	 7 	 5 
# tissue	 8 	 5 
# tissue	 9 	 5 
# tissue	 10 	 5 
# tissue	 11 	 5 
# tissue	 12 	 5 
# tissue	 13 	 5 
# tissue	 14 	 5 
# tissue	 15 	 5 
# tissue	 16 	 5 
# tissue	 17 	 5 
# tissue	 18 	 5 
# tissue	 19 	 5 
# tissue	 20 	 5 
# tissue	 21 	 5 
# tissue	 22 	 5 
# tissue	 23 	 5 
# tissue	 24 	 5 
# tissue	 25 	 5 
# tissue	 26 	 5 
# tissue	 27 	 5 
# tissue	 28 	 5 
# tissue	 29 	 5 
# tissue	 30 	 5 
# tissue	 31 	 5 
# tissue	 32 	 5 
# tissue	 33 	 5 
# tissue	 34 	 5 
# tissue	 35 	 5 
# tissue	 36 	 5 
# tissue	 37 	 5 
# tissue	 38 	 5 
# tissue	 39 	 5 
# tissue	 40 	 5 
# tissue	 41 	 5 
# tissue	 42 	 5 
# tissue	 43 	 5 
# tissue	 44 	 5 
# tissue	 45 	 5 
# tissue	 46 	 5 
# tissue	 47 	 5 
# tissue	 48 	 5 
# tissue	 49 	 5 
# tissue	 50 	 5 
# tissue	 51 	 5 
# tissue	 52 	 5 
# tissue	 53 	 5 
# Coefficients:
1 	 0 
1 	 0 
1 	 0 
1 	 0 
1 	 0 
2 	 0 
2 	 0 
2 	 0 
2 	 0 
2 	 0 
3 	 -0.001191227 
3 	 0.02430869 
3 	 0.0323316 
3 	 -0.1163035 
3 	 0.1722769 
4 	 0 
4 	 0 
4 	 0 
4 	 0 
4 	 0 
5 	 0 
5 	 0 
5 	 0 
5 	 0 
5 	 0 
6 	 0 
6 	 0 
6 	 0 
6 	 0 
6 	 0 
7 	 0 
7 	 0 
7 	 0 
7 	 0 
7 	 0 
8 	 0 
8 	 0 
8 	 0 
8 	 0 
8 	 0 
9 	 0 
9 	 0 
9 	 0 
9 	 0 
9 	 0 
10 	 0 
10 	 0 
10 	 0 
10 	 0 
10 	 0 
11 	 0 
11 	 0 
11 	 0 
11 	 0 
11 	 0 
12 	 0 
12 	 0 
12 	 0 
12 	 0 
12 	 0 
13 	 0 
13 	 0 
13 	 0 
13 	 0 
13 	 0 
14 	 0 
14 	 0 
14 	 0 
14 	 0 
14 	 0 
15 	 0 
15 	 0 
15 	 0 
15 	 0 
15 	 0 
16 	 0 
16 	 0 
16 	 0 
16 	 0 
16 	 0 
17 	 0.006140592 
17 	 -0.1730145 
17 	 0.1680319 
17 	 0.0441522 
17 	 -0.07349618 
18 	 0 
18 	 0 
18 	 0 
18 	 0 
18 	 0 
19 	 0 
19 	 0 
19 	 0 
19 	 0 
19 	 0 
20 	 7.912953e-05 
20 	 -0.02289742 
20 	 -0.1388942 
20 	 -0.4317278 
20 	 -0.1583774 
21 	 0 
21 	 0 
21 	 0 
21 	 0 
21 	 0 
22 	 0 
22 	 0 
22 	 0 
22 	 0 
22 	 0 
23 	 0 
23 	 0 
23 	 0 
23 	 0 
23 	 0 
24 	 0 
24 	 0 
24 	 0 
24 	 0 
24 	 0 
25 	 0 
25 	 0 
25 	 0 
25 	 0 
25 	 0 
26 	 0 
26 	 0 
26 	 0 
26 	 0 
26 	 0 
27 	 0 
27 	 0 
27 	 0 
27 	 0 
27 	 0 
28 	 0 
28 	 0 
28 	 0 
28 	 0 
28 	 0 
29 	 0 
29 	 0 
29 	 0 
29 	 0 
29 	 0 
30 	 0 
30 	 0 
30 	 0 
30 	 0 
30 	 0 
31 	 0.002939351 
31 	 0.1702232 
31 	 -0.01031474 
31 	 0.0946475 
31 	 -0.054372 
32 	 0 
32 	 0 
32 	 0 
32 	 0 
32 	 0 
33 	 0 
33 	 0 
33 	 0 
33 	 0 
33 	 0 
34 	 0 
34 	 0 
34 	 0 
34 	 0 
34 	 0 
35 	 0 
35 	 0 
35 	 0 
35 	 0 
35 	 0 
36 	 0 
36 	 0 
36 	 0 
36 	 0 
36 	 0 
37 	 0 
37 	 0 
37 	 0 
37 	 0 
37 	 0 
38 	 0 
38 	 0 
38 	 0 
38 	 0 
38 	 0 
39 	 0 
39 	 0 
39 	 0 
39 	 0 
39 	 0 
40 	 0 
40 	 0 
40 	 0 
40 	 0 
40 	 0 
41 	 0 
41 	 0 
41 	 0 
41 	 0 
41 	 0 
42 	 0 
42 	 0 
42 	 0 
42 	 0 
42 	 0 
43 	 0.0007949942 
43 	 0.003654917 
43 	 -0.009147184 
43 	 -0.04897159 
43 	 0.01770101 
44 	 0 
44 	 0 
44 	 0 
44 	 0 
44 	 0 
45 	 -0.0002377923 
45 	 -0.005332304 
45 	 -0.003006429 
45 	 0.001072677 
45 	 0.03877341 
46 	 0 
46 	 0 
46 	 0 
46 	 0 
46 	 0 
47 	 0 
47 	 0 
47 	 0 
47 	 0 
47 	 0 
48 	 -0.0002636115 
48 	 0.008551569 
48 	 -0.008014997 
48 	 0.01897349 
48 	 0.01168785 
49 	 0 
49 	 0 
49 	 0 
49 	 0 
49 	 0 
50 	 -0.001923689 
50 	 -0.1522829 
50 	 0.1418934 
50 	 0.201199 
50 	 -0.1693249 
51 	 0 
51 	 0 
51 	 0 
51 	 0 
51 	 0 
52 	 0 
52 	 0 
52 	 0 
52 	 0 
52 	 0 
53 	 0 
53 	 0 
53 	 0 
53 	 0 
53 	 0 
# Gene ID	Label	Prediction
0000000003 ENSG00000019582 	 1 	 0.8425802 
0000000006 ENSG00000103811 	 1 	 0.1568656 
0000000008 ENSG00000113520 	 1 	 0.1535309 
0000000009 ENSG00000095002 	 1 	 0.2148959 
0000000010 ENSG00000018280 	 1 	 0.3736224 
0000000015 ENSG00000136286 	 1 	 0.6169279 
0000000018 ENSG00000153563 	 1 	 0.2479423 
0000000019 ENSG00000153879 	 1 	 0.277422 
0000000024 ENSG00000134539 	 1 	 0.2033323 
0000000025 ENSG00000188372 	 1 	 0.2169254 
0000000026 ENSG00000188393 	 1 	 0.1535242 
0000000029 ENSG00000186470 	 1 	 0.5246543 
0000000037 ENSG00000198502 	 1 	 0.4297043 
0000000040 ENSG00000204520 	 1 	 0.1506113 
0000000003 ENSG00000101446 	 0 	 0.1547565 
0000000005 ENSG00000130227 	 0 	 0.1978207 
0000000009 ENSG00000145425 	 0 	 0.09210481 
0000000011 ENSG00000144848 	 0 	 0.2044168 
0000000013 ENSG00000171724 	 0 	 0.3421299 
0000000017 ENSG00000127585 	 0 	 0.1199214 
0000000021 ENSG00000184451 	 0 	 0.1631627 
0000000026 ENSG00000183092 	 0 	 0.168136 
0000000029 ENSG00000060718 	 0 	 0.1539913 
0000000034 ENSG00000187180 	 0 	 0.1501289 
0000000037 ENSG00000124201 	 0 	 0.1535309 
0000000038 ENSG00000160446 	 0 	 0.1434128 
0000000041 ENSG00000173744 	 0 	 0.1572973 
0000000044 ENSG00000119326 	 0 	 0.2092072 
0000000045 ENSG00000125844 	 0 	 0.2224838 
0000000047 ENSG00000172766 	 0 	 0.1770093 
0000000050 ENSG00000104763 	 0 	 0.160341 
0000000051 ENSG00000242875 	 0 	 0.1535309 
0000000059 ENSG00000163636 	 0 	 0.154834 
0000000068 ENSG00000007372 	 0 	 0.1335671 
0000000069 ENSG00000182111 	 0 	 0.1535059 
0000000074 ENSG00000203747 	 0 	 0.6616721 
0000000076 ENSG00000108312 	 0 	 0.03570472 
0000000083 ENSG00000121716 	 0 	 0.1070759 
0000000086 ENSG00000124783 	 0 	 0.1659218 
0000000091 ENSG00000128510 	 0 	 0.1535309 
0000000095 ENSG00000187689 	 0 	 0.165268 
0000000097 ENSG00000205571 	 0 	 0.1467567 
0000000099 ENSG00000221947 	 0 	 0.1650722 
0000000101 ENSG00000184428 	 0 	 0.1540606 
0000000106 ENSG00000110077 	 0 	 0.1524453 
0000000107 ENSG00000099834 	 0 	 0.03840535 
0000000108 ENSG00000179526 	 0 	 0.1562652 
0000000109 ENSG00000166311 	 0 	 0.1849469 
0000000112 ENSG00000119725 	 0 	 0.1535409 
0000000114 ENSG00000119723 	 0 	 0.1532031 
0000000115 ENSG00000258839 	 0 	 0.1257572 
0000000121 ENSG00000102900 	 0 	 0.1646597 
0000000125 ENSG00000091262 	 0 	 0.08884494 
0000000128 ENSG00000105705 	 0 	 0.129212 
0000000129 ENSG00000176014 	 0 	 0.1535045 
0000000133 ENSG00000204611 	 0 	 0.1524223 
