# Prediction results for:	 GO:0002027 
# Model used:	 group_lasso 
# ROC AUC score:	 0.5647838 
# All tissues were included
# Best penalty parameter (CV): 0.5322465 
# tissue	 1 	 5 
# tissue	 2 	 5 
# tissue	 3 	 5 
# tissue	 4 	 5 
# tissue	 5 	 5 
# tissue	 6 	 5 
# tissue	 7 	 5 
# tissue	 8 	 5 
# tissue	 9 	 5 
# tissue	 10 	 5 
# tissue	 11 	 5 
# tissue	 12 	 5 
# tissue	 13 	 5 
# tissue	 14 	 5 
# tissue	 15 	 5 
# tissue	 16 	 5 
# tissue	 17 	 5 
# tissue	 18 	 5 
# tissue	 19 	 5 
# tissue	 20 	 5 
# tissue	 21 	 5 
# tissue	 22 	 5 
# tissue	 23 	 5 
# tissue	 24 	 5 
# tissue	 25 	 5 
# tissue	 26 	 5 
# tissue	 27 	 5 
# tissue	 28 	 5 
# tissue	 29 	 5 
# tissue	 30 	 5 
# tissue	 31 	 5 
# tissue	 32 	 5 
# tissue	 33 	 5 
# tissue	 34 	 5 
# tissue	 35 	 5 
# tissue	 36 	 5 
# tissue	 37 	 5 
# tissue	 38 	 5 
# tissue	 39 	 5 
# tissue	 40 	 5 
# tissue	 41 	 5 
# tissue	 42 	 5 
# tissue	 43 	 5 
# tissue	 44 	 5 
# tissue	 45 	 5 
# tissue	 46 	 5 
# tissue	 47 	 5 
# tissue	 48 	 5 
# tissue	 49 	 5 
# tissue	 50 	 5 
# tissue	 51 	 5 
# tissue	 52 	 5 
# tissue	 53 	 5 
# Coefficients:
1 	 0 
1 	 0 
1 	 0 
1 	 0 
1 	 0 
2 	 -0.001379116 
2 	 -0.07162966 
2 	 -0.3955319 
2 	 -0.3321345 
2 	 0.04600631 
3 	 0 
3 	 0 
3 	 0 
3 	 0 
3 	 0 
4 	 0.002409034 
4 	 -0.2167935 
4 	 0.01811227 
4 	 0.1593122 
4 	 -0.6195561 
5 	 0.003559005 
5 	 0.03321879 
5 	 -0.1127298 
5 	 0.465984 
5 	 -0.04904066 
6 	 0 
6 	 0 
6 	 0 
6 	 0 
6 	 0 
7 	 0.002396191 
7 	 0.08288854 
7 	 -0.03949749 
7 	 -0.03187888 
7 	 0.2166502 
8 	 0.001491512 
8 	 0.09782987 
8 	 -0.3752856 
8 	 0.2676866 
8 	 0.0722676 
9 	 0 
9 	 0 
9 	 0 
9 	 0 
9 	 0 
10 	 0 
10 	 0 
10 	 0 
10 	 0 
10 	 0 
11 	 0.01948172 
11 	 0.3105465 
11 	 -0.2842254 
11 	 0.1966337 
11 	 1.089604 
12 	 0.004049839 
12 	 0.3378656 
12 	 -0.6317717 
12 	 -0.1105981 
12 	 0.1343014 
13 	 0.001138462 
13 	 0.0155194 
13 	 0.03669369 
13 	 0.02452456 
13 	 -0.05229814 
14 	 -0.005479074 
14 	 -0.05422649 
14 	 0.7117489 
14 	 0.1755752 
14 	 -0.5291763 
15 	 0.01001734 
15 	 0.009851686 
15 	 0.1464463 
15 	 0.04708952 
15 	 -0.1303574 
16 	 0.003272297 
16 	 0.05936188 
16 	 0.07827595 
16 	 -0.1215157 
16 	 -0.05252036 
17 	 0.0682383 
17 	 0.02333415 
17 	 0.7907247 
17 	 0.5363172 
17 	 0.6984007 
18 	 0.00933907 
18 	 1.500258 
18 	 0.329962 
18 	 -0.7096752 
18 	 0.7207779 
19 	 0 
19 	 0 
19 	 0 
19 	 0 
19 	 0 
20 	 0.00494919 
20 	 -0.005751657 
20 	 -0.02204896 
20 	 -0.1090775 
20 	 0.5626248 
21 	 0 
21 	 0 
21 	 0 
21 	 0 
21 	 0 
22 	 0 
22 	 0 
22 	 0 
22 	 0 
22 	 0 
23 	 0.001182376 
23 	 -0.1026606 
23 	 0.08963582 
23 	 0.3753453 
23 	 -0.07790706 
24 	 0.01721245 
24 	 -0.5451264 
24 	 -0.6901339 
24 	 0.01373298 
24 	 0.432737 
25 	 0.04030049 
25 	 -1.105043 
25 	 1.371143 
25 	 -2.133261 
25 	 -0.4942768 
26 	 -0.06581747 
26 	 0.2655921 
26 	 -0.1554357 
26 	 0.2231939 
26 	 0.1300006 
27 	 -0.04277537 
27 	 0.03584029 
27 	 -0.4190787 
27 	 0.03031073 
27 	 0.6626127 
28 	 0 
28 	 0 
28 	 0 
28 	 0 
28 	 0 
29 	 0.01307845 
29 	 0.1565345 
29 	 -0.225274 
29 	 0.2555257 
29 	 -0.2213478 
30 	 0 
30 	 0 
30 	 0 
30 	 0 
30 	 0 
31 	 0 
31 	 0 
31 	 0 
31 	 0 
31 	 0 
32 	 -0.001034667 
32 	 0.07280727 
32 	 0.04251881 
32 	 -0.06783986 
32 	 0.1437884 
33 	 -0.0001762357 
33 	 -0.007493185 
33 	 -0.00955942 
33 	 -0.01568189 
33 	 -0.02666478 
34 	 0 
34 	 0 
34 	 0 
34 	 0 
34 	 0 
35 	 0.0002323018 
35 	 0.05425994 
35 	 -0.04032355 
35 	 0.2243062 
35 	 -0.01180438 
36 	 0.000102038 
36 	 -4.268746e-05 
36 	 -0.0004818652 
36 	 -0.006141775 
36 	 -0.007629502 
37 	 0.001920094 
37 	 0.009161859 
37 	 -0.0272192 
37 	 0.01908768 
37 	 0.05961118 
38 	 0.001262431 
38 	 -0.02409039 
38 	 0.02253057 
38 	 -0.1259225 
38 	 0.09509885 
39 	 0 
39 	 0 
39 	 0 
39 	 0 
39 	 0 
40 	 0 
40 	 0 
40 	 0 
40 	 0 
40 	 0 
41 	 0.001620966 
41 	 -0.01506545 
41 	 -0.04311531 
41 	 0.04374224 
41 	 -0.03680489 
42 	 0.01486706 
42 	 -0.03985556 
42 	 0.8938547 
42 	 0.364592 
42 	 -0.08740601 
43 	 0.00445463 
43 	 -0.04367214 
43 	 0.1608128 
43 	 0.1298195 
43 	 -0.3299604 
44 	 0.03562022 
44 	 0.09369748 
44 	 0.4710028 
44 	 0.1939487 
44 	 0.3992911 
45 	 0 
45 	 0 
45 	 0 
45 	 0 
45 	 0 
46 	 0 
46 	 0 
46 	 0 
46 	 0 
46 	 0 
47 	 0 
47 	 0 
47 	 0 
47 	 0 
47 	 0 
48 	 0 
48 	 0 
48 	 0 
48 	 0 
48 	 0 
49 	 0.01336216 
49 	 -0.1233363 
49 	 -0.2504068 
49 	 -0.1918719 
49 	 -0.01201687 
50 	 0.005796221 
50 	 -0.05065105 
50 	 0.4728005 
50 	 1.0294 
50 	 -0.3864491 
51 	 0 
51 	 0 
51 	 0 
51 	 0 
51 	 0 
52 	 0 
52 	 0 
52 	 0 
52 	 0 
52 	 0 
53 	 0 
53 	 0 
53 	 0 
53 	 0 
53 	 0 
# Gene ID	Label	Prediction
0000000003 ENSG00000057294 	 1 	 0.3997298 
0000000004 ENSG00000053918 	 1 	 0.9234074 
0000000005 ENSG00000101400 	 1 	 0.9938055 
0000000008 ENSG00000134755 	 1 	 0.3582489 
0000000012 ENSG00000134548 	 1 	 0.0004135458 
0000000013 ENSG00000118729 	 1 	 0.9999515 
0000000014 ENSG00000046604 	 1 	 0.9963382 
0000000016 ENSG00000055118 	 1 	 0.06144376 
0000000017 ENSG00000105711 	 1 	 0.9864433 
0000000022 ENSG00000149575 	 1 	 0.4139538 
0000000024 ENSG00000152642 	 1 	 0.1010799 
0000000029 ENSG00000145349 	 1 	 0.06597398 
0000000030 ENSG00000166257 	 1 	 0.3212351 
0000000031 ENSG00000174437 	 1 	 0.6832864 
0000000033 ENSG00000113448 	 1 	 0.1016101 
0000000035 ENSG00000124205 	 1 	 0.4348753 
0000000043 ENSG00000160460 	 1 	 0.01005932 
0000000048 ENSG00000092054 	 1 	 1 
0000000049 ENSG00000127914 	 1 	 0.002325374 
0000000051 ENSG00000197616 	 1 	 0.9999792 
0000000063 ENSG00000119782 	 1 	 0.8936201 
0000000064 ENSG00000185313 	 1 	 0.07184952 
0000000005 ENSG00000103966 	 0 	 0.04724868 
0000000006 ENSG00000106003 	 0 	 0.622896 
0000000010 ENSG00000113140 	 0 	 0.9995826 
0000000011 ENSG00000118473 	 0 	 0.6335391 
0000000015 ENSG00000121281 	 0 	 0.0001596124 
0000000016 ENSG00000133808 	 0 	 0.002913885 
0000000020 ENSG00000105523 	 0 	 0.7103935 
0000000021 ENSG00000047457 	 0 	 0.1280851 
0000000022 ENSG00000073584 	 0 	 0.2216268 
0000000023 ENSG00000128815 	 0 	 0.001900573 
0000000027 ENSG00000144895 	 0 	 0.3050664 
0000000028 ENSG00000147955 	 0 	 0.0001850371 
0000000029 ENSG00000151466 	 0 	 0.001256398 
0000000030 ENSG00000151490 	 0 	 0.09350623 
0000000036 ENSG00000164638 	 0 	 0.9743594 
0000000037 ENSG00000166578 	 0 	 0.3443948 
0000000040 ENSG00000116991 	 0 	 0.7990174 
0000000044 ENSG00000181610 	 0 	 0.1092575 
0000000045 ENSG00000053900 	 0 	 0.002676258 
0000000046 ENSG00000148824 	 0 	 0.5284287 
0000000047 ENSG00000168056 	 0 	 0.02490715 
0000000049 ENSG00000100614 	 0 	 0.02760735 
0000000050 ENSG00000185742 	 0 	 0.8001399 
0000000058 ENSG00000186212 	 0 	 0.1009772 
0000000068 ENSG00000105559 	 0 	 0.04406429 
0000000069 ENSG00000136944 	 0 	 0.1463508 
0000000070 ENSG00000119899 	 0 	 0.002260922 
0000000075 ENSG00000196517 	 0 	 0.0906425 
0000000088 ENSG00000182134 	 0 	 0.02155816 
0000000095 ENSG00000176273 	 0 	 0.01179039 
0000000097 ENSG00000243543 	 0 	 0.09960868 
0000000098 ENSG00000148337 	 0 	 0.01015053 
0000000101 ENSG00000089685 	 0 	 0.003984288 
0000000114 ENSG00000163069 	 0 	 0.1825818 
0000000115 ENSG00000134551 	 0 	 0.01558962 
0000000117 ENSG00000205883 	 0 	 0.1074214 
0000000122 ENSG00000128487 	 0 	 0.4006184 
0000000123 ENSG00000107643 	 0 	 0.09025535 
0000000127 ENSG00000125863 	 0 	 0.1368085 
0000000131 ENSG00000205944 	 0 	 0.09062304 
0000000132 ENSG00000163631 	 0 	 0.09606854 
0000000133 ENSG00000128340 	 0 	 0.005386087 
0000000135 ENSG00000100368 	 0 	 0.0006423819 
0000000139 ENSG00000142208 	 0 	 0.009694885 
0000000142 ENSG00000177181 	 0 	 0.07839458 
0000000144 ENSG00000164053 	 0 	 0.002849931 
0000000147 ENSG00000197782 	 0 	 0.08798864 
0000000148 ENSG00000135297 	 0 	 0.0009673107 
0000000155 ENSG00000115163 	 0 	 0.07587681 
0000000157 ENSG00000166801 	 0 	 0.0003556747 
0000000160 ENSG00000198088 	 0 	 0.1125165 
0000000164 ENSG00000214022 	 0 	 0.006868963 
0000000168 ENSG00000184640 	 0 	 0.02959398 
0000000169 ENSG00000130234 	 0 	 0.07424655 
0000000170 ENSG00000067064 	 0 	 0.09230719 
0000000172 ENSG00000184792 	 0 	 0.7227349 
0000000176 ENSG00000090372 	 0 	 0.0560009 
0000000183 ENSG00000228927 	 0 	 0.1656876 
0000000184 ENSG00000151704 	 0 	 0.1223109 
0000000187 ENSG00000239642 	 0 	 0.09532891 
0000000194 ENSG00000092607 	 0 	 0.0189221 
0000000198 ENSG00000172888 	 0 	 0.1012574 
0000000203 ENSG00000184012 	 0 	 0.1007898 
0000000207 ENSG00000106615 	 0 	 0.07181436 
0000000223 ENSG00000242110 	 0 	 0.08770168 
0000000224 ENSG00000182168 	 0 	 0.1682364 
0000000225 ENSG00000204628 	 0 	 0.1786993 
0000000227 ENSG00000172239 	 0 	 6.482813e-05 
0000000228 ENSG00000121073 	 0 	 0.01486107 
0000000229 ENSG00000038382 	 0 	 0.05514815 
0000000230 ENSG00000174130 	 0 	 0.1082383 
0000000231 ENSG00000154277 	 0 	 0.350148 
0000000232 ENSG00000104419 	 0 	 0.3246725 
0000000233 ENSG00000104490 	 0 	 0.1012349 
0000000234 ENSG00000197043 	 0 	 0.09795243 
0000000237 ENSG00000101977 	 0 	 0.0347731 
0000000238 ENSG00000183808 	 0 	 0.0361081 
0000000241 ENSG00000121039 	 0 	 0.1046054 
0000000243 ENSG00000105808 	 0 	 0.1021102 
0000000244 ENSG00000198791 	 0 	 0.0001935924 
0000000247 ENSG00000071203 	 0 	 0.1180527 
0000000253 ENSG00000112319 	 0 	 0.09861887 
0000000254 ENSG00000104518 	 0 	 0.07348243 
0000000255 ENSG00000167207 	 0 	 0.1006129 
0000000256 ENSG00000109971 	 0 	 0.09750206 
0000000257 ENSG00000015153 	 0 	 0.254287 
0000000261 ENSG00000197415 	 0 	 0.1605344 
0000000262 ENSG00000171631 	 0 	 9.736445e-05 
0000000268 ENSG00000176715 	 0 	 0.03732175 
0000000269 ENSG00000186204 	 0 	 0.1080985 
0000000273 ENSG00000152556 	 0 	 0.07836484 
0000000274 ENSG00000139220 	 0 	 0.08662659 
0000000275 ENSG00000089157 	 0 	 8.765765e-06 
0000000277 ENSG00000110871 	 0 	 0.0249343 
0000000285 ENSG00000140199 	 0 	 0.1102582 
0000000296 ENSG00000153391 	 0 	 0.1077917 
0000000297 ENSG00000168675 	 0 	 0.06902442 
0000000302 ENSG00000104894 	 0 	 5.731199e-05 
0000000303 ENSG00000127507 	 0 	 0.09903148 
