# Prediction results for:	 GO:0016202 
# Model used:	 group_lasso 
# ROC AUC score:	 0.5252268 
# All tissues were included
# Best penalty parameter (CV): 5.920606 
# tissue	 1 	 5 
# tissue	 2 	 5 
# tissue	 3 	 5 
# tissue	 4 	 5 
# tissue	 5 	 5 
# tissue	 6 	 5 
# tissue	 7 	 5 
# tissue	 8 	 5 
# tissue	 9 	 5 
# tissue	 10 	 5 
# tissue	 11 	 5 
# tissue	 12 	 5 
# tissue	 13 	 5 
# tissue	 14 	 5 
# tissue	 15 	 5 
# tissue	 16 	 5 
# tissue	 17 	 5 
# tissue	 18 	 5 
# tissue	 19 	 5 
# tissue	 20 	 5 
# tissue	 21 	 5 
# tissue	 22 	 5 
# tissue	 23 	 5 
# tissue	 24 	 5 
# tissue	 25 	 5 
# tissue	 26 	 5 
# tissue	 27 	 5 
# tissue	 28 	 5 
# tissue	 29 	 5 
# tissue	 30 	 5 
# tissue	 31 	 5 
# tissue	 32 	 5 
# tissue	 33 	 5 
# tissue	 34 	 5 
# tissue	 35 	 5 
# tissue	 36 	 5 
# tissue	 37 	 5 
# tissue	 38 	 5 
# tissue	 39 	 5 
# tissue	 40 	 5 
# tissue	 41 	 5 
# tissue	 42 	 5 
# tissue	 43 	 5 
# tissue	 44 	 5 
# tissue	 45 	 5 
# tissue	 46 	 5 
# tissue	 47 	 5 
# tissue	 48 	 5 
# tissue	 49 	 5 
# tissue	 50 	 5 
# tissue	 51 	 5 
# tissue	 52 	 5 
# tissue	 53 	 5 
# Coefficients:
1 	 0 
1 	 0 
1 	 0 
1 	 0 
1 	 0 
2 	 0 
2 	 0 
2 	 0 
2 	 0 
2 	 0 
3 	 0 
3 	 0 
3 	 0 
3 	 0 
3 	 0 
4 	 0 
4 	 0 
4 	 0 
4 	 0 
4 	 0 
5 	 0 
5 	 0 
5 	 0 
5 	 0 
5 	 0 
6 	 0 
6 	 0 
6 	 0 
6 	 0 
6 	 0 
7 	 0 
7 	 0 
7 	 0 
7 	 0 
7 	 0 
8 	 0 
8 	 0 
8 	 0 
8 	 0 
8 	 0 
9 	 0 
9 	 0 
9 	 0 
9 	 0 
9 	 0 
10 	 0 
10 	 0 
10 	 0 
10 	 0 
10 	 0 
11 	 0 
11 	 0 
11 	 0 
11 	 0 
11 	 0 
12 	 0 
12 	 0 
12 	 0 
12 	 0 
12 	 0 
13 	 0 
13 	 0 
13 	 0 
13 	 0 
13 	 0 
14 	 0 
14 	 0 
14 	 0 
14 	 0 
14 	 0 
15 	 0 
15 	 0 
15 	 0 
15 	 0 
15 	 0 
16 	 0 
16 	 0 
16 	 0 
16 	 0 
16 	 0 
17 	 0 
17 	 0 
17 	 0 
17 	 0 
17 	 0 
18 	 0 
18 	 0 
18 	 0 
18 	 0 
18 	 0 
19 	 0 
19 	 0 
19 	 0 
19 	 0 
19 	 0 
20 	 0 
20 	 0 
20 	 0 
20 	 0 
20 	 0 
21 	 0 
21 	 0 
21 	 0 
21 	 0 
21 	 0 
22 	 0 
22 	 0 
22 	 0 
22 	 0 
22 	 0 
23 	 0 
23 	 0 
23 	 0 
23 	 0 
23 	 0 
24 	 0 
24 	 0 
24 	 0 
24 	 0 
24 	 0 
25 	 0 
25 	 0 
25 	 0 
25 	 0 
25 	 0 
26 	 0 
26 	 0 
26 	 0 
26 	 0 
26 	 0 
27 	 0 
27 	 0 
27 	 0 
27 	 0 
27 	 0 
28 	 0.001242257 
28 	 -0.04033277 
28 	 0.01663779 
28 	 -0.01424178 
28 	 0.05560497 
29 	 0 
29 	 0 
29 	 0 
29 	 0 
29 	 0 
30 	 0 
30 	 0 
30 	 0 
30 	 0 
30 	 0 
31 	 -0.002967948 
31 	 0.3045251 
31 	 0.0341235 
31 	 -0.1987975 
31 	 -0.1439131 
32 	 -0.002477242 
32 	 0.05396041 
32 	 0.05745214 
32 	 0.001812383 
32 	 0.1318565 
33 	 0 
33 	 0 
33 	 0 
33 	 0 
33 	 0 
34 	 0.000607355 
34 	 0.0223506 
34 	 -0.02130824 
34 	 0.03590396 
34 	 0.05636155 
35 	 0 
35 	 0 
35 	 0 
35 	 0 
35 	 0 
36 	 0 
36 	 0 
36 	 0 
36 	 0 
36 	 0 
37 	 0 
37 	 0 
37 	 0 
37 	 0 
37 	 0 
38 	 0 
38 	 0 
38 	 0 
38 	 0 
38 	 0 
39 	 0 
39 	 0 
39 	 0 
39 	 0 
39 	 0 
40 	 0 
40 	 0 
40 	 0 
40 	 0 
40 	 0 
41 	 0 
41 	 0 
41 	 0 
41 	 0 
41 	 0 
42 	 0 
42 	 0 
42 	 0 
42 	 0 
42 	 0 
43 	 3.167383e-06 
43 	 0.0001772554 
43 	 -2.157909e-05 
43 	 -0.0006545396 
43 	 -0.0006015328 
44 	 0 
44 	 0 
44 	 0 
44 	 0 
44 	 0 
45 	 0 
45 	 0 
45 	 0 
45 	 0 
45 	 0 
46 	 0 
46 	 0 
46 	 0 
46 	 0 
46 	 0 
47 	 0 
47 	 0 
47 	 0 
47 	 0 
47 	 0 
48 	 0 
48 	 0 
48 	 0 
48 	 0 
48 	 0 
49 	 0 
49 	 0 
49 	 0 
49 	 0 
49 	 0 
50 	 0 
50 	 0 
50 	 0 
50 	 0 
50 	 0 
51 	 0 
51 	 0 
51 	 0 
51 	 0 
51 	 0 
52 	 0 
52 	 0 
52 	 0 
52 	 0 
52 	 0 
53 	 0 
53 	 0 
53 	 0 
53 	 0 
53 	 0 
# Gene ID	Label	Prediction
0000000003 ENSG00000100625 	 1 	 0.06703233 
0000000005 ENSG00000105723 	 1 	 0.1577167 
0000000009 ENSG00000121068 	 1 	 0.3331032 
0000000011 ENSG00000125266 	 1 	 0.2027791 
0000000013 ENSG00000129152 	 1 	 0.1630621 
0000000015 ENSG00000178568 	 1 	 0.1356295 
0000000016 ENSG00000138379 	 1 	 0.1366254 
0000000019 ENSG00000138795 	 1 	 0.1427398 
0000000020 ENSG00000145794 	 1 	 0.1579571 
0000000025 ENSG00000157168 	 1 	 0.1404914 
0000000028 ENSG00000174738 	 1 	 0.2161537 
0000000031 ENSG00000184058 	 1 	 0.1303785 
0000000034 ENSG00000066468 	 1 	 0.1382675 
0000000036 ENSG00000168214 	 1 	 0.1356295 
0000000038 ENSG00000139174 	 1 	 0.1112234 
0000000039 ENSG00000078900 	 1 	 0.1382875 
0000000040 ENSG00000196531 	 1 	 0.08258755 
0000000042 ENSG00000138207 	 1 	 0.1512464 
0000000047 ENSG00000105887 	 1 	 0.2383961 
0000000048 ENSG00000100201 	 1 	 0.1518204 
0000000049 ENSG00000172046 	 1 	 0.1075249 
0000000051 ENSG00000164532 	 1 	 0.1356271 
0000000005 ENSG00000116885 	 0 	 0.07158371 
0000000011 ENSG00000133980 	 0 	 0.1350386 
0000000013 ENSG00000135929 	 0 	 0.05522807 
0000000027 ENSG00000164574 	 0 	 0.09405514 
0000000028 ENSG00000167930 	 0 	 0.1356295 
0000000031 ENSG00000167716 	 0 	 0.1559058 
0000000036 ENSG00000099338 	 0 	 0.1376877 
0000000037 ENSG00000180549 	 0 	 0.1417925 
0000000039 ENSG00000176208 	 0 	 0.1589571 
0000000045 ENSG00000178222 	 0 	 0.1289685 
0000000047 ENSG00000130119 	 0 	 0.1227155 
0000000050 ENSG00000177076 	 0 	 0.1549511 
0000000052 ENSG00000135387 	 0 	 0.1117864 
0000000054 ENSG00000060762 	 0 	 0.1442545 
0000000057 ENSG00000165917 	 0 	 0.2142111 
0000000060 ENSG00000240038 	 0 	 0.2244901 
0000000061 ENSG00000198570 	 0 	 0.1353855 
0000000063 ENSG00000148840 	 0 	 0.2025551 
0000000068 ENSG00000156711 	 0 	 0.1372402 
0000000069 ENSG00000078699 	 0 	 0.1225398 
0000000072 ENSG00000124784 	 0 	 0.1668536 
0000000077 ENSG00000162892 	 0 	 0.1386747 
0000000080 ENSG00000173209 	 0 	 0.1496413 
0000000085 ENSG00000157954 	 0 	 0.1163501 
0000000086 ENSG00000130714 	 0 	 0.1596767 
0000000091 ENSG00000174748 	 0 	 0.1927583 
0000000094 ENSG00000135297 	 0 	 0.1300669 
0000000095 ENSG00000135899 	 0 	 0.1319425 
0000000102 ENSG00000243364 	 0 	 0.1246167 
0000000104 ENSG00000104835 	 0 	 0.1259065 
0000000107 ENSG00000090565 	 0 	 0.1335657 
0000000108 ENSG00000186792 	 0 	 0.1329914 
0000000114 ENSG00000198520 	 0 	 0.13584 
0000000119 ENSG00000171858 	 0 	 0.1356185 
0000000126 ENSG00000107249 	 0 	 0.1357562 
0000000133 ENSG00000136280 	 0 	 0.176925 
0000000135 ENSG00000206538 	 0 	 0.1360547 
0000000136 ENSG00000070087 	 0 	 0.1401592 
0000000141 ENSG00000006282 	 0 	 0.1372398 
0000000142 ENSG00000173221 	 0 	 0.1288276 
0000000143 ENSG00000124343 	 0 	 0.1475491 
0000000144 ENSG00000170185 	 0 	 0.1091153 
0000000147 ENSG00000124875 	 0 	 0.1428832 
0000000148 ENSG00000120915 	 0 	 0.1586258 
0000000149 ENSG00000154188 	 0 	 0.1357494 
0000000150 ENSG00000197043 	 0 	 0.2685893 
0000000161 ENSG00000213906 	 0 	 0.4062954 
0000000164 ENSG00000091428 	 0 	 0.1364382 
0000000169 ENSG00000016402 	 0 	 0.1230209 
0000000173 ENSG00000139644 	 0 	 0.115299 
0000000177 ENSG00000165792 	 0 	 0.1003353 
0000000180 ENSG00000100938 	 0 	 0.09706527 
0000000181 ENSG00000156381 	 0 	 0.2268139 
0000000189 ENSG00000161940 	 0 	 0.1359754 
0000000192 ENSG00000105655 	 0 	 0.1731391 
0000000193 ENSG00000136478 	 0 	 0.1079629 
0000000194 ENSG00000011258 	 0 	 0.1374247 
0000000195 ENSG00000108946 	 0 	 0.1304888 
0000000198 ENSG00000105290 	 0 	 0.1354061 
0000000204 ENSG00000204514 	 0 	 0.155591 
0000000206 ENSG00000105197 	 0 	 0.135516 
0000000209 ENSG00000196209 	 0 	 0.1356295 
