# Prediction results for:	 GO:0050880 
# Model used:	 group_lasso 
# ROC AUC score:	 0.575034 
# All tissues were included
# Best penalty parameter (CV): 5.139469 
# tissue	 1 	 5 
# tissue	 2 	 5 
# tissue	 3 	 5 
# tissue	 4 	 5 
# tissue	 5 	 5 
# tissue	 6 	 5 
# tissue	 7 	 5 
# tissue	 8 	 5 
# tissue	 9 	 5 
# tissue	 10 	 5 
# tissue	 11 	 5 
# tissue	 12 	 5 
# tissue	 13 	 5 
# tissue	 14 	 5 
# tissue	 15 	 5 
# tissue	 16 	 5 
# tissue	 17 	 5 
# tissue	 18 	 5 
# tissue	 19 	 5 
# tissue	 20 	 5 
# tissue	 21 	 5 
# tissue	 22 	 5 
# tissue	 23 	 5 
# tissue	 24 	 5 
# tissue	 25 	 5 
# tissue	 26 	 5 
# tissue	 27 	 5 
# tissue	 28 	 5 
# tissue	 29 	 5 
# tissue	 30 	 5 
# tissue	 31 	 5 
# tissue	 32 	 5 
# tissue	 33 	 5 
# tissue	 34 	 5 
# tissue	 35 	 5 
# tissue	 36 	 5 
# tissue	 37 	 5 
# tissue	 38 	 5 
# tissue	 39 	 5 
# tissue	 40 	 5 
# tissue	 41 	 5 
# tissue	 42 	 5 
# tissue	 43 	 5 
# tissue	 44 	 5 
# tissue	 45 	 5 
# tissue	 46 	 5 
# tissue	 47 	 5 
# tissue	 48 	 5 
# tissue	 49 	 5 
# tissue	 50 	 5 
# tissue	 51 	 5 
# tissue	 52 	 5 
# tissue	 53 	 5 
# Coefficients:
1 	 0 
1 	 0 
1 	 0 
1 	 0 
1 	 0 
2 	 0.004156563 
2 	 -0.06623305 
2 	 -0.2039161 
2 	 -0.1102994 
2 	 -0.343241 
3 	 0 
3 	 0 
3 	 0 
3 	 0 
3 	 0 
4 	 0.009274656 
4 	 -0.151216 
4 	 0.1560341 
4 	 -0.01448551 
4 	 -0.2804731 
5 	 0 
5 	 0 
5 	 0 
5 	 0 
5 	 0 
6 	 0 
6 	 0 
6 	 0 
6 	 0 
6 	 0 
7 	 0 
7 	 0 
7 	 0 
7 	 0 
7 	 0 
8 	 0 
8 	 0 
8 	 0 
8 	 0 
8 	 0 
9 	 0 
9 	 0 
9 	 0 
9 	 0 
9 	 0 
10 	 0 
10 	 0 
10 	 0 
10 	 0 
10 	 0 
11 	 0 
11 	 0 
11 	 0 
11 	 0 
11 	 0 
12 	 0 
12 	 0 
12 	 0 
12 	 0 
12 	 0 
13 	 0 
13 	 0 
13 	 0 
13 	 0 
13 	 0 
14 	 0 
14 	 0 
14 	 0 
14 	 0 
14 	 0 
15 	 0 
15 	 0 
15 	 0 
15 	 0 
15 	 0 
16 	 0 
16 	 0 
16 	 0 
16 	 0 
16 	 0 
17 	 0 
17 	 0 
17 	 0 
17 	 0 
17 	 0 
18 	 0 
18 	 0 
18 	 0 
18 	 0 
18 	 0 
19 	 0 
19 	 0 
19 	 0 
19 	 0 
19 	 0 
20 	 0 
20 	 0 
20 	 0 
20 	 0 
20 	 0 
21 	 0 
21 	 0 
21 	 0 
21 	 0 
21 	 0 
22 	 0.001282464 
22 	 -0.0007196494 
22 	 0.05926376 
22 	 0.2390498 
22 	 -0.1902077 
23 	 0 
23 	 0 
23 	 0 
23 	 0 
23 	 0 
24 	 0 
24 	 0 
24 	 0 
24 	 0 
24 	 0 
25 	 0 
25 	 0 
25 	 0 
25 	 0 
25 	 0 
26 	 0 
26 	 0 
26 	 0 
26 	 0 
26 	 0 
27 	 0 
27 	 0 
27 	 0 
27 	 0 
27 	 0 
28 	 0 
28 	 0 
28 	 0 
28 	 0 
28 	 0 
29 	 -0.01665717 
29 	 0.05444616 
29 	 -0.04763613 
29 	 0.1319873 
29 	 0.1715593 
30 	 0 
30 	 0 
30 	 0 
30 	 0 
30 	 0 
31 	 0 
31 	 0 
31 	 0 
31 	 0 
31 	 0 
32 	 0 
32 	 0 
32 	 0 
32 	 0 
32 	 0 
33 	 0 
33 	 0 
33 	 0 
33 	 0 
33 	 0 
34 	 0 
34 	 0 
34 	 0 
34 	 0 
34 	 0 
35 	 0 
35 	 0 
35 	 0 
35 	 0 
35 	 0 
36 	 -0.001680719 
36 	 -0.06932685 
36 	 -0.06725242 
36 	 -0.1662004 
36 	 -0.09660735 
37 	 0.004586971 
37 	 0.04037304 
37 	 -0.1328069 
37 	 -0.1430961 
37 	 -0.02483767 
38 	 0 
38 	 0 
38 	 0 
38 	 0 
38 	 0 
39 	 0 
39 	 0 
39 	 0 
39 	 0 
39 	 0 
40 	 0 
40 	 0 
40 	 0 
40 	 0 
40 	 0 
41 	 0.002913855 
41 	 -0.03219553 
41 	 -0.07026115 
41 	 0.05101333 
41 	 -0.08505746 
42 	 0 
42 	 0 
42 	 0 
42 	 0 
42 	 0 
43 	 0 
43 	 0 
43 	 0 
43 	 0 
43 	 0 
44 	 0 
44 	 0 
44 	 0 
44 	 0 
44 	 0 
45 	 0.000361405 
45 	 0.008968571 
45 	 0.0128405 
45 	 0.02381769 
45 	 -0.1950018 
46 	 0 
46 	 0 
46 	 0 
46 	 0 
46 	 0 
47 	 0.002033513 
47 	 -0.01524812 
47 	 -0.07628295 
47 	 0.04087627 
47 	 -0.01220373 
48 	 0 
48 	 0 
48 	 0 
48 	 0 
48 	 0 
49 	 0 
49 	 0 
49 	 0 
49 	 0 
49 	 0 
50 	 0 
50 	 0 
50 	 0 
50 	 0 
50 	 0 
51 	 0 
51 	 0 
51 	 0 
51 	 0 
51 	 0 
52 	 0 
52 	 0 
52 	 0 
52 	 0 
52 	 0 
53 	 0 
53 	 0 
53 	 0 
53 	 0 
53 	 0 
# Gene ID	Label	Prediction
0000000003 ENSG00000100292 	 1 	 0.4218478 
0000000004 ENSG00000100604 	 1 	 0.378528 
0000000007 ENSG00000119185 	 1 	 0.02634835 
0000000009 ENSG00000130234 	 1 	 0.3414832 
0000000011 ENSG00000132326 	 1 	 0.2884878 
0000000013 ENSG00000133019 	 1 	 0.3548754 
0000000015 ENSG00000135914 	 1 	 0.1092048 
0000000016 ENSG00000121064 	 1 	 0.2875261 
0000000018 ENSG00000011405 	 1 	 0.2101449 
0000000023 ENSG00000164251 	 1 	 0.130649 
0000000024 ENSG00000164850 	 1 	 0.1332232 
0000000030 ENSG00000170214 	 1 	 0.2457121 
0000000032 ENSG00000174233 	 1 	 0.08133667 
0000000034 ENSG00000007171 	 1 	 0.1423867 
0000000036 ENSG00000089250 	 1 	 0.1483612 
0000000040 ENSG00000183023 	 1 	 0.1292046 
0000000044 ENSG00000126895 	 1 	 0.335114 
0000000047 ENSG00000144891 	 1 	 0.2240939 
0000000048 ENSG00000135744 	 1 	 0.2776763 
0000000050 ENSG00000169418 	 1 	 0.3673683 
0000000053 ENSG00000180772 	 1 	 0.1559131 
0000000056 ENSG00000120937 	 1 	 0.1424279 
0000000058 ENSG00000171873 	 1 	 0.1929268 
0000000060 ENSG00000196639 	 1 	 0.1076804 
0000000061 ENSG00000214872 	 1 	 0.1043393 
0000000063 ENSG00000168398 	 1 	 0.126549 
0000000004 ENSG00000106484 	 0 	 0.02778366 
0000000008 ENSG00000127337 	 0 	 0.1254655 
0000000018 ENSG00000187987 	 0 	 0.1028978 
0000000021 ENSG00000164037 	 0 	 0.1317013 
0000000032 ENSG00000177885 	 0 	 0.07296315 
0000000035 ENSG00000178343 	 0 	 0.3155637 
0000000036 ENSG00000175768 	 0 	 0.03913071 
0000000049 ENSG00000231192 	 0 	 0.1292773 
0000000050 ENSG00000197822 	 0 	 0.2398516 
0000000051 ENSG00000137075 	 0 	 0.1494854 
0000000053 ENSG00000197837 	 0 	 0.08455437 
0000000057 ENSG00000161011 	 0 	 0.2331647 
0000000058 ENSG00000065534 	 0 	 0.5641791 
0000000061 ENSG00000165915 	 0 	 0.1865357 
0000000067 ENSG00000163131 	 0 	 0.3175531 
0000000070 ENSG00000126016 	 0 	 0.1607332 
0000000071 ENSG00000146215 	 0 	 0.09726939 
0000000072 ENSG00000084636 	 0 	 0.6978046 
0000000073 ENSG00000204161 	 0 	 0.4734291 
0000000078 ENSG00000205111 	 0 	 0.1294512 
0000000079 ENSG00000115216 	 0 	 0.06827155 
0000000080 ENSG00000110665 	 0 	 0.168344 
0000000081 ENSG00000036565 	 0 	 0.1292046 
0000000084 ENSG00000144868 	 0 	 0.2084248 
0000000088 ENSG00000016864 	 0 	 0.1263205 
0000000089 ENSG00000110492 	 0 	 0.1577885 
0000000091 ENSG00000155849 	 0 	 0.2662114 
0000000095 ENSG00000104613 	 0 	 0.03057813 
0000000097 ENSG00000164828 	 0 	 0.08139507 
0000000100 ENSG00000122085 	 0 	 0.08250346 
0000000103 ENSG00000240583 	 0 	 0.1292046 
0000000111 ENSG00000167178 	 0 	 0.1294498 
0000000114 ENSG00000136856 	 0 	 0.1148794 
0000000117 ENSG00000115524 	 0 	 0.0989648 
0000000119 ENSG00000215474 	 0 	 0.1268548 
0000000123 ENSG00000153814 	 0 	 0.1294555 
0000000127 ENSG00000079150 	 0 	 0.0620241 
0000000128 ENSG00000159140 	 0 	 0.09158872 
0000000133 ENSG00000108443 	 0 	 0.06207043 
0000000134 ENSG00000106078 	 0 	 0.1363325 
0000000136 ENSG00000089177 	 0 	 0.08514896 
0000000138 ENSG00000044524 	 0 	 0.1292046 
0000000140 ENSG00000177694 	 0 	 0.3413008 
0000000141 ENSG00000135919 	 0 	 0.123483 
0000000142 ENSG00000151632 	 0 	 0.3118665 
0000000152 ENSG00000116138 	 0 	 0.1158703 
0000000154 ENSG00000100473 	 0 	 0.1134033 
0000000155 ENSG00000119688 	 0 	 0.1108909 
0000000159 ENSG00000106302 	 0 	 0.1270247 
0000000160 ENSG00000152332 	 0 	 0.04530527 
0000000161 ENSG00000102312 	 0 	 0.1084801 
0000000162 ENSG00000126091 	 0 	 0.125572 
0000000169 ENSG00000143257 	 0 	 0.1311022 
0000000171 ENSG00000096395 	 0 	 0.136447 
0000000172 ENSG00000120251 	 0 	 0.1294047 
0000000178 ENSG00000152495 	 0 	 0.1275915 
0000000183 ENSG00000086991 	 0 	 0.09333528 
0000000184 ENSG00000137522 	 0 	 0.06681989 
0000000185 ENSG00000162241 	 0 	 0.2597907 
0000000187 ENSG00000123444 	 0 	 0.1295467 
0000000194 ENSG00000135443 	 0 	 0.1324814 
0000000196 ENSG00000089157 	 0 	 0.05724941 
0000000197 ENSG00000079337 	 0 	 0.136938 
0000000200 ENSG00000178498 	 0 	 0.09559437 
0000000202 ENSG00000068305 	 0 	 0.1297288 
0000000211 ENSG00000182481 	 0 	 0.1131286 
0000000218 ENSG00000256771 	 0 	 0.1225709 
0000000224 ENSG00000100299 	 0 	 0.1191199 
