# Prediction results for:	 GO:0043535 
# Model used:	 group_lasso 
# ROC AUC score:	 0.5548204 
# All tissues were included
# Best penalty parameter (CV): 6.717212 
# tissue	 1 	 5 
# tissue	 2 	 5 
# tissue	 3 	 5 
# tissue	 4 	 5 
# tissue	 5 	 5 
# tissue	 6 	 5 
# tissue	 7 	 5 
# tissue	 8 	 5 
# tissue	 9 	 5 
# tissue	 10 	 5 
# tissue	 11 	 5 
# tissue	 12 	 5 
# tissue	 13 	 5 
# tissue	 14 	 5 
# tissue	 15 	 5 
# tissue	 16 	 5 
# tissue	 17 	 5 
# tissue	 18 	 5 
# tissue	 19 	 5 
# tissue	 20 	 5 
# tissue	 21 	 5 
# tissue	 22 	 5 
# tissue	 23 	 5 
# tissue	 24 	 5 
# tissue	 25 	 5 
# tissue	 26 	 5 
# tissue	 27 	 5 
# tissue	 28 	 5 
# tissue	 29 	 5 
# tissue	 30 	 5 
# tissue	 31 	 5 
# tissue	 32 	 5 
# tissue	 33 	 5 
# tissue	 34 	 5 
# tissue	 35 	 5 
# tissue	 36 	 5 
# tissue	 37 	 5 
# tissue	 38 	 5 
# tissue	 39 	 5 
# tissue	 40 	 5 
# tissue	 41 	 5 
# tissue	 42 	 5 
# tissue	 43 	 5 
# tissue	 44 	 5 
# tissue	 45 	 5 
# tissue	 46 	 5 
# tissue	 47 	 5 
# tissue	 48 	 5 
# tissue	 49 	 5 
# tissue	 50 	 5 
# tissue	 51 	 5 
# tissue	 52 	 5 
# tissue	 53 	 5 
# Coefficients:
1 	 0 
1 	 0 
1 	 0 
1 	 0 
1 	 0 
2 	 0 
2 	 0 
2 	 0 
2 	 0 
2 	 0 
3 	 0 
3 	 0 
3 	 0 
3 	 0 
3 	 0 
4 	 0 
4 	 0 
4 	 0 
4 	 0 
4 	 0 
5 	 0 
5 	 0 
5 	 0 
5 	 0 
5 	 0 
6 	 0 
6 	 0 
6 	 0 
6 	 0 
6 	 0 
7 	 0 
7 	 0 
7 	 0 
7 	 0 
7 	 0 
8 	 0 
8 	 0 
8 	 0 
8 	 0 
8 	 0 
9 	 0 
9 	 0 
9 	 0 
9 	 0 
9 	 0 
10 	 0 
10 	 0 
10 	 0 
10 	 0 
10 	 0 
11 	 0 
11 	 0 
11 	 0 
11 	 0 
11 	 0 
12 	 0 
12 	 0 
12 	 0 
12 	 0 
12 	 0 
13 	 0 
13 	 0 
13 	 0 
13 	 0 
13 	 0 
14 	 -0.006259441 
14 	 0.09528965 
14 	 0.02354361 
14 	 -0.1177126 
14 	 0.05344348 
15 	 0 
15 	 0 
15 	 0 
15 	 0 
15 	 0 
16 	 0 
16 	 0 
16 	 0 
16 	 0 
16 	 0 
17 	 0 
17 	 0 
17 	 0 
17 	 0 
17 	 0 
18 	 0 
18 	 0 
18 	 0 
18 	 0 
18 	 0 
19 	 -0.005587813 
19 	 -0.004239601 
19 	 -0.06247228 
19 	 -0.1988235 
19 	 0.1881813 
20 	 0 
20 	 0 
20 	 0 
20 	 0 
20 	 0 
21 	 0 
21 	 0 
21 	 0 
21 	 0 
21 	 0 
22 	 0 
22 	 0 
22 	 0 
22 	 0 
22 	 0 
23 	 0 
23 	 0 
23 	 0 
23 	 0 
23 	 0 
24 	 0 
24 	 0 
24 	 0 
24 	 0 
24 	 0 
25 	 0 
25 	 0 
25 	 0 
25 	 0 
25 	 0 
26 	 0 
26 	 0 
26 	 0 
26 	 0 
26 	 0 
27 	 -0.0006362249 
27 	 -0.01968884 
27 	 0.04673367 
27 	 0.01762028 
27 	 0.07794834 
28 	 -0.003825995 
28 	 -0.0109158 
28 	 0.05862986 
28 	 -0.01159189 
28 	 0.004073737 
29 	 -0.0001837146 
29 	 -0.001244805 
29 	 -9.837786e-05 
29 	 0.004299544 
29 	 -0.0003924607 
30 	 -0.002567631 
30 	 -0.03828565 
30 	 0.01812181 
30 	 0.006945297 
30 	 -0.02533762 
31 	 0 
31 	 0 
31 	 0 
31 	 0 
31 	 0 
32 	 0 
32 	 0 
32 	 0 
32 	 0 
32 	 0 
33 	 0 
33 	 0 
33 	 0 
33 	 0 
33 	 0 
34 	 0 
34 	 0 
34 	 0 
34 	 0 
34 	 0 
35 	 0 
35 	 0 
35 	 0 
35 	 0 
35 	 0 
36 	 0 
36 	 0 
36 	 0 
36 	 0 
36 	 0 
37 	 0 
37 	 0 
37 	 0 
37 	 0 
37 	 0 
38 	 0 
38 	 0 
38 	 0 
38 	 0 
38 	 0 
39 	 0 
39 	 0 
39 	 0 
39 	 0 
39 	 0 
40 	 0 
40 	 0 
40 	 0 
40 	 0 
40 	 0 
41 	 0 
41 	 0 
41 	 0 
41 	 0 
41 	 0 
42 	 0 
42 	 0 
42 	 0 
42 	 0 
42 	 0 
43 	 0 
43 	 0 
43 	 0 
43 	 0 
43 	 0 
44 	 0 
44 	 0 
44 	 0 
44 	 0 
44 	 0 
45 	 0 
45 	 0 
45 	 0 
45 	 0 
45 	 0 
46 	 0 
46 	 0 
46 	 0 
46 	 0 
46 	 0 
47 	 0 
47 	 0 
47 	 0 
47 	 0 
47 	 0 
48 	 0 
48 	 0 
48 	 0 
48 	 0 
48 	 0 
49 	 0 
49 	 0 
49 	 0 
49 	 0 
49 	 0 
50 	 0 
50 	 0 
50 	 0 
50 	 0 
50 	 0 
51 	 0 
51 	 0 
51 	 0 
51 	 0 
51 	 0 
52 	 0 
52 	 0 
52 	 0 
52 	 0 
52 	 0 
53 	 0 
53 	 0 
53 	 0 
53 	 0 
53 	 0 
# Gene ID	Label	Prediction
0000000003 ENSG00000061273 	 1 	 0.2778549 
0000000007 ENSG00000108840 	 1 	 0.0787523 
0000000008 ENSG00000112715 	 1 	 0.1456585 
0000000011 ENSG00000124181 	 1 	 0.3667796 
0000000013 ENSG00000128917 	 1 	 0.5843895 
0000000019 ENSG00000148400 	 1 	 0.4087396 
0000000022 ENSG00000154188 	 1 	 0.1933534 
0000000023 ENSG00000126016 	 1 	 0.126501 
0000000024 ENSG00000137509 	 1 	 0.2042947 
0000000027 ENSG00000189403 	 1 	 0.135969 
0000000029 ENSG00000100311 	 1 	 0.5040567 
0000000030 ENSG00000184304 	 1 	 0.2149522 
0000000033 ENSG00000196712 	 1 	 0.2584409 
0000000034 ENSG00000142627 	 1 	 0.3586287 
0000000036 ENSG00000180772 	 1 	 0.1109436 
0000000042 ENSG00000101280 	 1 	 0.2018158 
0000000009 ENSG00000038002 	 0 	 0.1168276 
0000000011 ENSG00000125850 	 0 	 0.06145761 
0000000012 ENSG00000089876 	 0 	 0.1625324 
0000000013 ENSG00000171777 	 0 	 0.1520643 
0000000016 ENSG00000164694 	 0 	 0.2341061 
0000000018 ENSG00000165553 	 0 	 0.1794538 
0000000021 ENSG00000157335 	 0 	 0.1389913 
0000000022 ENSG00000007216 	 0 	 0.09613314 
0000000024 ENSG00000154655 	 0 	 0.1545535 
0000000025 ENSG00000089847 	 0 	 0.1344256 
0000000032 ENSG00000107438 	 0 	 0.5267005 
0000000033 ENSG00000171827 	 0 	 0.1426377 
0000000037 ENSG00000186866 	 0 	 0.2113789 
0000000039 ENSG00000148702 	 0 	 0.1217446 
0000000040 ENSG00000125571 	 0 	 0.1406996 
0000000041 ENSG00000087053 	 0 	 0.391894 
0000000042 ENSG00000232423 	 0 	 0.1413312 
0000000044 ENSG00000171848 	 0 	 0.143092 
0000000052 ENSG00000118432 	 0 	 0.2594504 
0000000057 ENSG00000204161 	 0 	 0.1930977 
0000000058 ENSG00000148143 	 0 	 0.1473991 
0000000060 ENSG00000078699 	 0 	 0.1618937 
0000000062 ENSG00000240053 	 0 	 0.1451743 
0000000063 ENSG00000168065 	 0 	 0.1175917 
0000000071 ENSG00000108883 	 0 	 0.1307092 
0000000072 ENSG00000218823 	 0 	 0.1414348 
0000000088 ENSG00000160219 	 0 	 0.141205 
0000000100 ENSG00000114745 	 0 	 0.1455485 
0000000102 ENSG00000183696 	 0 	 0.3032026 
0000000103 ENSG00000183020 	 0 	 0.2451962 
0000000110 ENSG00000105854 	 0 	 0.1854739 
0000000111 ENSG00000084731 	 0 	 0.1424951 
0000000116 ENSG00000197168 	 0 	 0.1409958 
0000000118 ENSG00000003096 	 0 	 0.1353565 
0000000119 ENSG00000108443 	 0 	 0.1510967 
0000000120 ENSG00000120278 	 0 	 0.141205 
0000000121 ENSG00000239900 	 0 	 0.13079 
0000000122 ENSG00000204947 	 0 	 0.1398381 
0000000123 ENSG00000163714 	 0 	 0.1420709 
0000000125 ENSG00000183580 	 0 	 0.2771774 
0000000130 ENSG00000137575 	 0 	 0.2746126 
0000000135 ENSG00000165912 	 0 	 0.1041091 
0000000137 ENSG00000172818 	 0 	 0.143047 
0000000138 ENSG00000137710 	 0 	 0.1417948 
0000000145 ENSG00000132000 	 0 	 0.1356819 
0000000147 ENSG00000167766 	 0 	 0.2601118 
0000000149 ENSG00000155957 	 0 	 0.2085627 
0000000154 ENSG00000011114 	 0 	 0.1584296 
0000000157 ENSG00000081014 	 0 	 0.1247625 
0000000159 ENSG00000157429 	 0 	 0.1412163 
0000000163 ENSG00000154217 	 0 	 0.4962387 
0000000166 ENSG00000167754 	 0 	 0.06662448 
0000000168 ENSG00000124493 	 0 	 0.1409128 
