# Prediction results for:	 GO:0045444 
# Model used:	 group_lasso 
# ROC AUC score:	 0.5312461 
# All tissues were included
# Best penalty parameter (CV): 5.67057 
# tissue	 1 	 5 
# tissue	 2 	 5 
# tissue	 3 	 5 
# tissue	 4 	 5 
# tissue	 5 	 5 
# tissue	 6 	 5 
# tissue	 7 	 5 
# tissue	 8 	 5 
# tissue	 9 	 5 
# tissue	 10 	 5 
# tissue	 11 	 5 
# tissue	 12 	 5 
# tissue	 13 	 5 
# tissue	 14 	 5 
# tissue	 15 	 5 
# tissue	 16 	 5 
# tissue	 17 	 5 
# tissue	 18 	 5 
# tissue	 19 	 5 
# tissue	 20 	 5 
# tissue	 21 	 5 
# tissue	 22 	 5 
# tissue	 23 	 5 
# tissue	 24 	 5 
# tissue	 25 	 5 
# tissue	 26 	 5 
# tissue	 27 	 5 
# tissue	 28 	 5 
# tissue	 29 	 5 
# tissue	 30 	 5 
# tissue	 31 	 5 
# tissue	 32 	 5 
# tissue	 33 	 5 
# tissue	 34 	 5 
# tissue	 35 	 5 
# tissue	 36 	 5 
# tissue	 37 	 5 
# tissue	 38 	 5 
# tissue	 39 	 5 
# tissue	 40 	 5 
# tissue	 41 	 5 
# tissue	 42 	 5 
# tissue	 43 	 5 
# tissue	 44 	 5 
# tissue	 45 	 5 
# tissue	 46 	 5 
# tissue	 47 	 5 
# tissue	 48 	 5 
# tissue	 49 	 5 
# tissue	 50 	 5 
# tissue	 51 	 5 
# tissue	 52 	 5 
# tissue	 53 	 5 
# Coefficients:
1 	 0 
1 	 0 
1 	 0 
1 	 0 
1 	 0 
2 	 -0.003755613 
2 	 0.06798941 
2 	 -0.1829155 
2 	 0.09831171 
2 	 -0.2401808 
3 	 -0.0008615468 
3 	 -0.006991732 
3 	 0.003103786 
3 	 0.01023041 
3 	 0.03639835 
4 	 0 
4 	 0 
4 	 0 
4 	 0 
4 	 0 
5 	 0 
5 	 0 
5 	 0 
5 	 0 
5 	 0 
6 	 0 
6 	 0 
6 	 0 
6 	 0 
6 	 0 
7 	 0 
7 	 0 
7 	 0 
7 	 0 
7 	 0 
8 	 0 
8 	 0 
8 	 0 
8 	 0 
8 	 0 
9 	 0 
9 	 0 
9 	 0 
9 	 0 
9 	 0 
10 	 0 
10 	 0 
10 	 0 
10 	 0 
10 	 0 
11 	 0 
11 	 0 
11 	 0 
11 	 0 
11 	 0 
12 	 0 
12 	 0 
12 	 0 
12 	 0 
12 	 0 
13 	 0 
13 	 0 
13 	 0 
13 	 0 
13 	 0 
14 	 0 
14 	 0 
14 	 0 
14 	 0 
14 	 0 
15 	 0 
15 	 0 
15 	 0 
15 	 0 
15 	 0 
16 	 0 
16 	 0 
16 	 0 
16 	 0 
16 	 0 
17 	 -0.006447032 
17 	 0.1415242 
17 	 0.09081996 
17 	 0.1783192 
17 	 -0.1996398 
18 	 0 
18 	 0 
18 	 0 
18 	 0 
18 	 0 
19 	 0 
19 	 0 
19 	 0 
19 	 0 
19 	 0 
20 	 0 
20 	 0 
20 	 0 
20 	 0 
20 	 0 
21 	 -0.0005184047 
21 	 -0.01908331 
21 	 0.06439271 
21 	 0.009974866 
21 	 -0.0694096 
22 	 0 
22 	 0 
22 	 0 
22 	 0 
22 	 0 
23 	 -0.001170681 
23 	 0.0373891 
23 	 -0.02634959 
23 	 -0.1471392 
23 	 0.007090975 
24 	 0 
24 	 0 
24 	 0 
24 	 0 
24 	 0 
25 	 0 
25 	 0 
25 	 0 
25 	 0 
25 	 0 
26 	 0 
26 	 0 
26 	 0 
26 	 0 
26 	 0 
27 	 0 
27 	 0 
27 	 0 
27 	 0 
27 	 0 
28 	 0 
28 	 0 
28 	 0 
28 	 0 
28 	 0 
29 	 0 
29 	 0 
29 	 0 
29 	 0 
29 	 0 
30 	 -6.567883e-05 
30 	 -0.0003651753 
30 	 0.003156182 
30 	 0.01815157 
30 	 -0.02335284 
31 	 0 
31 	 0 
31 	 0 
31 	 0 
31 	 0 
32 	 0 
32 	 0 
32 	 0 
32 	 0 
32 	 0 
33 	 0 
33 	 0 
33 	 0 
33 	 0 
33 	 0 
34 	 0 
34 	 0 
34 	 0 
34 	 0 
34 	 0 
35 	 0 
35 	 0 
35 	 0 
35 	 0 
35 	 0 
36 	 0 
36 	 0 
36 	 0 
36 	 0 
36 	 0 
37 	 0 
37 	 0 
37 	 0 
37 	 0 
37 	 0 
38 	 0 
38 	 0 
38 	 0 
38 	 0 
38 	 0 
39 	 -0.002253451 
39 	 0.01773082 
39 	 -0.07020825 
39 	 -0.0004357249 
39 	 -0.03353128 
40 	 0 
40 	 0 
40 	 0 
40 	 0 
40 	 0 
41 	 0 
41 	 0 
41 	 0 
41 	 0 
41 	 0 
42 	 0 
42 	 0 
42 	 0 
42 	 0 
42 	 0 
43 	 0 
43 	 0 
43 	 0 
43 	 0 
43 	 0 
44 	 0 
44 	 0 
44 	 0 
44 	 0 
44 	 0 
45 	 -0.0004977373 
45 	 0.01995434 
45 	 0.02455155 
45 	 0.0137878 
45 	 -0.0770074 
46 	 0 
46 	 0 
46 	 0 
46 	 0 
46 	 0 
47 	 0 
47 	 0 
47 	 0 
47 	 0 
47 	 0 
48 	 0 
48 	 0 
48 	 0 
48 	 0 
48 	 0 
49 	 0 
49 	 0 
49 	 0 
49 	 0 
49 	 0 
50 	 0 
50 	 0 
50 	 0 
50 	 0 
50 	 0 
51 	 0 
51 	 0 
51 	 0 
51 	 0 
51 	 0 
52 	 0 
52 	 0 
52 	 0 
52 	 0 
52 	 0 
53 	 0 
53 	 0 
53 	 0 
53 	 0 
53 	 0 
# Gene ID	Label	Prediction
0000000003 ENSG00000096717 	 1 	 0.211451 
0000000004 ENSG00000100211 	 1 	 0.161337 
0000000010 ENSG00000126262 	 1 	 0.1455415 
0000000012 ENSG00000091039 	 1 	 0.1357829 
0000000014 ENSG00000100393 	 1 	 0.2039522 
0000000016 ENSG00000138686 	 1 	 0.1499666 
0000000017 ENSG00000095752 	 1 	 0.08309973 
0000000021 ENSG00000168000 	 1 	 0.1281576 
0000000022 ENSG00000156466 	 1 	 0.1250855 
0000000027 ENSG00000163083 	 1 	 0.2063864 
0000000030 ENSG00000164307 	 1 	 0.1536073 
0000000031 ENSG00000125686 	 1 	 0.1710293 
0000000036 ENSG00000176845 	 1 	 0.120038 
0000000042 ENSG00000148737 	 1 	 0.1231528 
0000000043 ENSG00000125863 	 1 	 0.1627294 
0000000044 ENSG00000149948 	 1 	 0.1224419 
0000000045 ENSG00000105270 	 1 	 0.1005833 
0000000049 ENSG00000204264 	 1 	 0.137612 
0000000050 ENSG00000150907 	 1 	 0.2836362 
0000000052 ENSG00000189077 	 1 	 0.1317506 
0000000053 ENSG00000169136 	 1 	 0.180471 
0000000054 ENSG00000101493 	 1 	 0.1318975 
0000000004 ENSG00000106635 	 0 	 0.1101251 
0000000007 ENSG00000088986 	 0 	 0.1317613 
0000000012 ENSG00000134744 	 0 	 0.1531883 
0000000014 ENSG00000137814 	 0 	 0.1671438 
0000000022 ENSG00000170054 	 0 	 0.122243 
0000000024 ENSG00000242180 	 0 	 0.121912 
0000000026 ENSG00000088826 	 0 	 0.09591034 
0000000028 ENSG00000168795 	 0 	 0.1205663 
0000000031 ENSG00000175040 	 0 	 0.2840885 
0000000034 ENSG00000178342 	 0 	 0.1102429 
0000000036 ENSG00000179055 	 0 	 0.1220539 
0000000037 ENSG00000175868 	 0 	 0.1389362 
0000000039 ENSG00000185504 	 0 	 0.2011578 
0000000040 ENSG00000114270 	 0 	 0.2000763 
0000000049 ENSG00000039319 	 0 	 0.1948878 
0000000051 ENSG00000188452 	 0 	 0.122634 
0000000057 ENSG00000005448 	 0 	 0.08421744 
0000000058 ENSG00000161642 	 0 	 0.3296872 
0000000059 ENSG00000105426 	 0 	 0.6592543 
0000000062 ENSG00000163216 	 0 	 0.05106281 
0000000068 ENSG00000163568 	 0 	 0.1179996 
0000000070 ENSG00000065154 	 0 	 0.166976 
0000000071 ENSG00000198924 	 0 	 0.1404907 
0000000072 ENSG00000147381 	 0 	 0.1224479 
0000000073 ENSG00000125533 	 0 	 0.1231378 
0000000074 ENSG00000155966 	 0 	 0.1264028 
0000000077 ENSG00000117408 	 0 	 0.1490359 
0000000078 ENSG00000244474 	 0 	 0.1218695 
0000000079 ENSG00000132821 	 0 	 0.2427887 
0000000082 ENSG00000131080 	 0 	 0.1187054 
0000000083 ENSG00000106789 	 0 	 0.1213502 
0000000085 ENSG00000168066 	 0 	 0.1289166 
0000000088 ENSG00000164402 	 0 	 0.1345489 
0000000092 ENSG00000204428 	 0 	 0.1593877 
0000000094 ENSG00000142330 	 0 	 0.1342966 
0000000095 ENSG00000042088 	 0 	 0.08968754 
0000000096 ENSG00000171475 	 0 	 0.1035419 
0000000097 ENSG00000107758 	 0 	 0.1418838 
0000000100 ENSG00000111716 	 0 	 0.2227615 
0000000101 ENSG00000078399 	 0 	 0.1172764 
0000000102 ENSG00000168913 	 0 	 0.1896224 
0000000104 ENSG00000144848 	 0 	 0.1259164 
0000000108 ENSG00000075240 	 0 	 0.1762291 
0000000116 ENSG00000182670 	 0 	 0.3021663 
0000000118 ENSG00000007392 	 0 	 0.06470344 
0000000120 ENSG00000180902 	 0 	 0.160584 
0000000122 ENSG00000004809 	 0 	 0.1280921 
0000000131 ENSG00000119121 	 0 	 0.16998 
0000000143 ENSG00000196998 	 0 	 0.1231733 
0000000144 ENSG00000243989 	 0 	 0.1398071 
0000000150 ENSG00000163584 	 0 	 0.04393586 
0000000151 ENSG00000122786 	 0 	 0.1224479 
0000000154 ENSG00000167080 	 0 	 0.135949 
0000000157 ENSG00000145335 	 0 	 0.1224479 
0000000158 ENSG00000092421 	 0 	 0.1223949 
0000000168 ENSG00000110318 	 0 	 0.2321424 
0000000173 ENSG00000101856 	 0 	 0.3777761 
0000000174 ENSG00000102241 	 0 	 0.1701055 
0000000187 ENSG00000070778 	 0 	 0.1702367 
0000000189 ENSG00000119688 	 0 	 0.1211728 
0000000193 ENSG00000100968 	 0 	 0.1221546 
0000000194 ENSG00000108107 	 0 	 0.08612603 
0000000203 ENSG00000141086 	 0 	 0.1327739 
0000000210 ENSG00000101489 	 0 	 0.1219312 
0000000211 ENSG00000198185 	 0 	 0.1057909 
0000000216 ENSG00000111077 	 0 	 0.1188951 
0000000218 ENSG00000156026 	 0 	 0.1260863 
