# Prediction results for:	 GO:0050864 
# Model used:	 group_lasso 
# ROC AUC score:	 0.5525165 
# All tissues were included
# Best penalty parameter (CV): 6.356885 
# tissue	 1 	 5 
# tissue	 2 	 5 
# tissue	 3 	 5 
# tissue	 4 	 5 
# tissue	 5 	 5 
# tissue	 6 	 5 
# tissue	 7 	 5 
# tissue	 8 	 5 
# tissue	 9 	 5 
# tissue	 10 	 5 
# tissue	 11 	 5 
# tissue	 12 	 5 
# tissue	 13 	 5 
# tissue	 14 	 5 
# tissue	 15 	 5 
# tissue	 16 	 5 
# tissue	 17 	 5 
# tissue	 18 	 5 
# tissue	 19 	 5 
# tissue	 20 	 5 
# tissue	 21 	 5 
# tissue	 22 	 5 
# tissue	 23 	 5 
# tissue	 24 	 5 
# tissue	 25 	 5 
# tissue	 26 	 5 
# tissue	 27 	 5 
# tissue	 28 	 5 
# tissue	 29 	 5 
# tissue	 30 	 5 
# tissue	 31 	 5 
# tissue	 32 	 5 
# tissue	 33 	 5 
# tissue	 34 	 5 
# tissue	 35 	 5 
# tissue	 36 	 5 
# tissue	 37 	 5 
# tissue	 38 	 5 
# tissue	 39 	 5 
# tissue	 40 	 5 
# tissue	 41 	 5 
# tissue	 42 	 5 
# tissue	 43 	 5 
# tissue	 44 	 5 
# tissue	 45 	 5 
# tissue	 46 	 5 
# tissue	 47 	 5 
# tissue	 48 	 5 
# tissue	 49 	 5 
# tissue	 50 	 5 
# tissue	 51 	 5 
# tissue	 52 	 5 
# tissue	 53 	 5 
# Coefficients:
1 	 0 
1 	 0 
1 	 0 
1 	 0 
1 	 0 
2 	 -0.001684022 
2 	 0.009297358 
2 	 0.2013547 
2 	 -0.04733122 
2 	 -0.0528691 
3 	 0 
3 	 0 
3 	 0 
3 	 0 
3 	 0 
4 	 0 
4 	 0 
4 	 0 
4 	 0 
4 	 0 
5 	 0 
5 	 0 
5 	 0 
5 	 0 
5 	 0 
6 	 0 
6 	 0 
6 	 0 
6 	 0 
6 	 0 
7 	 0 
7 	 0 
7 	 0 
7 	 0 
7 	 0 
8 	 0 
8 	 0 
8 	 0 
8 	 0 
8 	 0 
9 	 0 
9 	 0 
9 	 0 
9 	 0 
9 	 0 
10 	 0 
10 	 0 
10 	 0 
10 	 0 
10 	 0 
11 	 0 
11 	 0 
11 	 0 
11 	 0 
11 	 0 
12 	 0 
12 	 0 
12 	 0 
12 	 0 
12 	 0 
13 	 0 
13 	 0 
13 	 0 
13 	 0 
13 	 0 
14 	 0 
14 	 0 
14 	 0 
14 	 0 
14 	 0 
15 	 -0.006730827 
15 	 -0.03756766 
15 	 -0.05067758 
15 	 0.06170411 
15 	 0.1154154 
16 	 0 
16 	 0 
16 	 0 
16 	 0 
16 	 0 
17 	 0 
17 	 0 
17 	 0 
17 	 0 
17 	 0 
18 	 0 
18 	 0 
18 	 0 
18 	 0 
18 	 0 
19 	 0 
19 	 0 
19 	 0 
19 	 0 
19 	 0 
20 	 0.00125492 
20 	 -0.02968135 
20 	 0.0244484 
20 	 -0.2846218 
20 	 0.0208626 
21 	 0 
21 	 0 
21 	 0 
21 	 0 
21 	 0 
22 	 0 
22 	 0 
22 	 0 
22 	 0 
22 	 0 
23 	 0 
23 	 0 
23 	 0 
23 	 0 
23 	 0 
24 	 0 
24 	 0 
24 	 0 
24 	 0 
24 	 0 
25 	 0 
25 	 0 
25 	 0 
25 	 0 
25 	 0 
26 	 0 
26 	 0 
26 	 0 
26 	 0 
26 	 0 
27 	 0 
27 	 0 
27 	 0 
27 	 0 
27 	 0 
28 	 0 
28 	 0 
28 	 0 
28 	 0 
28 	 0 
29 	 0 
29 	 0 
29 	 0 
29 	 0 
29 	 0 
30 	 0 
30 	 0 
30 	 0 
30 	 0 
30 	 0 
31 	 0 
31 	 0 
31 	 0 
31 	 0 
31 	 0 
32 	 0 
32 	 0 
32 	 0 
32 	 0 
32 	 0 
33 	 0 
33 	 0 
33 	 0 
33 	 0 
33 	 0 
34 	 0 
34 	 0 
34 	 0 
34 	 0 
34 	 0 
35 	 0 
35 	 0 
35 	 0 
35 	 0 
35 	 0 
36 	 0 
36 	 0 
36 	 0 
36 	 0 
36 	 0 
37 	 0 
37 	 0 
37 	 0 
37 	 0 
37 	 0 
38 	 0 
38 	 0 
38 	 0 
38 	 0 
38 	 0 
39 	 0 
39 	 0 
39 	 0 
39 	 0 
39 	 0 
40 	 0 
40 	 0 
40 	 0 
40 	 0 
40 	 0 
41 	 -0.003065591 
41 	 0.02902192 
41 	 0.09370345 
41 	 -0.1368728 
41 	 -0.08803494 
42 	 0 
42 	 0 
42 	 0 
42 	 0 
42 	 0 
43 	 0 
43 	 0 
43 	 0 
43 	 0 
43 	 0 
44 	 0 
44 	 0 
44 	 0 
44 	 0 
44 	 0 
45 	 0 
45 	 0 
45 	 0 
45 	 0 
45 	 0 
46 	 0 
46 	 0 
46 	 0 
46 	 0 
46 	 0 
47 	 0 
47 	 0 
47 	 0 
47 	 0 
47 	 0 
48 	 0.002162373 
48 	 -0.02628404 
48 	 0.04238474 
48 	 0.1635576 
48 	 0.1344893 
49 	 0 
49 	 0 
49 	 0 
49 	 0 
49 	 0 
50 	 0 
50 	 0 
50 	 0 
50 	 0 
50 	 0 
51 	 0 
51 	 0 
51 	 0 
51 	 0 
51 	 0 
52 	 0 
52 	 0 
52 	 0 
52 	 0 
52 	 0 
53 	 0 
53 	 0 
53 	 0 
53 	 0 
53 	 0 
# Gene ID	Label	Prediction
0000000003 ENSG00000019582 	 1 	 0.9488094 
0000000004 ENSG00000240972 	 1 	 0.330914 
0000000007 ENSG00000105329 	 1 	 0.4191182 
0000000009 ENSG00000109471 	 1 	 0.1680388 
0000000011 ENSG00000113525 	 1 	 0.1360169 
0000000013 ENSG00000106546 	 1 	 0.4281238 
0000000015 ENSG00000123999 	 1 	 0.1166415 
0000000017 ENSG00000135870 	 1 	 0.1489418 
0000000022 ENSG00000101082 	 1 	 0.3778531 
0000000023 ENSG00000071564 	 1 	 0.1769238 
0000000024 ENSG00000110651 	 1 	 0.2118396 
0000000031 ENSG00000117586 	 1 	 0.2146517 
0000000033 ENSG00000161405 	 1 	 0.139259 
0000000039 ENSG00000147889 	 1 	 0.1343028 
0000000041 ENSG00000010671 	 1 	 0.6969712 
0000000043 ENSG00000157227 	 1 	 0.2944982 
0000000045 ENSG00000109111 	 1 	 0.144233 
0000000046 ENSG00000168884 	 1 	 0.1928049 
0000000047 ENSG00000129654 	 1 	 0.149892 
0000000052 ENSG00000160716 	 1 	 0.1335866 
0000000053 ENSG00000134215 	 1 	 0.241487 
0000000054 ENSG00000101096 	 1 	 0.1954138 
0000000056 ENSG00000185950 	 1 	 0.1039694 
0000000059 ENSG00000186827 	 1 	 0.3816958 
0000000061 ENSG00000157212 	 1 	 0.1591783 
0000000008 ENSG00000123136 	 0 	 0.481215 
0000000013 ENSG00000116675 	 0 	 0.1399057 
0000000014 ENSG00000121454 	 0 	 0.202325 
0000000018 ENSG00000139971 	 0 	 0.1430501 
0000000022 ENSG00000152128 	 0 	 0.1825346 
0000000025 ENSG00000117385 	 0 	 0.2987064 
0000000028 ENSG00000111670 	 0 	 0.3360032 
0000000029 ENSG00000172243 	 0 	 0.1674488 
0000000033 ENSG00000116774 	 0 	 0.4731749 
0000000036 ENSG00000055130 	 0 	 0.1426266 
0000000041 ENSG00000185090 	 0 	 0.1673559 
0000000045 ENSG00000185873 	 0 	 0.04668764 
0000000047 ENSG00000152413 	 0 	 0.2181887 
0000000054 ENSG00000197142 	 0 	 0.1393004 
0000000055 ENSG00000230873 	 0 	 0.1382595 
0000000059 ENSG00000117791 	 0 	 0.2026606 
0000000060 ENSG00000155974 	 0 	 0.1348225 
0000000064 ENSG00000162910 	 0 	 0.1439453 
0000000066 ENSG00000160691 	 0 	 0.2068786 
0000000068 ENSG00000117569 	 0 	 0.112228 
0000000069 ENSG00000165716 	 0 	 0.06965021 
0000000070 ENSG00000119917 	 0 	 0.433359 
0000000073 ENSG00000096264 	 0 	 0.1377463 
0000000074 ENSG00000119535 	 0 	 0.1393513 
0000000076 ENSG00000120688 	 0 	 0.1124252 
0000000077 ENSG00000170222 	 0 	 0.1407133 
0000000081 ENSG00000105894 	 0 	 0.1125297 
0000000084 ENSG00000161642 	 0 	 0.3410786 
0000000090 ENSG00000204099 	 0 	 0.1339243 
0000000091 ENSG00000163517 	 0 	 0.1426121 
0000000092 ENSG00000100288 	 0 	 0.1239715 
0000000093 ENSG00000144366 	 0 	 0.1393786 
0000000094 ENSG00000118200 	 0 	 0.1781831 
0000000096 ENSG00000106025 	 0 	 0.3410538 
0000000102 ENSG00000120526 	 0 	 0.3466376 
0000000107 ENSG00000182132 	 0 	 0.1394713 
0000000109 ENSG00000147133 	 0 	 0.1386506 
0000000112 ENSG00000140403 	 0 	 0.1405968 
0000000119 ENSG00000134986 	 0 	 0.1423317 
0000000121 ENSG00000144712 	 0 	 0.1394713 
0000000131 ENSG00000137171 	 0 	 0.1812381 
0000000135 ENSG00000203896 	 0 	 0.1652336 
0000000136 ENSG00000077984 	 0 	 0.1350267 
0000000138 ENSG00000120942 	 0 	 0.1810773 
0000000141 ENSG00000100593 	 0 	 0.1374454 
0000000154 ENSG00000105483 	 0 	 0.1412702 
0000000157 ENSG00000085117 	 0 	 0.1901264 
0000000158 ENSG00000132254 	 0 	 0.1400037 
0000000165 ENSG00000251247 	 0 	 0.1325056 
0000000169 ENSG00000089053 	 0 	 0.1154066 
0000000170 ENSG00000205929 	 0 	 0.2325125 
0000000175 ENSG00000198492 	 0 	 0.2169161 
0000000176 ENSG00000213020 	 0 	 0.1633018 
0000000178 ENSG00000181666 	 0 	 0.1802824 
0000000182 ENSG00000139620 	 0 	 0.1917188 
0000000184 ENSG00000121749 	 0 	 0.1356711 
0000000185 ENSG00000139620 	 0 	 0.154067 
0000000192 ENSG00000140465 	 0 	 0.1383256 
0000000193 ENSG00000067225 	 0 	 0.1393468 
0000000197 ENSG00000153048 	 0 	 0.1440626 
0000000203 ENSG00000265681 	 0 	 0.1944813 
0000000204 ENSG00000141551 	 0 	 0.1662621 
0000000205 ENSG00000160392 	 0 	 0.1367952 
0000000212 ENSG00000184828 	 0 	 0.1709706 
0000000213 ENSG00000175832 	 0 	 0.1369978 
0000000214 ENSG00000129667 	 0 	 0.1394713 
0000000218 ENSG00000271092 	 0 	 0.142024 
