# Prediction results for:	 GO:0060048 
# Model used:	 group_lasso 
# ROC AUC score:	 0.5628337 
# All tissues were included
# Best penalty parameter (CV): 7.126059 
# tissue	 1 	 5 
# tissue	 2 	 5 
# tissue	 3 	 5 
# tissue	 4 	 5 
# tissue	 5 	 5 
# tissue	 6 	 5 
# tissue	 7 	 5 
# tissue	 8 	 5 
# tissue	 9 	 5 
# tissue	 10 	 5 
# tissue	 11 	 5 
# tissue	 12 	 5 
# tissue	 13 	 5 
# tissue	 14 	 5 
# tissue	 15 	 5 
# tissue	 16 	 5 
# tissue	 17 	 5 
# tissue	 18 	 5 
# tissue	 19 	 5 
# tissue	 20 	 5 
# tissue	 21 	 5 
# tissue	 22 	 5 
# tissue	 23 	 5 
# tissue	 24 	 5 
# tissue	 25 	 5 
# tissue	 26 	 5 
# tissue	 27 	 5 
# tissue	 28 	 5 
# tissue	 29 	 5 
# tissue	 30 	 5 
# tissue	 31 	 5 
# tissue	 32 	 5 
# tissue	 33 	 5 
# tissue	 34 	 5 
# tissue	 35 	 5 
# tissue	 36 	 5 
# tissue	 37 	 5 
# tissue	 38 	 5 
# tissue	 39 	 5 
# tissue	 40 	 5 
# tissue	 41 	 5 
# tissue	 42 	 5 
# tissue	 43 	 5 
# tissue	 44 	 5 
# tissue	 45 	 5 
# tissue	 46 	 5 
# tissue	 47 	 5 
# tissue	 48 	 5 
# tissue	 49 	 5 
# tissue	 50 	 5 
# tissue	 51 	 5 
# tissue	 52 	 5 
# tissue	 53 	 5 
# Coefficients:
1 	 0 
1 	 0 
1 	 0 
1 	 0 
1 	 0 
2 	 0 
2 	 0 
2 	 0 
2 	 0 
2 	 0 
3 	 0 
3 	 0 
3 	 0 
3 	 0 
3 	 0 
4 	 0 
4 	 0 
4 	 0 
4 	 0 
4 	 0 
5 	 0 
5 	 0 
5 	 0 
5 	 0 
5 	 0 
6 	 0 
6 	 0 
6 	 0 
6 	 0 
6 	 0 
7 	 0 
7 	 0 
7 	 0 
7 	 0 
7 	 0 
8 	 0 
8 	 0 
8 	 0 
8 	 0 
8 	 0 
9 	 0 
9 	 0 
9 	 0 
9 	 0 
9 	 0 
10 	 0 
10 	 0 
10 	 0 
10 	 0 
10 	 0 
11 	 0 
11 	 0 
11 	 0 
11 	 0 
11 	 0 
12 	 0 
12 	 0 
12 	 0 
12 	 0 
12 	 0 
13 	 0 
13 	 0 
13 	 0 
13 	 0 
13 	 0 
14 	 0 
14 	 0 
14 	 0 
14 	 0 
14 	 0 
15 	 0 
15 	 0 
15 	 0 
15 	 0 
15 	 0 
16 	 0 
16 	 0 
16 	 0 
16 	 0 
16 	 0 
17 	 0 
17 	 0 
17 	 0 
17 	 0 
17 	 0 
18 	 0 
18 	 0 
18 	 0 
18 	 0 
18 	 0 
19 	 0 
19 	 0 
19 	 0 
19 	 0 
19 	 0 
20 	 0 
20 	 0 
20 	 0 
20 	 0 
20 	 0 
21 	 0 
21 	 0 
21 	 0 
21 	 0 
21 	 0 
22 	 0 
22 	 0 
22 	 0 
22 	 0 
22 	 0 
23 	 0 
23 	 0 
23 	 0 
23 	 0 
23 	 0 
24 	 0 
24 	 0 
24 	 0 
24 	 0 
24 	 0 
25 	 0 
25 	 0 
25 	 0 
25 	 0 
25 	 0 
26 	 -0.004232376 
26 	 -0.006936644 
26 	 0.03982136 
26 	 -0.06702297 
26 	 0.0100916 
27 	 0 
27 	 0 
27 	 0 
27 	 0 
27 	 0 
28 	 0 
28 	 0 
28 	 0 
28 	 0 
28 	 0 
29 	 0 
29 	 0 
29 	 0 
29 	 0 
29 	 0 
30 	 0 
30 	 0 
30 	 0 
30 	 0 
30 	 0 
31 	 0 
31 	 0 
31 	 0 
31 	 0 
31 	 0 
32 	 -0.01005357 
32 	 0.04098325 
32 	 0.01849344 
32 	 -0.03038239 
32 	 -0.07508983 
33 	 0 
33 	 0 
33 	 0 
33 	 0 
33 	 0 
34 	 0 
34 	 0 
34 	 0 
34 	 0 
34 	 0 
35 	 0 
35 	 0 
35 	 0 
35 	 0 
35 	 0 
36 	 0 
36 	 0 
36 	 0 
36 	 0 
36 	 0 
37 	 0 
37 	 0 
37 	 0 
37 	 0 
37 	 0 
38 	 0 
38 	 0 
38 	 0 
38 	 0 
38 	 0 
39 	 0 
39 	 0 
39 	 0 
39 	 0 
39 	 0 
40 	 0 
40 	 0 
40 	 0 
40 	 0 
40 	 0 
41 	 0 
41 	 0 
41 	 0 
41 	 0 
41 	 0 
42 	 0 
42 	 0 
42 	 0 
42 	 0 
42 	 0 
43 	 0 
43 	 0 
43 	 0 
43 	 0 
43 	 0 
44 	 0 
44 	 0 
44 	 0 
44 	 0 
44 	 0 
45 	 0 
45 	 0 
45 	 0 
45 	 0 
45 	 0 
46 	 0 
46 	 0 
46 	 0 
46 	 0 
46 	 0 
47 	 0 
47 	 0 
47 	 0 
47 	 0 
47 	 0 
48 	 0 
48 	 0 
48 	 0 
48 	 0 
48 	 0 
49 	 0 
49 	 0 
49 	 0 
49 	 0 
49 	 0 
50 	 0 
50 	 0 
50 	 0 
50 	 0 
50 	 0 
51 	 0 
51 	 0 
51 	 0 
51 	 0 
51 	 0 
52 	 0 
52 	 0 
52 	 0 
52 	 0 
52 	 0 
53 	 0 
53 	 0 
53 	 0 
53 	 0 
53 	 0 
# Gene ID	Label	Prediction
0000000003 ENSG00000053918 	 1 	 0.1648902 
0000000006 ENSG00000134571 	 1 	 0.2529841 
0000000008 ENSG00000055118 	 1 	 0.1437311 
0000000009 ENSG00000105711 	 1 	 0.4268297 
0000000011 ENSG00000129170 	 1 	 0.4960691 
0000000014 ENSG00000198947 	 1 	 0.1374556 
0000000017 ENSG00000166257 	 1 	 0.1417722 
0000000022 ENSG00000183023 	 1 	 0.1390902 
0000000023 ENSG00000183873 	 1 	 0.1360275 
0000000025 ENSG00000155657 	 1 	 0.163484 
0000000026 ENSG00000129991 	 1 	 0.2546119 
0000000030 ENSG00000198626 	 1 	 0.1373561 
0000000031 ENSG00000018625 	 1 	 0.2922745 
0000000004 ENSG00000138111 	 0 	 0.1690416 
0000000007 ENSG00000131459 	 0 	 0.1459809 
0000000009 ENSG00000138160 	 0 	 0.1376967 
0000000012 ENSG00000118096 	 0 	 0.1560719 
0000000016 ENSG00000176049 	 0 	 0.1374785 
0000000017 ENSG00000152093 	 0 	 0.1347096 
0000000025 ENSG00000179841 	 0 	 0.1393906 
0000000026 ENSG00000164088 	 0 	 0.1209154 
0000000031 ENSG00000144468 	 0 	 0.1681026 
0000000036 ENSG00000136944 	 0 	 0.1362097 
0000000037 ENSG00000105726 	 0 	 0.1606957 
0000000039 ENSG00000108684 	 0 	 0.1371494 
0000000040 ENSG00000143799 	 0 	 0.1373561 
0000000041 ENSG00000159176 	 0 	 0.1425787 
0000000045 ENSG00000203784 	 0 	 0.1400271 
0000000050 ENSG00000148655 	 0 	 0.1624891 
0000000052 ENSG00000147894 	 0 	 0.1366951 
0000000055 ENSG00000050748 	 0 	 0.1365493 
0000000056 ENSG00000155849 	 0 	 0.1372447 
0000000057 ENSG00000173276 	 0 	 0.134375 
0000000058 ENSG00000151067 	 0 	 0.1373561 
0000000060 ENSG00000189058 	 0 	 0.2022457 
0000000064 ENSG00000119125 	 0 	 0.1427815 
0000000067 ENSG00000244005 	 0 	 0.1679174 
0000000068 ENSG00000151465 	 0 	 0.1707191 
0000000079 ENSG00000121440 	 0 	 0.1343122 
0000000080 ENSG00000184047 	 0 	 0.136636 
0000000082 ENSG00000173210 	 0 	 0.1465659 
0000000085 ENSG00000249242 	 0 	 0.1694814 
0000000087 ENSG00000164919 	 0 	 0.3236657 
0000000092 ENSG00000162337 	 0 	 0.154494 
0000000094 ENSG00000175482 	 0 	 0.1554524 
0000000096 ENSG00000198885 	 0 	 0.1397724 
0000000098 ENSG00000120860 	 0 	 0.1381034 
0000000103 ENSG00000122986 	 0 	 0.1376444 
0000000105 ENSG00000111596 	 0 	 0.1230017 
0000000116 ENSG00000103260 	 0 	 0.2169829 
0000000119 ENSG00000179604 	 0 	 0.1388372 
0000000125 ENSG00000154059 	 0 	 0.1372407 
0000000131 ENSG00000105143 	 0 	 0.1373192 
