# Prediction results for:	 GO:0050670 
# Model used:	 group_lasso 
# ROC AUC score:	 0.5461883 
# All tissues were included
# Best penalty parameter (CV): 8.463368 
# tissue	 1 	 5 
# tissue	 2 	 5 
# tissue	 3 	 5 
# tissue	 4 	 5 
# tissue	 5 	 5 
# tissue	 6 	 5 
# tissue	 7 	 5 
# tissue	 8 	 5 
# tissue	 9 	 5 
# tissue	 10 	 5 
# tissue	 11 	 5 
# tissue	 12 	 5 
# tissue	 13 	 5 
# tissue	 14 	 5 
# tissue	 15 	 5 
# tissue	 16 	 5 
# tissue	 17 	 5 
# tissue	 18 	 5 
# tissue	 19 	 5 
# tissue	 20 	 5 
# tissue	 21 	 5 
# tissue	 22 	 5 
# tissue	 23 	 5 
# tissue	 24 	 5 
# tissue	 25 	 5 
# tissue	 26 	 5 
# tissue	 27 	 5 
# tissue	 28 	 5 
# tissue	 29 	 5 
# tissue	 30 	 5 
# tissue	 31 	 5 
# tissue	 32 	 5 
# tissue	 33 	 5 
# tissue	 34 	 5 
# tissue	 35 	 5 
# tissue	 36 	 5 
# tissue	 37 	 5 
# tissue	 38 	 5 
# tissue	 39 	 5 
# tissue	 40 	 5 
# tissue	 41 	 5 
# tissue	 42 	 5 
# tissue	 43 	 5 
# tissue	 44 	 5 
# tissue	 45 	 5 
# tissue	 46 	 5 
# tissue	 47 	 5 
# tissue	 48 	 5 
# tissue	 49 	 5 
# tissue	 50 	 5 
# tissue	 51 	 5 
# tissue	 52 	 5 
# tissue	 53 	 5 
# Coefficients:
1 	 0 
1 	 0 
1 	 0 
1 	 0 
1 	 0 
2 	 0 
2 	 0 
2 	 0 
2 	 0 
2 	 0 
3 	 0 
3 	 0 
3 	 0 
3 	 0 
3 	 0 
4 	 0 
4 	 0 
4 	 0 
4 	 0 
4 	 0 
5 	 5.754282e-05 
5 	 5.852832e-05 
5 	 -0.0003559153 
5 	 0.001297827 
5 	 -0.00219156 
6 	 0 
6 	 0 
6 	 0 
6 	 0 
6 	 0 
7 	 0.0009644363 
7 	 -0.008770048 
7 	 -0.004934139 
7 	 -0.09030942 
7 	 0.01551805 
8 	 0 
8 	 0 
8 	 0 
8 	 0 
8 	 0 
9 	 0 
9 	 0 
9 	 0 
9 	 0 
9 	 0 
10 	 0 
10 	 0 
10 	 0 
10 	 0 
10 	 0 
11 	 0.001325708 
11 	 0.006310809 
11 	 0.01993447 
11 	 -0.04726951 
11 	 -0.005138343 
12 	 0 
12 	 0 
12 	 0 
12 	 0 
12 	 0 
13 	 0 
13 	 0 
13 	 0 
13 	 0 
13 	 0 
14 	 0 
14 	 0 
14 	 0 
14 	 0 
14 	 0 
15 	 0 
15 	 0 
15 	 0 
15 	 0 
15 	 0 
16 	 0 
16 	 0 
16 	 0 
16 	 0 
16 	 0 
17 	 0 
17 	 0 
17 	 0 
17 	 0 
17 	 0 
18 	 0 
18 	 0 
18 	 0 
18 	 0 
18 	 0 
19 	 0 
19 	 0 
19 	 0 
19 	 0 
19 	 0 
20 	 0 
20 	 0 
20 	 0 
20 	 0 
20 	 0 
21 	 0 
21 	 0 
21 	 0 
21 	 0 
21 	 0 
22 	 0 
22 	 0 
22 	 0 
22 	 0 
22 	 0 
23 	 0 
23 	 0 
23 	 0 
23 	 0 
23 	 0 
24 	 0 
24 	 0 
24 	 0 
24 	 0 
24 	 0 
25 	 0 
25 	 0 
25 	 0 
25 	 0 
25 	 0 
26 	 0 
26 	 0 
26 	 0 
26 	 0 
26 	 0 
27 	 0 
27 	 0 
27 	 0 
27 	 0 
27 	 0 
28 	 0 
28 	 0 
28 	 0 
28 	 0 
28 	 0 
29 	 0 
29 	 0 
29 	 0 
29 	 0 
29 	 0 
30 	 0 
30 	 0 
30 	 0 
30 	 0 
30 	 0 
31 	 0 
31 	 0 
31 	 0 
31 	 0 
31 	 0 
32 	 0 
32 	 0 
32 	 0 
32 	 0 
32 	 0 
33 	 0 
33 	 0 
33 	 0 
33 	 0 
33 	 0 
34 	 0 
34 	 0 
34 	 0 
34 	 0 
34 	 0 
35 	 -0.000700303 
35 	 0.03752638 
35 	 -0.08840703 
35 	 0.03010042 
35 	 -0.02769044 
36 	 0.001227505 
36 	 -0.01075139 
36 	 -0.04080838 
36 	 -0.03505979 
36 	 -0.04412642 
37 	 0.002183586 
37 	 -0.0736913 
37 	 -0.136777 
37 	 -0.1577841 
37 	 0.04178596 
38 	 0 
38 	 0 
38 	 0 
38 	 0 
38 	 0 
39 	 0 
39 	 0 
39 	 0 
39 	 0 
39 	 0 
40 	 0 
40 	 0 
40 	 0 
40 	 0 
40 	 0 
41 	 -0.01109362 
41 	 0.01011031 
41 	 0.1550204 
41 	 -0.1826931 
41 	 -0.1292971 
42 	 0 
42 	 0 
42 	 0 
42 	 0 
42 	 0 
43 	 -0.001043904 
43 	 0.02668744 
43 	 -0.02195219 
43 	 -0.2968379 
43 	 0.02740874 
44 	 0 
44 	 0 
44 	 0 
44 	 0 
44 	 0 
45 	 0 
45 	 0 
45 	 0 
45 	 0 
45 	 0 
46 	 0 
46 	 0 
46 	 0 
46 	 0 
46 	 0 
47 	 0 
47 	 0 
47 	 0 
47 	 0 
47 	 0 
48 	 0 
48 	 0 
48 	 0 
48 	 0 
48 	 0 
49 	 -0.003350086 
49 	 0.005718716 
49 	 0.009012436 
49 	 -0.007984698 
49 	 -0.00528402 
50 	 0 
50 	 0 
50 	 0 
50 	 0 
50 	 0 
51 	 0 
51 	 0 
51 	 0 
51 	 0 
51 	 0 
52 	 0 
52 	 0 
52 	 0 
52 	 0 
52 	 0 
53 	 0 
53 	 0 
53 	 0 
53 	 0 
53 	 0 
# Gene ID	Label	Prediction
0000000003 ENSG00000019582 	 1 	 0.9242085 
0000000004 ENSG00000090659 	 1 	 0.1332793 
0000000005 ENSG00000240972 	 1 	 0.1907661 
0000000006 ENSG00000129465 	 1 	 0.4789996 
0000000007 ENSG00000105205 	 1 	 0.2226277 
0000000011 ENSG00000110944 	 1 	 0.2500262 
0000000012 ENSG00000113302 	 1 	 0.1311291 
0000000013 ENSG00000113520 	 1 	 0.1340398 
0000000016 ENSG00000115457 	 1 	 0.06846625 
0000000024 ENSG00000135870 	 1 	 0.1961496 
0000000025 ENSG00000136244 	 1 	 0.5480024 
0000000028 ENSG00000125538 	 1 	 0.9457264 
0000000030 ENSG00000104432 	 1 	 0.3247501 
0000000031 ENSG00000138684 	 1 	 0.1391461 
0000000040 ENSG00000161405 	 1 	 0.1328976 
0000000051 ENSG00000168961 	 1 	 0.1314892 
0000000053 ENSG00000147889 	 1 	 0.1130044 
0000000056 ENSG00000017427 	 1 	 0.4466101 
0000000062 ENSG00000131042 	 1 	 0.1378532 
0000000063 ENSG00000196352 	 1 	 0.7835854 
0000000064 ENSG00000103855 	 1 	 0.1346252 
0000000069 ENSG00000178562 	 1 	 0.4830059 
0000000070 ENSG00000104972 	 1 	 0.3815833 
0000000077 ENSG00000105122 	 1 	 0.6943551 
0000000079 ENSG00000162594 	 1 	 0.1340093 
0000000083 ENSG00000108946 	 1 	 0.2731953 
0000000088 ENSG00000116996 	 1 	 0.1333178 
0000000091 ENSG00000158473 	 1 	 0.3919445 
0000000093 ENSG00000134215 	 1 	 0.1539802 
0000000100 ENSG00000185950 	 1 	 0.1227136 
0000000102 ENSG00000049768 	 1 	 0.1332793 
0000000104 ENSG00000206503 	 1 	 0.8955818 
0000000106 ENSG00000171867 	 1 	 0.2072101 
0000000109 ENSG00000150455 	 1 	 0.135505 
0000000110 ENSG00000197646 	 1 	 0.2872025 
0000000004 ENSG00000077080 	 0 	 0.08853949 
0000000006 ENSG00000102313 	 0 	 0.1332006 
0000000007 ENSG00000108773 	 0 	 0.2574047 
0000000009 ENSG00000111325 	 0 	 0.06867027 
0000000013 ENSG00000121858 	 0 	 0.4395301 
0000000015 ENSG00000125457 	 0 	 0.1333973 
0000000021 ENSG00000111300 	 0 	 0.1557373 
0000000022 ENSG00000063046 	 0 	 0.1103788 
0000000024 ENSG00000120251 	 0 	 0.1297977 
0000000025 ENSG00000168619 	 0 	 0.1332793 
0000000026 ENSG00000108852 	 0 	 0.1058179 
0000000031 ENSG00000147459 	 0 	 0.1646108 
0000000037 ENSG00000154429 	 0 	 0.1371404 
0000000038 ENSG00000254521 	 0 	 0.239825 
0000000039 ENSG00000213901 	 0 	 0.1218345 
0000000042 ENSG00000165309 	 0 	 0.1394569 
0000000044 ENSG00000167862 	 0 	 0.1305429 
0000000046 ENSG00000169228 	 0 	 0.130152 
0000000049 ENSG00000242419 	 0 	 0.1099437 
0000000050 ENSG00000169116 	 0 	 0.2550422 
0000000053 ENSG00000175040 	 0 	 0.6132242 
0000000054 ENSG00000215421 	 0 	 0.1331866 
0000000060 ENSG00000107164 	 0 	 0.1512058 
0000000061 ENSG00000178623 	 0 	 0.353488 
0000000065 ENSG00000106128 	 0 	 0.06072034 
0000000069 ENSG00000184014 	 0 	 0.239237 
0000000071 ENSG00000183454 	 0 	 0.1333716 
0000000075 ENSG00000240771 	 0 	 0.08345574 
0000000078 ENSG00000111452 	 0 	 0.08233507 
0000000079 ENSG00000125818 	 0 	 0.1671784 
0000000083 ENSG00000187486 	 0 	 0.02180181 
0000000084 ENSG00000189366 	 0 	 0.1400948 
0000000090 ENSG00000196646 	 0 	 0.2010016 
0000000094 ENSG00000003756 	 0 	 0.1664891 
0000000103 ENSG00000103152 	 0 	 0.2318159 
0000000104 ENSG00000122824 	 0 	 0.1078957 
0000000108 ENSG00000115641 	 0 	 0.1323918 
0000000109 ENSG00000196704 	 0 	 0.2390816 
0000000110 ENSG00000196937 	 0 	 0.07174832 
0000000116 ENSG00000152092 	 0 	 0.1332793 
0000000118 ENSG00000187173 	 0 	 0.1348697 
0000000119 ENSG00000121940 	 0 	 0.1639711 
0000000122 ENSG00000101882 	 0 	 0.1624299 
0000000125 ENSG00000123472 	 0 	 0.08379371 
0000000126 ENSG00000133678 	 0 	 0.1333041 
0000000131 ENSG00000157657 	 0 	 0.1343784 
0000000135 ENSG00000136891 	 0 	 0.2872363 
0000000136 ENSG00000142634 	 0 	 0.3347592 
0000000138 ENSG00000102794 	 0 	 0.1497886 
0000000140 ENSG00000136156 	 0 	 0.1596961 
0000000143 ENSG00000165609 	 0 	 0.1483635 
0000000145 ENSG00000130066 	 0 	 0.6174337 
0000000148 ENSG00000243943 	 0 	 0.2303431 
0000000150 ENSG00000161955 	 0 	 0.305585 
0000000154 ENSG00000163694 	 0 	 0.2881176 
0000000157 ENSG00000163900 	 0 	 0.1332693 
0000000158 ENSG00000205944 	 0 	 0.143833 
0000000166 ENSG00000073605 	 0 	 0.23759 
0000000173 ENSG00000148053 	 0 	 0.1564635 
0000000175 ENSG00000173585 	 0 	 0.2671514 
0000000177 ENSG00000188428 	 0 	 0.2505743 
0000000178 ENSG00000177042 	 0 	 0.0845205 
0000000180 ENSG00000241258 	 0 	 0.1310862 
0000000181 ENSG00000180071 	 0 	 0.1184954 
0000000186 ENSG00000183570 	 0 	 0.2049391 
0000000187 ENSG00000075702 	 0 	 0.2160069 
0000000188 ENSG00000163531 	 0 	 0.1291473 
0000000191 ENSG00000100425 	 0 	 0.1526948 
0000000193 ENSG00000164144 	 0 	 0.1342514 
0000000194 ENSG00000073008 	 0 	 0.132574 
0000000195 ENSG00000138101 	 0 	 0.1115495 
0000000196 ENSG00000100106 	 0 	 0.2719713 
0000000208 ENSG00000112576 	 0 	 0.338861 
0000000212 ENSG00000134463 	 0 	 0.1389336 
0000000213 ENSG00000073803 	 0 	 0.1332339 
0000000220 ENSG00000099960 	 0 	 0.1340011 
0000000230 ENSG00000178234 	 0 	 0.1591363 
0000000231 ENSG00000099849 	 0 	 0.1576359 
0000000240 ENSG00000204394 	 0 	 0.2121572 
0000000245 ENSG00000142166 	 0 	 0.1332942 
0000000249 ENSG00000177565 	 0 	 0.1359233 
0000000250 ENSG00000071967 	 0 	 0.1372852 
0000000252 ENSG00000138018 	 0 	 0.1332793 
0000000262 ENSG00000070087 	 0 	 0.1434621 
0000000264 ENSG00000172046 	 0 	 0.3269274 
0000000265 ENSG00000128335 	 0 	 0.1332764 
0000000266 ENSG00000155980 	 0 	 0.1005667 
0000000267 ENSG00000115866 	 0 	 0.1368836 
0000000269 ENSG00000152601 	 0 	 0.121588 
0000000272 ENSG00000186501 	 0 	 0.1494037 
0000000276 ENSG00000163638 	 0 	 0.1318294 
0000000282 ENSG00000112186 	 0 	 0.1332793 
0000000283 ENSG00000204219 	 0 	 0.07229978 
0000000285 ENSG00000173706 	 0 	 0.1547451 
0000000292 ENSG00000244693 	 0 	 0.1733174 
0000000294 ENSG00000133063 	 0 	 0.227099 
0000000299 ENSG00000080822 	 0 	 0.1970383 
0000000300 ENSG00000186010 	 0 	 0.1486773 
0000000302 ENSG00000172403 	 0 	 0.228969 
0000000303 ENSG00000145246 	 0 	 0.170364 
0000000304 ENSG00000169045 	 0 	 0.1425369 
0000000306 ENSG00000164181 	 0 	 0.1372992 
0000000313 ENSG00000114544 	 0 	 0.1344962 
0000000316 ENSG00000164587 	 0 	 0.2350947 
0000000321 ENSG00000072571 	 0 	 0.1344306 
0000000322 ENSG00000198010 	 0 	 0.1336547 
0000000323 ENSG00000157168 	 0 	 0.1524842 
0000000324 ENSG00000133742 	 0 	 0.1258897 
0000000330 ENSG00000149591 	 0 	 0.0858718 
0000000336 ENSG00000187486 	 0 	 0.04466951 
0000000337 ENSG00000135373 	 0 	 0.1332867 
0000000338 ENSG00000146426 	 0 	 0.1335152 
0000000339 ENSG00000085788 	 0 	 0.1239558 
0000000343 ENSG00000110079 	 0 	 0.6983384 
0000000344 ENSG00000143036 	 0 	 0.07202688 
0000000345 ENSG00000149150 	 0 	 0.1350814 
0000000346 ENSG00000099204 	 0 	 0.1331618 
0000000347 ENSG00000117625 	 0 	 0.1332793 
0000000348 ENSG00000137709 	 0 	 0.1344194 
0000000349 ENSG00000118058 	 0 	 0.1354014 
0000000350 ENSG00000085733 	 0 	 0.128192 
0000000353 ENSG00000091428 	 0 	 0.1484339 
0000000355 ENSG00000084463 	 0 	 0.1333307 
0000000356 ENSG00000111641 	 0 	 0.1973297 
0000000357 ENSG00000136943 	 0 	 0.103142 
0000000358 ENSG00000103647 	 0 	 0.1386171 
0000000363 ENSG00000198040 	 0 	 0.195452 
0000000372 ENSG00000127329 	 0 	 0.1332924 
0000000374 ENSG00000177889 	 0 	 0.4494149 
0000000385 ENSG00000100591 	 0 	 0.2008507 
0000000391 ENSG00000188869 	 0 	 0.1325398 
0000000392 ENSG00000100884 	 0 	 0.1332793 
0000000394 ENSG00000131323 	 0 	 0.3559378 
0000000395 ENSG00000118707 	 0 	 0.1320769 
0000000398 ENSG00000167515 	 0 	 0.1429655 
0000000399 ENSG00000005194 	 0 	 0.08641705 
0000000400 ENSG00000140650 	 0 	 0.1570482 
0000000403 ENSG00000213614 	 0 	 0.2288747 
0000000408 ENSG00000121064 	 0 	 0.1426105 
0000000409 ENSG00000121064 	 0 	 0.06047815 
0000000411 ENSG00000196689 	 0 	 0.1332718 
0000000412 ENSG00000172270 	 0 	 0.1332062 
0000000422 ENSG00000152240 	 0 	 0.2372413 
0000000430 ENSG00000171051 	 0 	 0.6154734 
0000000432 ENSG00000167554 	 0 	 0.136048 
