# Prediction results for:	 GO:0002285 
# Model used:	 group_lasso 
# ROC AUC score:	 0.5531443 
# All tissues were included
# Best penalty parameter (CV): 1.491696 
# tissue	 1 	 5 
# tissue	 2 	 5 
# tissue	 3 	 5 
# tissue	 4 	 5 
# tissue	 5 	 5 
# tissue	 6 	 5 
# tissue	 7 	 5 
# tissue	 8 	 5 
# tissue	 9 	 5 
# tissue	 10 	 5 
# tissue	 11 	 5 
# tissue	 12 	 5 
# tissue	 13 	 5 
# tissue	 14 	 5 
# tissue	 15 	 5 
# tissue	 16 	 5 
# tissue	 17 	 5 
# tissue	 18 	 5 
# tissue	 19 	 5 
# tissue	 20 	 5 
# tissue	 21 	 5 
# tissue	 22 	 5 
# tissue	 23 	 5 
# tissue	 24 	 5 
# tissue	 25 	 5 
# tissue	 26 	 5 
# tissue	 27 	 5 
# tissue	 28 	 5 
# tissue	 29 	 5 
# tissue	 30 	 5 
# tissue	 31 	 5 
# tissue	 32 	 5 
# tissue	 33 	 5 
# tissue	 34 	 5 
# tissue	 35 	 5 
# tissue	 36 	 5 
# tissue	 37 	 5 
# tissue	 38 	 5 
# tissue	 39 	 5 
# tissue	 40 	 5 
# tissue	 41 	 5 
# tissue	 42 	 5 
# tissue	 43 	 5 
# tissue	 44 	 5 
# tissue	 45 	 5 
# tissue	 46 	 5 
# tissue	 47 	 5 
# tissue	 48 	 5 
# tissue	 49 	 5 
# tissue	 50 	 5 
# tissue	 51 	 5 
# tissue	 52 	 5 
# tissue	 53 	 5 
# Coefficients:
1 	 0.006723257 
1 	 -0.02199149 
1 	 -0.116432 
1 	 -0.09616134 
1 	 0.2037456 
2 	 7.81314e-05 
2 	 -0.001571338 
2 	 0.01612471 
2 	 -0.01735736 
2 	 -0.04355792 
3 	 -0.0005718549 
3 	 0.01571322 
3 	 0.04205373 
3 	 0.04010442 
3 	 -0.1142586 
4 	 0 
4 	 0 
4 	 0 
4 	 0 
4 	 0 
5 	 0 
5 	 0 
5 	 0 
5 	 0 
5 	 0 
6 	 0 
6 	 0 
6 	 0 
6 	 0 
6 	 0 
7 	 0 
7 	 0 
7 	 0 
7 	 0 
7 	 0 
8 	 0 
8 	 0 
8 	 0 
8 	 0 
8 	 0 
9 	 0 
9 	 0 
9 	 0 
9 	 0 
9 	 0 
10 	 0 
10 	 0 
10 	 0 
10 	 0 
10 	 0 
11 	 0.002721763 
11 	 0.1730802 
11 	 -0.09945717 
11 	 0.01199858 
11 	 0.2257167 
12 	 0 
12 	 0 
12 	 0 
12 	 0 
12 	 0 
13 	 0 
13 	 0 
13 	 0 
13 	 0 
13 	 0 
14 	 0 
14 	 0 
14 	 0 
14 	 0 
14 	 0 
15 	 -0.02199995 
15 	 0.2401004 
15 	 -0.2969375 
15 	 0.4029108 
15 	 0.3593483 
16 	 0 
16 	 0 
16 	 0 
16 	 0 
16 	 0 
17 	 0.006785437 
17 	 -0.1175916 
17 	 0.1192599 
17 	 -0.08859455 
17 	 0.05003116 
18 	 0.008364825 
18 	 0.1449392 
18 	 0.1567968 
18 	 0.03438399 
18 	 0.06449331 
19 	 0 
19 	 0 
19 	 0 
19 	 0 
19 	 0 
20 	 0 
20 	 0 
20 	 0 
20 	 0 
20 	 0 
21 	 0 
21 	 0 
21 	 0 
21 	 0 
21 	 0 
22 	 0.001766159 
22 	 0.0366476 
22 	 -0.0828868 
22 	 0.1238133 
22 	 0.364823 
23 	 0.0002295809 
23 	 -0.05538865 
23 	 -0.03564539 
23 	 0.04400992 
23 	 0.1550063 
24 	 0.005527213 
24 	 0.1384353 
24 	 0.07263329 
24 	 0.2451155 
24 	 0.08475688 
25 	 0 
25 	 0 
25 	 0 
25 	 0 
25 	 0 
26 	 0.001956317 
26 	 -0.003437995 
26 	 0.07427086 
26 	 -0.01896479 
26 	 -0.1488133 
27 	 0 
27 	 0 
27 	 0 
27 	 0 
27 	 0 
28 	 0 
28 	 0 
28 	 0 
28 	 0 
28 	 0 
29 	 0 
29 	 0 
29 	 0 
29 	 0 
29 	 0 
30 	 0 
30 	 0 
30 	 0 
30 	 0 
30 	 0 
31 	 0 
31 	 0 
31 	 0 
31 	 0 
31 	 0 
32 	 0 
32 	 0 
32 	 0 
32 	 0 
32 	 0 
33 	 0 
33 	 0 
33 	 0 
33 	 0 
33 	 0 
34 	 0 
34 	 0 
34 	 0 
34 	 0 
34 	 0 
35 	 0.008905838 
35 	 -0.08006648 
35 	 -0.2095158 
35 	 -0.08963044 
35 	 0.08024014 
36 	 0 
36 	 0 
36 	 0 
36 	 0 
36 	 0 
37 	 0 
37 	 0 
37 	 0 
37 	 0 
37 	 0 
38 	 0.004514666 
38 	 -0.0277024 
38 	 -0.02696896 
38 	 0.9320016 
38 	 0.2246269 
39 	 -0.001507691 
39 	 0.02440669 
39 	 0.1014172 
39 	 -0.1185645 
39 	 -0.1000555 
40 	 0 
40 	 0 
40 	 0 
40 	 0 
40 	 0 
41 	 0.00541525 
41 	 0.02845849 
41 	 0.1979683 
41 	 0.1399048 
41 	 0.009841516 
42 	 0 
42 	 0 
42 	 0 
42 	 0 
42 	 0 
43 	 0 
43 	 0 
43 	 0 
43 	 0 
43 	 0 
44 	 0.01977346 
44 	 -0.3954552 
44 	 0.1003688 
44 	 0.7817339 
44 	 0.4369874 
45 	 0 
45 	 0 
45 	 0 
45 	 0 
45 	 0 
46 	 0 
46 	 0 
46 	 0 
46 	 0 
46 	 0 
47 	 0 
47 	 0 
47 	 0 
47 	 0 
47 	 0 
48 	 9.881416e-05 
48 	 0.009114582 
48 	 0.004031712 
48 	 -0.001454651 
48 	 0.008471744 
49 	 -0.003147593 
49 	 -0.02549617 
49 	 0.102774 
49 	 -0.05736496 
49 	 0.1305822 
50 	 0.00485809 
50 	 -0.04153609 
50 	 0.5371809 
50 	 -0.02338086 
50 	 0.003913824 
51 	 0 
51 	 0 
51 	 0 
51 	 0 
51 	 0 
52 	 0 
52 	 0 
52 	 0 
52 	 0 
52 	 0 
53 	 0 
53 	 0 
53 	 0 
53 	 0 
53 	 0 
# Gene ID	Label	Prediction
0000000003 ENSG00000102879 	 1 	 0.9439556 
0000000008 ENSG00000018280 	 1 	 0.8569466 
0000000011 ENSG00000134250 	 1 	 0.1717592 
0000000012 ENSG00000147873 	 1 	 0.2415521 
0000000016 ENSG00000090339 	 1 	 0.9081239 
0000000020 ENSG00000156127 	 1 	 0.9966949 
0000000024 ENSG00000171522 	 1 	 0.09291394 
0000000025 ENSG00000163961 	 1 	 0.4513888 
0000000026 ENSG00000143365 	 1 	 0.2445168 
0000000028 ENSG00000114861 	 1 	 0.1501185 
0000000029 ENSG00000122223 	 1 	 0.2386007 
0000000031 ENSG00000104972 	 1 	 0.9270693 
0000000032 ENSG00000189403 	 1 	 0.2681449 
0000000038 ENSG00000174405 	 1 	 0.3680433 
0000000040 ENSG00000186803 	 1 	 0.2557944 
0000000052 ENSG00000120337 	 1 	 0.2423477 
0000000003 ENSG00000031823 	 0 	 0.2467013 
0000000004 ENSG00000033122 	 0 	 0.240608 
0000000006 ENSG00000109047 	 0 	 0.245367 
0000000008 ENSG00000243073 	 0 	 0.2515938 
0000000009 ENSG00000129450 	 0 	 0.9628972 
0000000010 ENSG00000253117 	 0 	 0.2438518 
0000000013 ENSG00000105610 	 0 	 0.222933 
0000000014 ENSG00000108100 	 0 	 0.1356115 
0000000015 ENSG00000146399 	 0 	 0.2640461 
0000000017 ENSG00000101307 	 0 	 0.2780163 
0000000022 ENSG00000166974 	 0 	 0.1073682 
0000000030 ENSG00000163738 	 0 	 0.1675052 
0000000032 ENSG00000183024 	 0 	 0.2655917 
0000000033 ENSG00000183305 	 0 	 0.2665666 
0000000034 ENSG00000144741 	 0 	 0.04531476 
0000000035 ENSG00000130558 	 0 	 0.2548537 
0000000037 ENSG00000108219 	 0 	 0.2360249 
0000000040 ENSG00000172005 	 0 	 0.002744761 
0000000042 ENSG00000092051 	 0 	 0.2675182 
0000000046 ENSG00000164483 	 0 	 0.295838 
0000000050 ENSG00000137996 	 0 	 0.4921962 
0000000051 ENSG00000171116 	 0 	 0.06342244 
0000000055 ENSG00000107130 	 0 	 0.003397113 
0000000060 ENSG00000159314 	 0 	 0.7742291 
0000000061 ENSG00000152192 	 0 	 0.1700396 
0000000065 ENSG00000211780 	 0 	 0.3054727 
0000000073 ENSG00000120913 	 0 	 0.1101453 
0000000074 ENSG00000131100 	 0 	 0.08388197 
0000000080 ENSG00000137166 	 0 	 0.01589474 
0000000082 ENSG00000136193 	 0 	 0.2467013 
0000000090 ENSG00000131236 	 0 	 0.2269645 
0000000094 ENSG00000136715 	 0 	 0.2445066 
0000000098 ENSG00000223547 	 0 	 0.09161015 
0000000101 ENSG00000106565 	 0 	 0.6835442 
0000000108 ENSG00000119636 	 0 	 0.1302212 
0000000111 ENSG00000144283 	 0 	 0.2624246 
0000000114 ENSG00000157764 	 0 	 0.3293104 
0000000115 ENSG00000124406 	 0 	 0.2470443 
0000000116 ENSG00000108848 	 0 	 0.2525139 
0000000117 ENSG00000168214 	 0 	 0.157202 
0000000119 ENSG00000127419 	 0 	 0.2540012 
0000000121 ENSG00000130844 	 0 	 0.1125523 
0000000123 ENSG00000152495 	 0 	 0.02568358 
0000000126 ENSG00000153317 	 0 	 0.110317 
0000000127 ENSG00000131203 	 0 	 0.2447559 
0000000131 ENSG00000158636 	 0 	 0.2105549 
0000000132 ENSG00000215440 	 0 	 0.03760171 
0000000134 ENSG00000164520 	 0 	 0.27393 
0000000141 ENSG00000255569 	 0 	 0.3310264 
0000000150 ENSG00000069966 	 0 	 0.2687255 
0000000154 ENSG00000134419 	 0 	 0.4584771 
0000000157 ENSG00000270467 	 0 	 0.2519234 
0000000158 ENSG00000183914 	 0 	 0.1314905 
0000000159 ENSG00000167680 	 0 	 0.7294354 
0000000160 ENSG00000105048 	 0 	 0.1919609 
0000000165 ENSG00000197782 	 0 	 0.2289317 
