# Prediction results for:	 GO:0030098 
# Model used:	 group_lasso 
# ROC AUC score:	 0.6016568 
# All tissues were included
# Best penalty parameter (CV): 3.488396 
# tissue	 1 	 5 
# tissue	 2 	 5 
# tissue	 3 	 5 
# tissue	 4 	 5 
# tissue	 5 	 5 
# tissue	 6 	 5 
# tissue	 7 	 5 
# tissue	 8 	 5 
# tissue	 9 	 5 
# tissue	 10 	 5 
# tissue	 11 	 5 
# tissue	 12 	 5 
# tissue	 13 	 5 
# tissue	 14 	 5 
# tissue	 15 	 5 
# tissue	 16 	 5 
# tissue	 17 	 5 
# tissue	 18 	 5 
# tissue	 19 	 5 
# tissue	 20 	 5 
# tissue	 21 	 5 
# tissue	 22 	 5 
# tissue	 23 	 5 
# tissue	 24 	 5 
# tissue	 25 	 5 
# tissue	 26 	 5 
# tissue	 27 	 5 
# tissue	 28 	 5 
# tissue	 29 	 5 
# tissue	 30 	 5 
# tissue	 31 	 5 
# tissue	 32 	 5 
# tissue	 33 	 5 
# tissue	 34 	 5 
# tissue	 35 	 5 
# tissue	 36 	 5 
# tissue	 37 	 5 
# tissue	 38 	 5 
# tissue	 39 	 5 
# tissue	 40 	 5 
# tissue	 41 	 5 
# tissue	 42 	 5 
# tissue	 43 	 5 
# tissue	 44 	 5 
# tissue	 45 	 5 
# tissue	 46 	 5 
# tissue	 47 	 5 
# tissue	 48 	 5 
# tissue	 49 	 5 
# tissue	 50 	 5 
# tissue	 51 	 5 
# tissue	 52 	 5 
# tissue	 53 	 5 
# Coefficients:
1 	 0 
1 	 0 
1 	 0 
1 	 0 
1 	 0 
2 	 -0.0008230445 
2 	 0.002144915 
2 	 0.01621092 
2 	 -0.01016994 
2 	 -0.1370098 
3 	 0 
3 	 0 
3 	 0 
3 	 0 
3 	 0 
4 	 0 
4 	 0 
4 	 0 
4 	 0 
4 	 0 
5 	 0.0006844208 
5 	 0.009391523 
5 	 0.00969925 
5 	 0.0905501 
5 	 -0.009339361 
6 	 0 
6 	 0 
6 	 0 
6 	 0 
6 	 0 
7 	 0 
7 	 0 
7 	 0 
7 	 0 
7 	 0 
8 	 0 
8 	 0 
8 	 0 
8 	 0 
8 	 0 
9 	 0 
9 	 0 
9 	 0 
9 	 0 
9 	 0 
10 	 0.0005069271 
10 	 0.0141252 
10 	 0.07509883 
10 	 -0.1344092 
10 	 0.2016829 
11 	 0 
11 	 0 
11 	 0 
11 	 0 
11 	 0 
12 	 0 
12 	 0 
12 	 0 
12 	 0 
12 	 0 
13 	 0 
13 	 0 
13 	 0 
13 	 0 
13 	 0 
14 	 0 
14 	 0 
14 	 0 
14 	 0 
14 	 0 
15 	 0.002102734 
15 	 0.153719 
15 	 -0.426867 
15 	 0.5247428 
15 	 -0.03403224 
16 	 0.0005954886 
16 	 -0.0138406 
16 	 0.01615845 
16 	 0.003234792 
16 	 -0.0004863269 
17 	 0 
17 	 0 
17 	 0 
17 	 0 
17 	 0 
18 	 0 
18 	 0 
18 	 0 
18 	 0 
18 	 0 
19 	 0 
19 	 0 
19 	 0 
19 	 0 
19 	 0 
20 	 0 
20 	 0 
20 	 0 
20 	 0 
20 	 0 
21 	 0 
21 	 0 
21 	 0 
21 	 0 
21 	 0 
22 	 -0.0003819739 
22 	 0.003008241 
22 	 -0.03763016 
22 	 0.008999321 
22 	 0.009311957 
23 	 0 
23 	 0 
23 	 0 
23 	 0 
23 	 0 
24 	 0 
24 	 0 
24 	 0 
24 	 0 
24 	 0 
25 	 0.0001328895 
25 	 0.0118554 
25 	 -0.005375338 
25 	 -0.00224377 
25 	 0.01240183 
26 	 0 
26 	 0 
26 	 0 
26 	 0 
26 	 0 
27 	 0.01316543 
27 	 -0.1182189 
27 	 0.1878806 
27 	 0.1511162 
27 	 0.1551271 
28 	 0.004067649 
28 	 -0.1513335 
28 	 -0.006164065 
28 	 -0.03912929 
28 	 0.0008811696 
29 	 0 
29 	 0 
29 	 0 
29 	 0 
29 	 0 
30 	 0 
30 	 0 
30 	 0 
30 	 0 
30 	 0 
31 	 0 
31 	 0 
31 	 0 
31 	 0 
31 	 0 
32 	 -2.357103e-05 
32 	 -0.008147058 
32 	 -0.002516068 
32 	 -0.000465704 
32 	 0.005201168 
33 	 0 
33 	 0 
33 	 0 
33 	 0 
33 	 0 
34 	 0 
34 	 0 
34 	 0 
34 	 0 
34 	 0 
35 	 0.005211326 
35 	 -0.141606 
35 	 -0.3203429 
35 	 0.0203406 
35 	 -0.2800618 
36 	 0 
36 	 0 
36 	 0 
36 	 0 
36 	 0 
37 	 0.003032559 
37 	 0.02676044 
37 	 -0.1012677 
37 	 -0.09921514 
37 	 0.008191468 
38 	 0 
38 	 0 
38 	 0 
38 	 0 
38 	 0 
39 	 -4.189045e-05 
39 	 -0.001281213 
39 	 -0.002647596 
39 	 -0.005589562 
39 	 -0.002190045 
40 	 0 
40 	 0 
40 	 0 
40 	 0 
40 	 0 
41 	 -0.002411954 
41 	 -0.004665856 
41 	 0.04817389 
41 	 -0.1249229 
41 	 -0.2144998 
42 	 0 
42 	 0 
42 	 0 
42 	 0 
42 	 0 
43 	 -0.0001856946 
43 	 0.02583094 
43 	 -0.1504234 
43 	 -0.2830105 
43 	 -0.112798 
44 	 0 
44 	 0 
44 	 0 
44 	 0 
44 	 0 
45 	 0 
45 	 0 
45 	 0 
45 	 0 
45 	 0 
46 	 0 
46 	 0 
46 	 0 
46 	 0 
46 	 0 
47 	 0.00011819 
47 	 -0.003027524 
47 	 -0.02412265 
47 	 -0.003921834 
47 	 0.030153 
48 	 0 
48 	 0 
48 	 0 
48 	 0 
48 	 0 
49 	 0 
49 	 0 
49 	 0 
49 	 0 
49 	 0 
50 	 0 
50 	 0 
50 	 0 
50 	 0 
50 	 0 
51 	 0 
51 	 0 
51 	 0 
51 	 0 
51 	 0 
52 	 0 
52 	 0 
52 	 0 
52 	 0 
52 	 0 
53 	 0 
53 	 0 
53 	 0 
53 	 0 
53 	 0 
# Gene ID	Label	Prediction
0000000003 ENSG00000007312 	 1 	 0.7699715 
0000000004 ENSG00000010610 	 1 	 0.9855649 
0000000005 ENSG00000129465 	 1 	 0.6429655 
0000000008 ENSG00000095585 	 1 	 0.7856989 
0000000009 ENSG00000108840 	 1 	 0.2770143 
0000000013 ENSG00000113520 	 1 	 0.3137638 
0000000014 ENSG00000095002 	 1 	 0.07470408 
0000000015 ENSG00000115232 	 1 	 0.1742763 
0000000016 ENSG00000214042 	 1 	 0.1748901 
0000000019 ENSG00000128917 	 1 	 0.7639524 
0000000028 ENSG00000115085 	 1 	 0.763249 
0000000032 ENSG00000152804 	 1 	 0.2080982 
0000000033 ENSG00000153563 	 1 	 0.3216801 
0000000035 ENSG00000156127 	 1 	 0.7143393 
0000000038 ENSG00000162692 	 1 	 0.6009589 
0000000039 ENSG00000163508 	 1 	 0.2137733 
0000000043 ENSG00000168040 	 1 	 0.1249835 
0000000047 ENSG00000174697 	 1 	 0.8148984 
0000000048 ENSG00000175354 	 1 	 0.08901436 
0000000052 ENSG00000143365 	 1 	 0.1717717 
0000000056 ENSG00000235568 	 1 	 0.9656347 
0000000057 ENSG00000185811 	 1 	 0.1097923 
0000000061 ENSG00000145041 	 1 	 0.04516557 
0000000062 ENSG00000165240 	 1 	 0.3816036 
0000000075 ENSG00000171608 	 1 	 0.7528181 
0000000077 ENSG00000120242 	 1 	 0.1753751 
0000000080 ENSG00000147885 	 1 	 0.1753407 
0000000081 ENSG00000228083 	 1 	 0.1819039 
0000000084 ENSG00000171855 	 1 	 0.1887031 
0000000085 ENSG00000168421 	 1 	 0.5186796 
0000000093 ENSG00000171316 	 1 	 0.2302235 
0000000094 ENSG00000184995 	 1 	 0.2221624 
0000000096 ENSG00000105639 	 1 	 0.8499103 
0000000097 ENSG00000067082 	 1 	 0.9521081 
0000000004 ENSG00000075568 	 0 	 0.1000956 
0000000005 ENSG00000101849 	 0 	 0.192975 
0000000011 ENSG00000126524 	 0 	 0.05339475 
0000000016 ENSG00000132517 	 0 	 0.1385498 
0000000017 ENSG00000170323 	 0 	 0.7320495 
0000000022 ENSG00000089041 	 0 	 0.1684925 
0000000023 ENSG00000105675 	 0 	 0.04708272 
0000000025 ENSG00000128039 	 0 	 0.206775 
0000000027 ENSG00000110075 	 0 	 0.1023191 
0000000028 ENSG00000110315 	 0 	 0.07479239 
0000000034 ENSG00000160207 	 0 	 0.2148183 
0000000037 ENSG00000132356 	 0 	 0.2828578 
0000000041 ENSG00000171060 	 0 	 0.1743796 
0000000047 ENSG00000169371 	 0 	 0.1056956 
0000000052 ENSG00000181903 	 0 	 0.1619325 
0000000057 ENSG00000139433 	 0 	 0.06256556 
0000000063 ENSG00000053524 	 0 	 0.1767506 
0000000071 ENSG00000112739 	 0 	 0.1985061 
0000000076 ENSG00000147509 	 0 	 0.192536 
0000000088 ENSG00000153066 	 0 	 0.1542225 
0000000090 ENSG00000166532 	 0 	 0.4061272 
0000000095 ENSG00000198569 	 0 	 0.07840335 
0000000098 ENSG00000163531 	 0 	 0.1730202 
0000000106 ENSG00000123576 	 0 	 0.1737257 
0000000107 ENSG00000168734 	 0 	 0.01827192 
0000000110 ENSG00000136828 	 0 	 0.07845246 
0000000111 ENSG00000155833 	 0 	 0.17412 
0000000114 ENSG00000043355 	 0 	 0.2459328 
0000000115 ENSG00000139370 	 0 	 0.3543374 
0000000117 ENSG00000101310 	 0 	 0.04684002 
0000000119 ENSG00000089063 	 0 	 0.01236841 
0000000120 ENSG00000102763 	 0 	 0.02786144 
0000000122 ENSG00000132437 	 0 	 0.1760307 
0000000125 ENSG00000152492 	 0 	 0.0362303 
0000000127 ENSG00000111696 	 0 	 0.1576526 
0000000129 ENSG00000138835 	 0 	 0.185562 
0000000134 ENSG00000019186 	 0 	 0.1738463 
0000000135 ENSG00000169083 	 0 	 0.1740031 
0000000138 ENSG00000173276 	 0 	 0.3067034 
0000000139 ENSG00000138346 	 0 	 0.1842119 
0000000140 ENSG00000134571 	 0 	 0.6042239 
0000000142 ENSG00000035115 	 0 	 0.174088 
0000000145 ENSG00000146122 	 0 	 0.1269618 
0000000146 ENSG00000170419 	 0 	 0.192441 
0000000154 ENSG00000068654 	 0 	 0.03424066 
0000000163 ENSG00000140694 	 0 	 0.08953772 
0000000164 ENSG00000187764 	 0 	 0.1745068 
0000000169 ENSG00000137218 	 0 	 0.1742803 
0000000178 ENSG00000164068 	 0 	 0.03908756 
0000000179 ENSG00000114796 	 0 	 0.1740031 
0000000183 ENSG00000174574 	 0 	 0.2850659 
0000000188 ENSG00000075275 	 0 	 0.2504664 
0000000190 ENSG00000171960 	 0 	 0.2404348 
0000000191 ENSG00000142599 	 0 	 0.2757158 
0000000192 ENSG00000102030 	 0 	 0.124687 
0000000199 ENSG00000144843 	 0 	 0.1661886 
0000000203 ENSG00000189077 	 0 	 0.151668 
0000000204 ENSG00000138303 	 0 	 0.04944205 
0000000208 ENSG00000102543 	 0 	 0.2338393 
0000000213 ENSG00000175575 	 0 	 0.1776771 
0000000215 ENSG00000168944 	 0 	 0.1727253 
0000000217 ENSG00000175857 	 0 	 0.1807437 
0000000219 ENSG00000164089 	 0 	 0.1950615 
0000000221 ENSG00000177311 	 0 	 0.06967219 
0000000223 ENSG00000038427 	 0 	 0.1740501 
0000000225 ENSG00000172262 	 0 	 0.1743047 
0000000227 ENSG00000170791 	 0 	 0.1647094 
0000000231 ENSG00000104221 	 0 	 0.08552477 
0000000235 ENSG00000185238 	 0 	 0.1747971 
0000000236 ENSG00000112303 	 0 	 0.1544781 
0000000238 ENSG00000100453 	 0 	 0.231675 
0000000239 ENSG00000177030 	 0 	 0.08924337 
0000000242 ENSG00000141971 	 0 	 0.1459539 
0000000246 ENSG00000149582 	 0 	 0.1734322 
0000000248 ENSG00000126091 	 0 	 0.1739918 
0000000250 ENSG00000151743 	 0 	 0.2524025 
0000000251 ENSG00000159423 	 0 	 0.06606658 
0000000252 ENSG00000129194 	 0 	 0.04926304 
0000000256 ENSG00000134160 	 0 	 0.1740031 
0000000257 ENSG00000188554 	 0 	 0.4051423 
0000000258 ENSG00000137261 	 0 	 0.1743027 
0000000262 ENSG00000110921 	 0 	 0.1466936 
0000000265 ENSG00000094914 	 0 	 0.1710842 
0000000266 ENSG00000177426 	 0 	 0.3250161 
0000000267 ENSG00000111666 	 0 	 0.1483804 
0000000272 ENSG00000072415 	 0 	 0.1853833 
0000000273 ENSG00000183496 	 0 	 0.134395 
0000000275 ENSG00000188603 	 0 	 0.2328187 
0000000277 ENSG00000196628 	 0 	 0.1742677 
0000000278 ENSG00000066813 	 0 	 0.1740031 
0000000286 ENSG00000141522 	 0 	 0.1172392 
0000000291 ENSG00000131462 	 0 	 0.1510733 
0000000294 ENSG00000160113 	 0 	 0.1756774 
0000000295 ENSG00000243137 	 0 	 0.1726426 
0000000296 ENSG00000142459 	 0 	 0.1769298 
0000000303 ENSG00000119906 	 0 	 0.165875 
