# Prediction results for:	 GO:0030217 
# Model used:	 group_lasso 
# ROC AUC score:	 0.549948 
# All tissues were included
# Best penalty parameter (CV): 3.630616 
# tissue	 1 	 5 
# tissue	 2 	 5 
# tissue	 3 	 5 
# tissue	 4 	 5 
# tissue	 5 	 5 
# tissue	 6 	 5 
# tissue	 7 	 5 
# tissue	 8 	 5 
# tissue	 9 	 5 
# tissue	 10 	 5 
# tissue	 11 	 5 
# tissue	 12 	 5 
# tissue	 13 	 5 
# tissue	 14 	 5 
# tissue	 15 	 5 
# tissue	 16 	 5 
# tissue	 17 	 5 
# tissue	 18 	 5 
# tissue	 19 	 5 
# tissue	 20 	 5 
# tissue	 21 	 5 
# tissue	 22 	 5 
# tissue	 23 	 5 
# tissue	 24 	 5 
# tissue	 25 	 5 
# tissue	 26 	 5 
# tissue	 27 	 5 
# tissue	 28 	 5 
# tissue	 29 	 5 
# tissue	 30 	 5 
# tissue	 31 	 5 
# tissue	 32 	 5 
# tissue	 33 	 5 
# tissue	 34 	 5 
# tissue	 35 	 5 
# tissue	 36 	 5 
# tissue	 37 	 5 
# tissue	 38 	 5 
# tissue	 39 	 5 
# tissue	 40 	 5 
# tissue	 41 	 5 
# tissue	 42 	 5 
# tissue	 43 	 5 
# tissue	 44 	 5 
# tissue	 45 	 5 
# tissue	 46 	 5 
# tissue	 47 	 5 
# tissue	 48 	 5 
# tissue	 49 	 5 
# tissue	 50 	 5 
# tissue	 51 	 5 
# tissue	 52 	 5 
# tissue	 53 	 5 
# Coefficients:
1 	 0 
1 	 0 
1 	 0 
1 	 0 
1 	 0 
2 	 0 
2 	 0 
2 	 0 
2 	 0 
2 	 0 
3 	 0 
3 	 0 
3 	 0 
3 	 0 
3 	 0 
4 	 0 
4 	 0 
4 	 0 
4 	 0 
4 	 0 
5 	 0 
5 	 0 
5 	 0 
5 	 0 
5 	 0 
6 	 0 
6 	 0 
6 	 0 
6 	 0 
6 	 0 
7 	 0 
7 	 0 
7 	 0 
7 	 0 
7 	 0 
8 	 0 
8 	 0 
8 	 0 
8 	 0 
8 	 0 
9 	 0 
9 	 0 
9 	 0 
9 	 0 
9 	 0 
10 	 0 
10 	 0 
10 	 0 
10 	 0 
10 	 0 
11 	 0 
11 	 0 
11 	 0 
11 	 0 
11 	 0 
12 	 0 
12 	 0 
12 	 0 
12 	 0 
12 	 0 
13 	 0 
13 	 0 
13 	 0 
13 	 0 
13 	 0 
14 	 0 
14 	 0 
14 	 0 
14 	 0 
14 	 0 
15 	 0 
15 	 0 
15 	 0 
15 	 0 
15 	 0 
16 	 0 
16 	 0 
16 	 0 
16 	 0 
16 	 0 
17 	 0 
17 	 0 
17 	 0 
17 	 0 
17 	 0 
18 	 0 
18 	 0 
18 	 0 
18 	 0 
18 	 0 
19 	 0 
19 	 0 
19 	 0 
19 	 0 
19 	 0 
20 	 0 
20 	 0 
20 	 0 
20 	 0 
20 	 0 
21 	 0 
21 	 0 
21 	 0 
21 	 0 
21 	 0 
22 	 0 
22 	 0 
22 	 0 
22 	 0 
22 	 0 
23 	 0 
23 	 0 
23 	 0 
23 	 0 
23 	 0 
24 	 0 
24 	 0 
24 	 0 
24 	 0 
24 	 0 
25 	 0 
25 	 0 
25 	 0 
25 	 0 
25 	 0 
26 	 0 
26 	 0 
26 	 0 
26 	 0 
26 	 0 
27 	 0 
27 	 0 
27 	 0 
27 	 0 
27 	 0 
28 	 0.0005239625 
28 	 -0.04982678 
28 	 0.01696761 
28 	 0.03717976 
28 	 0.008988588 
29 	 0 
29 	 0 
29 	 0 
29 	 0 
29 	 0 
30 	 0 
30 	 0 
30 	 0 
30 	 0 
30 	 0 
31 	 0 
31 	 0 
31 	 0 
31 	 0 
31 	 0 
32 	 0.004746746 
32 	 -0.1190415 
32 	 -0.0003383851 
32 	 0.01015463 
32 	 0.3626772 
33 	 0 
33 	 0 
33 	 0 
33 	 0 
33 	 0 
34 	 0 
34 	 0 
34 	 0 
34 	 0 
34 	 0 
35 	 0.002519752 
35 	 0.05161395 
35 	 -0.1101898 
35 	 -0.09240329 
35 	 -0.159254 
36 	 0 
36 	 0 
36 	 0 
36 	 0 
36 	 0 
37 	 0.000694816 
37 	 -0.001529624 
37 	 -0.02438361 
37 	 -0.02064561 
37 	 0.04523369 
38 	 0 
38 	 0 
38 	 0 
38 	 0 
38 	 0 
39 	 0 
39 	 0 
39 	 0 
39 	 0 
39 	 0 
40 	 0 
40 	 0 
40 	 0 
40 	 0 
40 	 0 
41 	 -0.0002340889 
41 	 0.03013357 
41 	 0.03414759 
41 	 -0.06740546 
41 	 -0.08815499 
42 	 0 
42 	 0 
42 	 0 
42 	 0 
42 	 0 
43 	 0 
43 	 0 
43 	 0 
43 	 0 
43 	 0 
44 	 0 
44 	 0 
44 	 0 
44 	 0 
44 	 0 
45 	 0 
45 	 0 
45 	 0 
45 	 0 
45 	 0 
46 	 8.677435e-05 
46 	 -0.07093872 
46 	 -0.05500008 
46 	 0.100707 
46 	 -0.009192268 
47 	 0 
47 	 0 
47 	 0 
47 	 0 
47 	 0 
48 	 0 
48 	 0 
48 	 0 
48 	 0 
48 	 0 
49 	 0 
49 	 0 
49 	 0 
49 	 0 
49 	 0 
50 	 -0.05591482 
50 	 -0.6385617 
50 	 0.2793907 
50 	 0.08298503 
50 	 -0.4911713 
51 	 0 
51 	 0 
51 	 0 
51 	 0 
51 	 0 
52 	 0 
52 	 0 
52 	 0 
52 	 0 
52 	 0 
53 	 0 
53 	 0 
53 	 0 
53 	 0 
53 	 0 
# Gene ID	Label	Prediction
0000000004 ENSG00000129465 	 1 	 0.7778096 
0000000007 ENSG00000113302 	 1 	 0.1211257 
0000000009 ENSG00000128917 	 1 	 0.431992 
0000000011 ENSG00000069667 	 1 	 0.120943 
0000000018 ENSG00000163508 	 1 	 0.1796993 
0000000020 ENSG00000166349 	 1 	 0.1579932 
0000000022 ENSG00000168040 	 1 	 0.08683226 
0000000025 ENSG00000175354 	 1 	 0.3068667 
0000000027 ENSG00000175097 	 1 	 0.1241266 
0000000029 ENSG00000114861 	 1 	 0.120943 
0000000031 ENSG00000189403 	 1 	 0.1404483 
0000000033 ENSG00000182866 	 1 	 0.1882483 
0000000039 ENSG00000134242 	 1 	 0.349925 
0000000044 ENSG00000113263 	 1 	 0.1968317 
0000000006 ENSG00000135318 	 0 	 0.20868 
0000000011 ENSG00000123094 	 0 	 0.120943 
0000000016 ENSG00000164182 	 0 	 0.0350796 
0000000021 ENSG00000101076 	 0 	 0.08445368 
0000000024 ENSG00000185332 	 0 	 0.276621 
0000000032 ENSG00000117139 	 0 	 0.143404 
0000000036 ENSG00000137207 	 0 	 0.07484794 
0000000039 ENSG00000102595 	 0 	 0.1205546 
0000000043 ENSG00000184226 	 0 	 0.08201942 
0000000045 ENSG00000089063 	 0 	 0.04552253 
0000000048 ENSG00000130595 	 0 	 0.07801085 
0000000049 ENSG00000197971 	 0 	 0.1224772 
0000000050 ENSG00000206106 	 0 	 0.1209711 
0000000051 ENSG00000104859 	 0 	 0.2985791 
0000000052 ENSG00000167377 	 0 	 0.206192 
0000000053 ENSG00000157224 	 0 	 0.1208733 
0000000060 ENSG00000004487 	 0 	 0.109036 
0000000061 ENSG00000160305 	 0 	 0.2944136 
0000000064 ENSG00000152689 	 0 	 0.1931011 
0000000068 ENSG00000160223 	 0 	 0.5583566 
0000000071 ENSG00000148337 	 0 	 0.1648117 
0000000072 ENSG00000183765 	 0 	 0.2336202 
0000000073 ENSG00000114923 	 0 	 0.1153057 
0000000077 ENSG00000119383 	 0 	 0.05134224 
0000000085 ENSG00000155438 	 0 	 0.3447446 
0000000088 ENSG00000188295 	 0 	 0.3582834 
0000000090 ENSG00000130720 	 0 	 0.1200974 
0000000097 ENSG00000134216 	 0 	 0.1224834 
0000000099 ENSG00000134744 	 0 	 0.105209 
0000000101 ENSG00000112651 	 0 	 0.02898529 
0000000103 ENSG00000138696 	 0 	 0.120943 
0000000104 ENSG00000113356 	 0 	 0.126447 
0000000108 ENSG00000131773 	 0 	 0.1866934 
0000000109 ENSG00000253910 	 0 	 0.2106752 
0000000112 ENSG00000026508 	 0 	 0.1319244 
0000000121 ENSG00000139151 	 0 	 0.120943 
0000000123 ENSG00000213020 	 0 	 0.2704623 
0000000124 ENSG00000176473 	 0 	 0.09396885 
0000000127 ENSG00000174600 	 0 	 0.1284542 
0000000128 ENSG00000153233 	 0 	 0.1281254 
0000000130 ENSG00000137868 	 0 	 0.120943 
0000000132 ENSG00000065054 	 0 	 0.1376731 
0000000135 ENSG00000173868 	 0 	 0.1184604 
0000000142 ENSG00000077463 	 0 	 0.1800482 
0000000144 ENSG00000063127 	 0 	 0.1206466 
0000000147 ENSG00000213023 	 0 	 0.1241324 
0000000148 ENSG00000258405 	 0 	 0.1428459 
0000000149 ENSG00000270136 	 0 	 0.1208241 
