# Prediction results for:	 GO:0050868 
# Model used:	 group_lasso 
# ROC AUC score:	 0.5618152 
# All tissues were included
# Best penalty parameter (CV): 1.658137 
# tissue	 1 	 5 
# tissue	 2 	 5 
# tissue	 3 	 5 
# tissue	 4 	 5 
# tissue	 5 	 5 
# tissue	 6 	 5 
# tissue	 7 	 5 
# tissue	 8 	 5 
# tissue	 9 	 5 
# tissue	 10 	 5 
# tissue	 11 	 5 
# tissue	 12 	 5 
# tissue	 13 	 5 
# tissue	 14 	 5 
# tissue	 15 	 5 
# tissue	 16 	 5 
# tissue	 17 	 5 
# tissue	 18 	 5 
# tissue	 19 	 5 
# tissue	 20 	 5 
# tissue	 21 	 5 
# tissue	 22 	 5 
# tissue	 23 	 5 
# tissue	 24 	 5 
# tissue	 25 	 5 
# tissue	 26 	 5 
# tissue	 27 	 5 
# tissue	 28 	 5 
# tissue	 29 	 5 
# tissue	 30 	 5 
# tissue	 31 	 5 
# tissue	 32 	 5 
# tissue	 33 	 5 
# tissue	 34 	 5 
# tissue	 35 	 5 
# tissue	 36 	 5 
# tissue	 37 	 5 
# tissue	 38 	 5 
# tissue	 39 	 5 
# tissue	 40 	 5 
# tissue	 41 	 5 
# tissue	 42 	 5 
# tissue	 43 	 5 
# tissue	 44 	 5 
# tissue	 45 	 5 
# tissue	 46 	 5 
# tissue	 47 	 5 
# tissue	 48 	 5 
# tissue	 49 	 5 
# tissue	 50 	 5 
# tissue	 51 	 5 
# tissue	 52 	 5 
# tissue	 53 	 5 
# Coefficients:
1 	 0.0003060058 
1 	 0.03004467 
1 	 -0.2013872 
1 	 -0.1331255 
1 	 0.08321286 
2 	 0 
2 	 0 
2 	 0 
2 	 0 
2 	 0 
3 	 0 
3 	 0 
3 	 0 
3 	 0 
3 	 0 
4 	 -0.00221102 
4 	 0.01717729 
4 	 0.1106388 
4 	 -0.006446464 
4 	 0.2963775 
5 	 0 
5 	 0 
5 	 0 
5 	 0 
5 	 0 
6 	 0 
6 	 0 
6 	 0 
6 	 0 
6 	 0 
7 	 0 
7 	 0 
7 	 0 
7 	 0 
7 	 0 
8 	 0.004880735 
8 	 0.03179165 
8 	 0.05217417 
8 	 -0.09393342 
8 	 0.007460368 
9 	 0 
9 	 0 
9 	 0 
9 	 0 
9 	 0 
10 	 0 
10 	 0 
10 	 0 
10 	 0 
10 	 0 
11 	 0 
11 	 0 
11 	 0 
11 	 0 
11 	 0 
12 	 0 
12 	 0 
12 	 0 
12 	 0 
12 	 0 
13 	 0 
13 	 0 
13 	 0 
13 	 0 
13 	 0 
14 	 0.001655263 
14 	 -0.004037623 
14 	 -0.006478603 
14 	 -0.1037421 
14 	 0.1284717 
15 	 0.001951666 
15 	 0.3202458 
15 	 -0.3920378 
15 	 0.2762713 
15 	 -0.1295035 
16 	 0.009422406 
16 	 -0.1022116 
16 	 0.04055544 
16 	 0.3329176 
16 	 0.2943019 
17 	 0.04443013 
17 	 0.07609541 
17 	 -0.4073905 
17 	 0.6031763 
17 	 0.07252949 
18 	 0.01669257 
18 	 0.3853934 
18 	 -0.3234305 
18 	 0.2395693 
18 	 -0.1483006 
19 	 0.0001404797 
19 	 0.06213963 
19 	 -0.07372521 
19 	 0.1572745 
19 	 -0.2844277 
20 	 0.004822289 
20 	 0.1235335 
20 	 0.1452865 
20 	 -0.3952962 
20 	 -0.4887824 
21 	 0 
21 	 0 
21 	 0 
21 	 0 
21 	 0 
22 	 0 
22 	 0 
22 	 0 
22 	 0 
22 	 0 
23 	 0 
23 	 0 
23 	 0 
23 	 0 
23 	 0 
24 	 0 
24 	 0 
24 	 0 
24 	 0 
24 	 0 
25 	 0.006857528 
25 	 -0.3398835 
25 	 -0.1582746 
25 	 -0.861953 
25 	 0.2925933 
26 	 0.002690738 
26 	 -0.03727836 
26 	 -0.05726624 
26 	 0.1535262 
26 	 -0.02320999 
27 	 0 
27 	 0 
27 	 0 
27 	 0 
27 	 0 
28 	 0.00872289 
28 	 -0.1764245 
28 	 0.0135275 
28 	 -0.03145065 
28 	 0.0365066 
29 	 0 
29 	 0 
29 	 0 
29 	 0 
29 	 0 
30 	 -0.002482786 
30 	 -0.005171842 
30 	 -0.002387774 
30 	 -0.02431291 
30 	 0.01922769 
31 	 0 
31 	 0 
31 	 0 
31 	 0 
31 	 0 
32 	 0 
32 	 0 
32 	 0 
32 	 0 
32 	 0 
33 	 0 
33 	 0 
33 	 0 
33 	 0 
33 	 0 
34 	 0 
34 	 0 
34 	 0 
34 	 0 
34 	 0 
35 	 0.001063616 
35 	 0.0543215 
35 	 -0.02248622 
35 	 -0.1538877 
35 	 -0.05321143 
36 	 0.003082266 
36 	 -0.03070076 
36 	 -0.06578774 
36 	 0.1620217 
36 	 -0.01564573 
37 	 0 
37 	 0 
37 	 0 
37 	 0 
37 	 0 
38 	 0.01266421 
38 	 0.4985949 
38 	 0.09673944 
38 	 0.1935948 
38 	 0.217914 
39 	 0 
39 	 0 
39 	 0 
39 	 0 
39 	 0 
40 	 0 
40 	 0 
40 	 0 
40 	 0 
40 	 0 
41 	 0 
41 	 0 
41 	 0 
41 	 0 
41 	 0 
42 	 -0.01968194 
42 	 -0.05833493 
42 	 -0.4355615 
42 	 0.1050634 
42 	 -1.083612 
43 	 0 
43 	 0 
43 	 0 
43 	 0 
43 	 0 
44 	 0.00171748 
44 	 -0.01412159 
44 	 0.01279264 
44 	 0.009947725 
44 	 -0.02227376 
45 	 0 
45 	 0 
45 	 0 
45 	 0 
45 	 0 
46 	 0 
46 	 0 
46 	 0 
46 	 0 
46 	 0 
47 	 0 
47 	 0 
47 	 0 
47 	 0 
47 	 0 
48 	 0 
48 	 0 
48 	 0 
48 	 0 
48 	 0 
49 	 -0.005568344 
49 	 0.03483661 
49 	 0.0723098 
49 	 0.1125089 
49 	 0.08039706 
50 	 0 
50 	 0 
50 	 0 
50 	 0 
50 	 0 
51 	 0 
51 	 0 
51 	 0 
51 	 0 
51 	 0 
52 	 0 
52 	 0 
52 	 0 
52 	 0 
52 	 0 
53 	 0 
53 	 0 
53 	 0 
53 	 0 
53 	 0 
# Gene ID	Label	Prediction
0000000003 ENSG00000079385 	 1 	 0.5762668 
0000000008 ENSG00000131981 	 1 	 0.4526055 
0000000009 ENSG00000135046 	 1 	 0.7633386 
0000000012 ENSG00000117586 	 1 	 0.2339792 
0000000013 ENSG00000163501 	 1 	 0.008660798 
0000000026 ENSG00000104972 	 1 	 0.6514422 
0000000030 ENSG00000108946 	 1 	 0.5597406 
0000000032 ENSG00000204632 	 1 	 0.1339284 
0000000033 ENSG00000122188 	 1 	 0.1038933 
0000000034 ENSG00000143184 	 1 	 0.772736 
0000000038 ENSG00000198502 	 1 	 0.5152617 
0000000042 ENSG00000171855 	 1 	 0.1726582 
0000000043 ENSG00000120217 	 1 	 0.8848008 
0000000048 ENSG00000136634 	 1 	 0.7500785 
0000000012 ENSG00000185404 	 0 	 0.1573334 
0000000017 ENSG00000140743 	 0 	 0.5493066 
0000000018 ENSG00000147180 	 0 	 0.09977371 
0000000020 ENSG00000160685 	 0 	 0.3978798 
0000000021 ENSG00000251692 	 0 	 0.1737652 
0000000022 ENSG00000162461 	 0 	 0.00475571 
0000000027 ENSG00000166685 	 0 	 0.08585627 
0000000029 ENSG00000204414 	 0 	 0.1607152 
0000000030 ENSG00000166441 	 0 	 0.1834085 
0000000034 ENSG00000178623 	 0 	 0.03038633 
0000000036 ENSG00000156011 	 0 	 0.09764007 
0000000037 ENSG00000232382 	 0 	 0.170734 
0000000047 ENSG00000189430 	 0 	 0.269715 
0000000051 ENSG00000171368 	 0 	 0.1674139 
0000000053 ENSG00000126581 	 0 	 0.8639746 
0000000054 ENSG00000082497 	 0 	 0.2284296 
0000000058 ENSG00000055732 	 0 	 0.2531647 
0000000063 ENSG00000157502 	 0 	 0.1252893 
0000000066 ENSG00000141519 	 0 	 0.1252989 
0000000068 ENSG00000204610 	 0 	 0.226101 
0000000069 ENSG00000221866 	 0 	 0.1227788 
0000000072 ENSG00000211456 	 0 	 0.1635209 
0000000074 ENSG00000163412 	 0 	 0.17496 
0000000075 ENSG00000179820 	 0 	 0.9078841 
0000000077 ENSG00000120251 	 0 	 0.1554834 
0000000080 ENSG00000183625 	 0 	 0.1909912 
0000000082 ENSG00000171189 	 0 	 0.1510963 
0000000085 ENSG00000121966 	 0 	 0.8594734 
0000000088 ENSG00000185619 	 0 	 0.1596035 
0000000095 ENSG00000055957 	 0 	 0.2099495 
0000000097 ENSG00000137274 	 0 	 0.06307548 
0000000102 ENSG00000148180 	 0 	 0.01119488 
0000000104 ENSG00000234127 	 0 	 0.08635961 
0000000113 ENSG00000131381 	 0 	 0.2526266 
0000000114 ENSG00000138785 	 0 	 0.03536571 
0000000120 ENSG00000134398 	 0 	 0.1350154 
0000000122 ENSG00000134317 	 0 	 0.1597453 
0000000123 ENSG00000187017 	 0 	 0.1256543 
0000000124 ENSG00000180488 	 0 	 0.1166296 
0000000125 ENSG00000180953 	 0 	 0.1059891 
0000000128 ENSG00000169583 	 0 	 0.08080789 
0000000130 ENSG00000138735 	 0 	 0.1921448 
0000000134 ENSG00000051596 	 0 	 0.07709512 
0000000135 ENSG00000081189 	 0 	 0.1595811 
0000000136 ENSG00000164294 	 0 	 0.4675091 
0000000139 ENSG00000044115 	 0 	 0.1607451 
0000000141 ENSG00000143156 	 0 	 0.0892945 
0000000144 ENSG00000173227 	 0 	 0.1638934 
0000000147 ENSG00000137726 	 0 	 0.1828113 
0000000152 ENSG00000146966 	 0 	 0.0337618 
0000000156 ENSG00000134539 	 0 	 0.2457352 
0000000160 ENSG00000139910 	 0 	 0.2068342 
0000000161 ENSG00000166225 	 0 	 0.2438869 
0000000162 ENSG00000106799 	 0 	 0.9144155 
0000000168 ENSG00000140943 	 0 	 0.1226404 
0000000169 ENSG00000140931 	 0 	 0.2942064 
0000000170 ENSG00000082641 	 0 	 0.9315597 
0000000171 ENSG00000132000 	 0 	 0.1589369 
0000000174 ENSG00000167380 	 0 	 0.1618601 
0000000179 ENSG00000204519 	 0 	 0.03765891 
