# Prediction results for:	 GO:0002027 
# Model used:	 group_lasso 
# ROC AUC score:	 0.5896455 
# All tissues were included
# Best penalty parameter (CV): 2.565057 
# tissue	 1 	 5 
# tissue	 2 	 5 
# tissue	 3 	 5 
# tissue	 4 	 5 
# tissue	 5 	 5 
# tissue	 6 	 5 
# tissue	 7 	 5 
# tissue	 8 	 5 
# tissue	 9 	 5 
# tissue	 10 	 5 
# tissue	 11 	 5 
# tissue	 12 	 5 
# tissue	 13 	 5 
# tissue	 14 	 5 
# tissue	 15 	 5 
# tissue	 16 	 5 
# tissue	 17 	 5 
# tissue	 18 	 5 
# tissue	 19 	 5 
# tissue	 20 	 5 
# tissue	 21 	 5 
# tissue	 22 	 5 
# tissue	 23 	 5 
# tissue	 24 	 5 
# tissue	 25 	 5 
# tissue	 26 	 5 
# tissue	 27 	 5 
# tissue	 28 	 5 
# tissue	 29 	 5 
# tissue	 30 	 5 
# tissue	 31 	 5 
# tissue	 32 	 5 
# tissue	 33 	 5 
# tissue	 34 	 5 
# tissue	 35 	 5 
# tissue	 36 	 5 
# tissue	 37 	 5 
# tissue	 38 	 5 
# tissue	 39 	 5 
# tissue	 40 	 5 
# tissue	 41 	 5 
# tissue	 42 	 5 
# tissue	 43 	 5 
# tissue	 44 	 5 
# tissue	 45 	 5 
# tissue	 46 	 5 
# tissue	 47 	 5 
# tissue	 48 	 5 
# tissue	 49 	 5 
# tissue	 50 	 5 
# tissue	 51 	 5 
# tissue	 52 	 5 
# tissue	 53 	 5 
# Coefficients:
1 	 0 
1 	 0 
1 	 0 
1 	 0 
1 	 0 
2 	 0.002000567 
2 	 0.002739464 
2 	 -0.05793824 
2 	 -0.1168357 
2 	 -0.102054 
3 	 0 
3 	 0 
3 	 0 
3 	 0 
3 	 0 
4 	 -0.004034454 
4 	 -0.0291901 
4 	 -0.06702456 
4 	 -0.03106444 
4 	 -0.4146932 
5 	 0 
5 	 0 
5 	 0 
5 	 0 
5 	 0 
6 	 0 
6 	 0 
6 	 0 
6 	 0 
6 	 0 
7 	 0 
7 	 0 
7 	 0 
7 	 0 
7 	 0 
8 	 0 
8 	 0 
8 	 0 
8 	 0 
8 	 0 
9 	 0 
9 	 0 
9 	 0 
9 	 0 
9 	 0 
10 	 0 
10 	 0 
10 	 0 
10 	 0 
10 	 0 
11 	 0.0003418126 
11 	 0.2813074 
11 	 0.2771895 
11 	 0.07567686 
11 	 0.3862577 
12 	 -0.002065439 
12 	 0.02153524 
12 	 -0.07543097 
12 	 0.1122924 
12 	 0.04987448 
13 	 0.007859353 
13 	 0.01905276 
13 	 0.09125091 
13 	 -0.2750668 
13 	 0.1553144 
14 	 0.001005216 
14 	 -0.07870786 
14 	 0.1964025 
14 	 -0.1083476 
14 	 -0.06311947 
15 	 0 
15 	 0 
15 	 0 
15 	 0 
15 	 0 
16 	 0 
16 	 0 
16 	 0 
16 	 0 
16 	 0 
17 	 0 
17 	 0 
17 	 0 
17 	 0 
17 	 0 
18 	 0.001689036 
18 	 0.03192128 
18 	 0.04691937 
18 	 -0.05379694 
18 	 0.09653603 
19 	 0 
19 	 0 
19 	 0 
19 	 0 
19 	 0 
20 	 0 
20 	 0 
20 	 0 
20 	 0 
20 	 0 
21 	 0 
21 	 0 
21 	 0 
21 	 0 
21 	 0 
22 	 0 
22 	 0 
22 	 0 
22 	 0 
22 	 0 
23 	 0 
23 	 0 
23 	 0 
23 	 0 
23 	 0 
24 	 0.003028351 
24 	 -0.05254661 
24 	 -0.1414713 
24 	 0.000553967 
24 	 0.05906133 
25 	 0.00407535 
25 	 -0.1002372 
25 	 0.1217884 
25 	 -0.3462671 
25 	 -0.04776198 
26 	 -0.02354245 
26 	 0.2548652 
26 	 0.2177026 
26 	 -0.1636809 
26 	 0.1998175 
27 	 0 
27 	 0 
27 	 0 
27 	 0 
27 	 0 
28 	 0 
28 	 0 
28 	 0 
28 	 0 
28 	 0 
29 	 0 
29 	 0 
29 	 0 
29 	 0 
29 	 0 
30 	 0 
30 	 0 
30 	 0 
30 	 0 
30 	 0 
31 	 0 
31 	 0 
31 	 0 
31 	 0 
31 	 0 
32 	 -0.00251961 
32 	 0.113719 
32 	 0.03621762 
32 	 -0.03823732 
32 	 0.1329303 
33 	 0 
33 	 0 
33 	 0 
33 	 0 
33 	 0 
34 	 0 
34 	 0 
34 	 0 
34 	 0 
34 	 0 
35 	 0.0032556 
35 	 0.009765271 
35 	 0.02121049 
35 	 0.08074304 
35 	 -0.157132 
36 	 0 
36 	 0 
36 	 0 
36 	 0 
36 	 0 
37 	 0 
37 	 0 
37 	 0 
37 	 0 
37 	 0 
38 	 0.0002109089 
38 	 0.001820315 
38 	 -0.002674294 
38 	 -0.01393205 
38 	 0.0206531 
39 	 0 
39 	 0 
39 	 0 
39 	 0 
39 	 0 
40 	 0 
40 	 0 
40 	 0 
40 	 0 
40 	 0 
41 	 0.002099477 
41 	 -0.02908773 
41 	 -0.07161614 
41 	 0.0391082 
41 	 0.04575266 
42 	 0.001409442 
42 	 0.1025225 
42 	 0.2436379 
42 	 0.3878711 
42 	 -0.06685518 
43 	 -0.0005298228 
43 	 -0.01024169 
43 	 -0.001900852 
43 	 0.03156598 
43 	 -0.08608452 
44 	 2.358399e-05 
44 	 0.02918593 
44 	 0.003667638 
44 	 -0.04536767 
44 	 0.06555292 
45 	 0 
45 	 0 
45 	 0 
45 	 0 
45 	 0 
46 	 0.0009993436 
46 	 -0.01638856 
46 	 -0.007589971 
46 	 0.00518542 
46 	 0.0640025 
47 	 0.01545868 
47 	 -0.006337152 
47 	 -0.363514 
47 	 0.4699501 
47 	 -0.6376314 
48 	 0 
48 	 0 
48 	 0 
48 	 0 
48 	 0 
49 	 0.001706111 
49 	 -0.1049607 
49 	 -0.02668098 
49 	 -0.006471359 
49 	 -0.04216173 
50 	 0 
50 	 0 
50 	 0 
50 	 0 
50 	 0 
51 	 0 
51 	 0 
51 	 0 
51 	 0 
51 	 0 
52 	 0 
52 	 0 
52 	 0 
52 	 0 
52 	 0 
53 	 0 
53 	 0 
53 	 0 
53 	 0 
53 	 0 
# Gene ID	Label	Prediction
0000000003 ENSG00000057294 	 1 	 0.2348209 
0000000004 ENSG00000053918 	 1 	 0.6713917 
0000000005 ENSG00000101400 	 1 	 0.740646 
0000000008 ENSG00000134755 	 1 	 0.6170191 
0000000012 ENSG00000134548 	 1 	 0.02105779 
0000000013 ENSG00000118729 	 1 	 0.9936712 
0000000014 ENSG00000046604 	 1 	 0.5876606 
0000000016 ENSG00000055118 	 1 	 0.2821126 
0000000017 ENSG00000105711 	 1 	 0.4842462 
0000000022 ENSG00000149575 	 1 	 0.6761601 
0000000024 ENSG00000152642 	 1 	 0.8071193 
0000000029 ENSG00000145349 	 1 	 0.08688292 
0000000030 ENSG00000166257 	 1 	 0.8943957 
0000000031 ENSG00000174437 	 1 	 0.9941496 
0000000033 ENSG00000113448 	 1 	 0.09592114 
0000000035 ENSG00000124205 	 1 	 0.1065313 
0000000043 ENSG00000160460 	 1 	 0.159935 
0000000048 ENSG00000092054 	 1 	 0.985912 
0000000049 ENSG00000127914 	 1 	 0.06451756 
0000000051 ENSG00000197616 	 1 	 0.9248877 
0000000063 ENSG00000119782 	 1 	 0.6006676 
0000000064 ENSG00000185313 	 1 	 0.09694117 
0000000005 ENSG00000100479 	 0 	 0.09431894 
0000000006 ENSG00000101464 	 0 	 0.02634954 
0000000010 ENSG00000214042 	 0 	 0.09575279 
0000000011 ENSG00000124019 	 0 	 0.1140802 
0000000015 ENSG00000130943 	 0 	 0.1139406 
0000000016 ENSG00000131477 	 0 	 0.4310899 
0000000020 ENSG00000108641 	 0 	 0.03990931 
0000000021 ENSG00000139218 	 0 	 0.04167692 
0000000022 ENSG00000141030 	 0 	 0.0719821 
0000000023 ENSG00000141977 	 0 	 0.09554668 
0000000027 ENSG00000118965 	 0 	 0.05072129 
0000000028 ENSG00000156113 	 0 	 0.5582423 
0000000029 ENSG00000156853 	 0 	 0.2390728 
0000000030 ENSG00000160051 	 0 	 0.112614 
0000000036 ENSG00000104228 	 0 	 0.02012336 
0000000037 ENSG00000129682 	 0 	 0.8001009 
0000000040 ENSG00000196689 	 0 	 0.09458302 
0000000044 ENSG00000179029 	 0 	 0.1200391 
0000000045 ENSG00000178084 	 0 	 0.09593569 
0000000046 ENSG00000182150 	 0 	 0.1149625 
0000000047 ENSG00000179010 	 0 	 0.07443708 
0000000049 ENSG00000178522 	 0 	 0.09312767 
0000000050 ENSG00000176390 	 0 	 0.02498867 
0000000058 ENSG00000130988 	 0 	 0.05805767 
0000000068 ENSG00000146587 	 0 	 0.09592114 
0000000069 ENSG00000164896 	 0 	 0.08782351 
0000000070 ENSG00000101448 	 0 	 0.1035063 
0000000075 ENSG00000197081 	 0 	 0.05752626 
0000000088 ENSG00000010165 	 0 	 0.1299578 
0000000095 ENSG00000171307 	 0 	 0.08115668 
0000000097 ENSG00000164011 	 0 	 0.07211938 
0000000098 ENSG00000183520 	 0 	 0.06302435 
0000000101 ENSG00000204305 	 0 	 0.07920496 
0000000114 ENSG00000168702 	 0 	 0.07796687 
0000000115 ENSG00000126214 	 0 	 0.02212403 
0000000117 ENSG00000211724 	 0 	 0.03894501 
0000000122 ENSG00000162664 	 0 	 0.01488294 
0000000123 ENSG00000149532 	 0 	 0.03458748 
0000000127 ENSG00000173588 	 0 	 0.09655814 
0000000131 ENSG00000120693 	 0 	 0.06924384 
0000000132 ENSG00000133121 	 0 	 0.2379601 
0000000133 ENSG00000079616 	 0 	 0.08799319 
0000000135 ENSG00000082126 	 0 	 0.09754087 
0000000139 ENSG00000197885 	 0 	 0.1800383 
0000000142 ENSG00000125703 	 0 	 0.09459369 
0000000144 ENSG00000006747 	 0 	 0.1024442 
0000000147 ENSG00000173068 	 0 	 0.09272227 
0000000148 ENSG00000203697 	 0 	 0.08485042 
0000000155 ENSG00000144468 	 0 	 0.1311055 
0000000157 ENSG00000153064 	 0 	 0.04486671 
0000000160 ENSG00000119004 	 0 	 0.05252784 
0000000164 ENSG00000122335 	 0 	 0.1204205 
0000000168 ENSG00000114062 	 0 	 0.05673104 
0000000169 ENSG00000178075 	 0 	 0.6370846 
0000000170 ENSG00000106086 	 0 	 0.01507476 
0000000172 ENSG00000185022 	 0 	 0.0968089 
0000000176 ENSG00000136271 	 0 	 0.05049616 
0000000183 ENSG00000111224 	 0 	 0.1071586 
0000000184 ENSG00000204130 	 0 	 0.09526174 
0000000187 ENSG00000105829 	 0 	 0.07860776 
0000000194 ENSG00000187922 	 0 	 0.08956949 
0000000198 ENSG00000163530 	 0 	 0.09085277 
0000000203 ENSG00000231213 	 0 	 0.09600381 
0000000207 ENSG00000087266 	 0 	 0.969083 
0000000223 ENSG00000070756 	 0 	 0.008023907 
0000000224 ENSG00000104228 	 0 	 0.0941936 
0000000225 ENSG00000184428 	 0 	 0.08854095 
0000000227 ENSG00000174371 	 0 	 0.09560617 
0000000228 ENSG00000169398 	 0 	 0.0946496 
0000000229 ENSG00000164919 	 0 	 0.7314318 
0000000230 ENSG00000158636 	 0 	 0.1020361 
0000000231 ENSG00000007372 	 0 	 0.09523203 
0000000232 ENSG00000205882 	 0 	 0.1037424 
0000000233 ENSG00000149294 	 0 	 0.0488022 
0000000234 ENSG00000117625 	 0 	 0.1386062 
0000000237 ENSG00000166928 	 0 	 0.09318833 
0000000238 ENSG00000070501 	 0 	 0.04905462 
0000000241 ENSG00000072110 	 0 	 0.188645 
0000000243 ENSG00000100526 	 0 	 0.09207619 
0000000244 ENSG00000137497 	 0 	 0.3614631 
0000000247 ENSG00000127314 	 0 	 0.09592114 
0000000253 ENSG00000135424 	 0 	 0.707607 
0000000254 ENSG00000033170 	 0 	 0.0395734 
0000000255 ENSG00000100968 	 0 	 0.08253139 
0000000256 ENSG00000155465 	 0 	 0.09538789 
0000000257 ENSG00000066427 	 0 	 0.09754784 
0000000261 ENSG00000129535 	 0 	 0.09889358 
0000000262 ENSG00000198373 	 0 	 0.06916683 
0000000268 ENSG00000149927 	 0 	 0.08929185 
0000000269 ENSG00000034713 	 0 	 0.7837434 
0000000273 ENSG00000141255 	 0 	 0.09497393 
0000000274 ENSG00000175866 	 0 	 0.09851716 
0000000275 ENSG00000127564 	 0 	 0.05642752 
0000000277 ENSG00000085644 	 0 	 0.07055323 
0000000285 ENSG00000108639 	 0 	 0.02401962 
0000000296 ENSG00000105127 	 0 	 0.05907809 
0000000297 ENSG00000105146 	 0 	 0.06330878 
0000000302 ENSG00000063176 	 0 	 0.1003033 
0000000303 ENSG00000168661 	 0 	 0.05002695 
