# Prediction results for:	 GO:0055002 
# Model used:	 group_lasso 
# ROC AUC score:	 0.4780247 
# All tissues were included
# Best penalty parameter (CV): 3.73017 
# tissue	 1 	 5 
# tissue	 2 	 5 
# tissue	 3 	 5 
# tissue	 4 	 5 
# tissue	 5 	 5 
# tissue	 6 	 5 
# tissue	 7 	 5 
# tissue	 8 	 5 
# tissue	 9 	 5 
# tissue	 10 	 5 
# tissue	 11 	 5 
# tissue	 12 	 5 
# tissue	 13 	 5 
# tissue	 14 	 5 
# tissue	 15 	 5 
# tissue	 16 	 5 
# tissue	 17 	 5 
# tissue	 18 	 5 
# tissue	 19 	 5 
# tissue	 20 	 5 
# tissue	 21 	 5 
# tissue	 22 	 5 
# tissue	 23 	 5 
# tissue	 24 	 5 
# tissue	 25 	 5 
# tissue	 26 	 5 
# tissue	 27 	 5 
# tissue	 28 	 5 
# tissue	 29 	 5 
# tissue	 30 	 5 
# tissue	 31 	 5 
# tissue	 32 	 5 
# tissue	 33 	 5 
# tissue	 34 	 5 
# tissue	 35 	 5 
# tissue	 36 	 5 
# tissue	 37 	 5 
# tissue	 38 	 5 
# tissue	 39 	 5 
# tissue	 40 	 5 
# tissue	 41 	 5 
# tissue	 42 	 5 
# tissue	 43 	 5 
# tissue	 44 	 5 
# tissue	 45 	 5 
# tissue	 46 	 5 
# tissue	 47 	 5 
# tissue	 48 	 5 
# tissue	 49 	 5 
# tissue	 50 	 5 
# tissue	 51 	 5 
# tissue	 52 	 5 
# tissue	 53 	 5 
# Coefficients:
1 	 0 
1 	 0 
1 	 0 
1 	 0 
1 	 0 
2 	 0 
2 	 0 
2 	 0 
2 	 0 
2 	 0 
3 	 0 
3 	 0 
3 	 0 
3 	 0 
3 	 0 
4 	 0 
4 	 0 
4 	 0 
4 	 0 
4 	 0 
5 	 0 
5 	 0 
5 	 0 
5 	 0 
5 	 0 
6 	 0 
6 	 0 
6 	 0 
6 	 0 
6 	 0 
7 	 0 
7 	 0 
7 	 0 
7 	 0 
7 	 0 
8 	 0 
8 	 0 
8 	 0 
8 	 0 
8 	 0 
9 	 0 
9 	 0 
9 	 0 
9 	 0 
9 	 0 
10 	 0 
10 	 0 
10 	 0 
10 	 0 
10 	 0 
11 	 0 
11 	 0 
11 	 0 
11 	 0 
11 	 0 
12 	 0 
12 	 0 
12 	 0 
12 	 0 
12 	 0 
13 	 0 
13 	 0 
13 	 0 
13 	 0 
13 	 0 
14 	 0 
14 	 0 
14 	 0 
14 	 0 
14 	 0 
15 	 0 
15 	 0 
15 	 0 
15 	 0 
15 	 0 
16 	 0 
16 	 0 
16 	 0 
16 	 0 
16 	 0 
17 	 0 
17 	 0 
17 	 0 
17 	 0 
17 	 0 
18 	 0 
18 	 0 
18 	 0 
18 	 0 
18 	 0 
19 	 0 
19 	 0 
19 	 0 
19 	 0 
19 	 0 
20 	 0 
20 	 0 
20 	 0 
20 	 0 
20 	 0 
21 	 0 
21 	 0 
21 	 0 
21 	 0 
21 	 0 
22 	 0 
22 	 0 
22 	 0 
22 	 0 
22 	 0 
23 	 0 
23 	 0 
23 	 0 
23 	 0 
23 	 0 
24 	 0 
24 	 0 
24 	 0 
24 	 0 
24 	 0 
25 	 0 
25 	 0 
25 	 0 
25 	 0 
25 	 0 
26 	 -0.009477015 
26 	 0.06484895 
26 	 -0.08759697 
26 	 0.0919419 
26 	 0.1390601 
27 	 0 
27 	 0 
27 	 0 
27 	 0 
27 	 0 
28 	 0 
28 	 0 
28 	 0 
28 	 0 
28 	 0 
29 	 0 
29 	 0 
29 	 0 
29 	 0 
29 	 0 
30 	 0 
30 	 0 
30 	 0 
30 	 0 
30 	 0 
31 	 0.01053643 
31 	 -0.1682625 
31 	 -0.511737 
31 	 -0.1409354 
31 	 0.3801641 
32 	 -0.001524152 
32 	 0.002139229 
32 	 -0.01593224 
32 	 -0.02724989 
32 	 -0.003316008 
33 	 0 
33 	 0 
33 	 0 
33 	 0 
33 	 0 
34 	 0 
34 	 0 
34 	 0 
34 	 0 
34 	 0 
35 	 0 
35 	 0 
35 	 0 
35 	 0 
35 	 0 
36 	 0 
36 	 0 
36 	 0 
36 	 0 
36 	 0 
37 	 0 
37 	 0 
37 	 0 
37 	 0 
37 	 0 
38 	 0 
38 	 0 
38 	 0 
38 	 0 
38 	 0 
39 	 0 
39 	 0 
39 	 0 
39 	 0 
39 	 0 
40 	 0 
40 	 0 
40 	 0 
40 	 0 
40 	 0 
41 	 0 
41 	 0 
41 	 0 
41 	 0 
41 	 0 
42 	 0 
42 	 0 
42 	 0 
42 	 0 
42 	 0 
43 	 0 
43 	 0 
43 	 0 
43 	 0 
43 	 0 
44 	 0 
44 	 0 
44 	 0 
44 	 0 
44 	 0 
45 	 0 
45 	 0 
45 	 0 
45 	 0 
45 	 0 
46 	 0 
46 	 0 
46 	 0 
46 	 0 
46 	 0 
47 	 0 
47 	 0 
47 	 0 
47 	 0 
47 	 0 
48 	 0 
48 	 0 
48 	 0 
48 	 0 
48 	 0 
49 	 0 
49 	 0 
49 	 0 
49 	 0 
49 	 0 
50 	 0 
50 	 0 
50 	 0 
50 	 0 
50 	 0 
51 	 0 
51 	 0 
51 	 0 
51 	 0 
51 	 0 
52 	 0 
52 	 0 
52 	 0 
52 	 0 
52 	 0 
53 	 0 
53 	 0 
53 	 0 
53 	 0 
53 	 0 
# Gene ID	Label	Prediction
0000000003 ENSG00000105971 	 1 	 0.119042 
0000000006 ENSG00000115884 	 1 	 0.02303559 
0000000007 ENSG00000138795 	 1 	 0.1481156 
0000000012 ENSG00000161021 	 1 	 0.1521982 
0000000016 ENSG00000173991 	 1 	 0.2742632 
0000000018 ENSG00000183072 	 1 	 0.3715354 
0000000019 ENSG00000162614 	 1 	 0.06966752 
0000000005 ENSG00000115361 	 0 	 0.1936878 
0000000006 ENSG00000125878 	 0 	 0.1679454 
0000000007 ENSG00000129244 	 0 	 0.2559076 
0000000010 ENSG00000142039 	 0 	 0.1618247 
0000000013 ENSG00000171611 	 0 	 0.1306833 
0000000016 ENSG00000253729 	 0 	 0.1173875 
0000000022 ENSG00000075151 	 0 	 0.177588 
0000000024 ENSG00000164038 	 0 	 0.1740653 
0000000026 ENSG00000148826 	 0 	 0.1268342 
0000000032 ENSG00000070214 	 0 	 0.122106 
0000000034 ENSG00000030066 	 0 	 0.1726964 
0000000035 ENSG00000205221 	 0 	 0.1580158 
0000000036 ENSG00000067057 	 0 	 0.2066484 
0000000042 ENSG00000171320 	 0 	 0.1269878 
0000000045 ENSG00000099985 	 0 	 0.1312475 
0000000047 ENSG00000115935 	 0 	 0.1827984 
0000000054 ENSG00000172888 	 0 	 0.1452613 
0000000061 ENSG00000172650 	 0 	 0.1481962 
0000000062 ENSG00000047230 	 0 	 0.1327934 
0000000065 ENSG00000183873 	 0 	 0.1306806 
0000000067 ENSG00000163870 	 0 	 0.1300545 
0000000071 ENSG00000134717 	 0 	 0.1422175 
0000000073 ENSG00000163581 	 0 	 0.1317958 
0000000074 ENSG00000248592 	 0 	 0.1333127 
0000000076 ENSG00000151012 	 0 	 0.130075 
0000000078 ENSG00000170854 	 0 	 0.1344306 
0000000079 ENSG00000112038 	 0 	 0.1306833 
0000000080 ENSG00000037241 	 0 	 0.1218669 
0000000081 ENSG00000113575 	 0 	 0.09536194 
0000000088 ENSG00000102755 	 0 	 0.1702013 
0000000089 ENSG00000182450 	 0 	 0.1306833 
0000000091 ENSG00000151491 	 0 	 0.3842956 
0000000095 ENSG00000062485 	 0 	 0.1280487 
0000000104 ENSG00000141458 	 0 	 0.1027386 
0000000105 ENSG00000181038 	 0 	 0.1366073 
0000000106 ENSG00000101489 	 0 	 0.1305 
0000000112 ENSG00000198131 	 0 	 0.1275163 
0000000113 ENSG00000156398 	 0 	 0.1312962 
