# Prediction results for:	 GO:0045580 
# Model used:	 group_lasso 
# ROC AUC score:	 0.5466667 
# All tissues were included
# Best penalty parameter (CV): 0.3498127 
# tissue	 1 	 5 
# tissue	 2 	 5 
# tissue	 3 	 5 
# tissue	 4 	 5 
# tissue	 5 	 5 
# tissue	 6 	 5 
# tissue	 7 	 5 
# tissue	 8 	 5 
# tissue	 9 	 5 
# tissue	 10 	 5 
# tissue	 11 	 5 
# tissue	 12 	 5 
# tissue	 13 	 5 
# tissue	 14 	 5 
# tissue	 15 	 5 
# tissue	 16 	 5 
# tissue	 17 	 5 
# tissue	 18 	 5 
# tissue	 19 	 5 
# tissue	 20 	 5 
# tissue	 21 	 5 
# tissue	 22 	 5 
# tissue	 23 	 5 
# tissue	 24 	 5 
# tissue	 25 	 5 
# tissue	 26 	 5 
# tissue	 27 	 5 
# tissue	 28 	 5 
# tissue	 29 	 5 
# tissue	 30 	 5 
# tissue	 31 	 5 
# tissue	 32 	 5 
# tissue	 33 	 5 
# tissue	 34 	 5 
# tissue	 35 	 5 
# tissue	 36 	 5 
# tissue	 37 	 5 
# tissue	 38 	 5 
# tissue	 39 	 5 
# tissue	 40 	 5 
# tissue	 41 	 5 
# tissue	 42 	 5 
# tissue	 43 	 5 
# tissue	 44 	 5 
# tissue	 45 	 5 
# tissue	 46 	 5 
# tissue	 47 	 5 
# tissue	 48 	 5 
# tissue	 49 	 5 
# tissue	 50 	 5 
# tissue	 51 	 5 
# tissue	 52 	 5 
# tissue	 53 	 5 
# Coefficients:
1 	 0 
1 	 0 
1 	 0 
1 	 0 
1 	 0 
2 	 0.0001630756 
2 	 -0.02686955 
2 	 -0.07207 
2 	 -0.2157815 
2 	 -0.2011182 
3 	 -0.03951879 
3 	 0.617994 
3 	 -0.5026676 
3 	 1.446085 
3 	 -2.46936 
4 	 -0.02294464 
4 	 -0.06038089 
4 	 -0.3277821 
4 	 -0.1902465 
4 	 1.012978 
5 	 0 
5 	 0 
5 	 0 
5 	 0 
5 	 0 
6 	 0 
6 	 0 
6 	 0 
6 	 0 
6 	 0 
7 	 0.002768673 
7 	 -0.05180893 
7 	 -0.09028938 
7 	 0.2939363 
7 	 0.2228558 
8 	 0.0378082 
8 	 -1.110789 
8 	 -0.250469 
8 	 -0.5090779 
8 	 -0.6455298 
9 	 -0.0007934378 
9 	 -0.1298458 
9 	 -0.1406949 
9 	 -0.1231508 
9 	 -0.4780086 
10 	 0 
10 	 0 
10 	 0 
10 	 0 
10 	 0 
11 	 0.01137716 
11 	 0.6111852 
11 	 -0.1189757 
11 	 0.2852827 
11 	 2.398313 
12 	 0.01519398 
12 	 -0.5125719 
12 	 -1.075607 
12 	 0.07933641 
12 	 0.3108169 
13 	 0.02171159 
13 	 -0.3060448 
13 	 -0.1811475 
13 	 1.496147 
13 	 0.7657366 
14 	 0 
14 	 0 
14 	 0 
14 	 0 
14 	 0 
15 	 -0.001605548 
15 	 -0.1530677 
15 	 -0.5746309 
15 	 0.7661627 
15 	 0.2134605 
16 	 0.03268017 
16 	 -0.2038317 
16 	 0.07595755 
16 	 1.21662 
16 	 1.174492 
17 	 0.003994767 
17 	 -0.341705 
17 	 -0.354336 
17 	 0.8364439 
17 	 -0.6408957 
18 	 0 
18 	 0 
18 	 0 
18 	 0 
18 	 0 
19 	 0.0001103123 
19 	 0.02361217 
19 	 -0.2575433 
19 	 -0.06701892 
19 	 -0.1751538 
20 	 -0.01088038 
20 	 -0.03041825 
20 	 0.2295625 
20 	 0.3198585 
20 	 -0.8497469 
21 	 0 
21 	 0 
21 	 0 
21 	 0 
21 	 0 
22 	 0 
22 	 0 
22 	 0 
22 	 0 
22 	 0 
23 	 0 
23 	 0 
23 	 0 
23 	 0 
23 	 0 
24 	 0 
24 	 0 
24 	 0 
24 	 0 
24 	 0 
25 	 -0.007557772 
25 	 -0.2805299 
25 	 -0.02026534 
25 	 -0.07261051 
25 	 0.4873853 
26 	 0 
26 	 0 
26 	 0 
26 	 0 
26 	 0 
27 	 0.003360456 
27 	 0.05149037 
27 	 0.05776515 
27 	 -0.0301142 
27 	 -0.07868085 
28 	 0 
28 	 0 
28 	 0 
28 	 0 
28 	 0 
29 	 -0.03729271 
29 	 -0.271217 
29 	 0.6967334 
29 	 -0.1193121 
29 	 0.3312503 
30 	 -0.004475813 
30 	 -0.1269333 
30 	 -0.04962309 
30 	 -0.1987017 
30 	 -0.2289906 
31 	 0 
31 	 0 
31 	 0 
31 	 0 
31 	 0 
32 	 0.01497426 
32 	 -0.1129086 
32 	 0.2487138 
32 	 -0.6918453 
32 	 -0.06925665 
33 	 0 
33 	 0 
33 	 0 
33 	 0 
33 	 0 
34 	 -0.0006683812 
34 	 0.006619417 
34 	 0.103974 
34 	 0.09458942 
34 	 -0.01066008 
35 	 -0.01407491 
35 	 -0.3780033 
35 	 0.7493621 
35 	 -1.170098 
35 	 0.118686 
36 	 0.004995517 
36 	 0.1555571 
36 	 -0.05285023 
36 	 -0.1574216 
36 	 -0.3672591 
37 	 -0.01088853 
37 	 -0.3641106 
37 	 -0.4070685 
37 	 0.4684588 
37 	 0.6977623 
38 	 -0.001418118 
38 	 0.1338345 
38 	 -0.001096241 
38 	 -0.03620488 
38 	 0.2419851 
39 	 -0.008480012 
39 	 0.1946679 
39 	 0.4663414 
39 	 -0.1646916 
39 	 -0.4309389 
40 	 -0.003031581 
40 	 0.181618 
40 	 -0.1530499 
40 	 0.6581687 
40 	 -0.01259524 
41 	 -0.01668215 
41 	 0.2371224 
41 	 0.3912307 
41 	 -0.6426221 
41 	 1.596458 
42 	 0.03717915 
42 	 -0.03537545 
42 	 -0.2125862 
42 	 -0.2932409 
42 	 -2.074349 
43 	 0.0003852372 
43 	 0.2153772 
43 	 0.1109329 
43 	 -0.9798643 
43 	 -0.8935668 
44 	 0.03236817 
44 	 -0.5146201 
44 	 -0.7936029 
44 	 0.4940925 
44 	 0.8126883 
45 	 0 
45 	 0 
45 	 0 
45 	 0 
45 	 0 
46 	 0 
46 	 0 
46 	 0 
46 	 0 
46 	 0 
47 	 0.004066508 
47 	 0.2175877 
47 	 -0.2582567 
47 	 0.9275829 
47 	 0.4346832 
48 	 -0.003679737 
48 	 0.05781298 
48 	 -0.03708904 
48 	 0.4364947 
48 	 -0.08682876 
49 	 -0.01090322 
49 	 0.1290315 
49 	 0.03222002 
49 	 0.05070839 
49 	 -0.411617 
50 	 0.01514934 
50 	 0.05496946 
50 	 1.704337 
50 	 0.1924136 
50 	 -0.06664702 
51 	 0 
51 	 0 
51 	 0 
51 	 0 
51 	 0 
52 	 0 
52 	 0 
52 	 0 
52 	 0 
52 	 0 
53 	 0 
53 	 0 
53 	 0 
53 	 0 
53 	 0 
# Gene ID	Label	Prediction
0000000003 ENSG00000100219 	 1 	 0.6100656 
0000000004 ENSG00000110944 	 1 	 0.6545875 
0000000007 ENSG00000113520 	 1 	 0.3547877 
0000000008 ENSG00000125347 	 1 	 0.9997662 
0000000010 ENSG00000125657 	 1 	 0.6331042 
0000000011 ENSG00000131759 	 1 	 0.9997801 
0000000014 ENSG00000135870 	 1 	 0.005362399 
0000000018 ENSG00000115085 	 1 	 0.9573876 
0000000019 ENSG00000142168 	 1 	 0.5102844 
0000000025 ENSG00000163513 	 1 	 0.0002981223 
0000000026 ENSG00000163599 	 1 	 0.4744795 
0000000027 ENSG00000164690 	 1 	 0.005173708 
0000000039 ENSG00000117335 	 1 	 0.02915223 
0000000044 ENSG00000104853 	 1 	 0.2598519 
0000000049 ENSG00000126804 	 1 	 0.004017155 
0000000051 ENSG00000198805 	 1 	 0.9195221 
0000000054 ENSG00000101882 	 1 	 0.03142727 
0000000055 ENSG00000049768 	 1 	 0.1343244 
0000000003 ENSG00000047188 	 0 	 0.007631126 
0000000004 ENSG00000197208 	 0 	 0.01676848 
0000000006 ENSG00000100596 	 0 	 1.072779e-06 
0000000008 ENSG00000102934 	 0 	 5.172691e-07 
0000000009 ENSG00000111144 	 0 	 0.004277452 
0000000011 ENSG00000119969 	 0 	 0.1245232 
0000000014 ENSG00000108788 	 0 	 0.002258897 
0000000016 ENSG00000129675 	 0 	 0.05276784 
0000000019 ENSG00000134982 	 0 	 0.2759109 
0000000021 ENSG00000138078 	 0 	 0.1147354 
0000000022 ENSG00000091039 	 0 	 0.0007994903 
0000000029 ENSG00000143226 	 0 	 0.9541122 
0000000032 ENSG00000087088 	 0 	 0.5185245 
0000000038 ENSG00000171105 	 0 	 0.09780561 
0000000039 ENSG00000170667 	 0 	 0.1245131 
0000000041 ENSG00000174306 	 0 	 1.265087e-08 
0000000048 ENSG00000180329 	 0 	 0.0902907 
0000000054 ENSG00000189037 	 0 	 0.03741421 
0000000062 ENSG00000163104 	 0 	 0.001345384 
0000000072 ENSG00000055917 	 0 	 0.03276432 
0000000073 ENSG00000182901 	 0 	 0.04402024 
0000000079 ENSG00000148814 	 0 	 0.03789512 
0000000080 ENSG00000143363 	 0 	 0.02391783 
0000000082 ENSG00000077150 	 0 	 0.5459373 
0000000084 ENSG00000165338 	 0 	 0.7174635 
0000000086 ENSG00000131264 	 0 	 0.2526048 
0000000091 ENSG00000070061 	 0 	 1.167638e-05 
0000000092 ENSG00000102316 	 0 	 0.09026714 
0000000096 ENSG00000100987 	 0 	 0.777671 
0000000098 ENSG00000204950 	 0 	 0.003853964 
0000000099 ENSG00000204963 	 0 	 0.06164037 
0000000100 ENSG00000204977 	 0 	 0.2727603 
0000000101 ENSG00000182149 	 0 	 0.1961396 
0000000102 ENSG00000134352 	 0 	 0.0007177516 
0000000104 ENSG00000273294 	 0 	 7.095039e-06 
0000000105 ENSG00000211662 	 0 	 0.638303 
0000000106 ENSG00000211706 	 0 	 0.5505577 
0000000108 ENSG00000162836 	 0 	 0.0004477445 
0000000110 ENSG00000164136 	 0 	 0.9908811 
0000000112 ENSG00000186577 	 0 	 0.9910805 
0000000116 ENSG00000137098 	 0 	 0.4903156 
0000000118 ENSG00000154723 	 0 	 7.60133e-06 
0000000122 ENSG00000106012 	 0 	 0.000617231 
0000000125 ENSG00000111886 	 0 	 0.1413378 
0000000127 ENSG00000185133 	 0 	 0.2033301 
0000000128 ENSG00000048052 	 0 	 0.006804521 
0000000130 ENSG00000144485 	 0 	 0.002385741 
0000000132 ENSG00000110077 	 0 	 0.004716982 
0000000133 ENSG00000176956 	 0 	 0.0022251 
0000000134 ENSG00000145819 	 0 	 0.8569605 
0000000142 ENSG00000166396 	 0 	 0.1367638 
0000000144 ENSG00000166169 	 0 	 0.08527579 
0000000149 ENSG00000001617 	 0 	 0.2589153 
0000000153 ENSG00000115896 	 0 	 0.001896075 
0000000154 ENSG00000091140 	 0 	 6.152787e-09 
0000000174 ENSG00000099219 	 0 	 0.1405611 
0000000179 ENSG00000165233 	 0 	 0.00832702 
0000000181 ENSG00000139684 	 0 	 0.9687742 
0000000184 ENSG00000175787 	 0 	 0.008542877 
0000000185 ENSG00000068354 	 0 	 0.08264579 
0000000190 ENSG00000092036 	 0 	 0.1100858 
0000000191 ENSG00000196730 	 0 	 0.175189 
0000000192 ENSG00000182858 	 0 	 0.0002627289 
0000000193 ENSG00000078070 	 0 	 0.01933188 
0000000198 ENSG00000123219 	 0 	 0.1391624 
0000000200 ENSG00000159692 	 0 	 0.01217489 
0000000202 ENSG00000143257 	 0 	 0.1697511 
0000000203 ENSG00000075539 	 0 	 0.131126 
0000000204 ENSG00000184672 	 0 	 0.009375434 
0000000206 ENSG00000010404 	 0 	 0.1341122 
0000000213 ENSG00000182704 	 0 	 0.4050668 
0000000215 ENSG00000173137 	 0 	 0.03655332 
0000000220 ENSG00000170325 	 0 	 0.1094188 
0000000222 ENSG00000168010 	 0 	 0.13235 
0000000225 ENSG00000248098 	 0 	 0.0002395116 
0000000227 ENSG00000160602 	 0 	 0.5543827 
0000000230 ENSG00000161642 	 0 	 0.1935848 
0000000232 ENSG00000170345 	 0 	 0.05033903 
0000000233 ENSG00000140519 	 0 	 0.7346323 
0000000234 ENSG00000100897 	 0 	 0.000180855 
0000000240 ENSG00000108370 	 0 	 0.03849775 
0000000242 ENSG00000116044 	 0 	 0.1467765 
0000000243 ENSG00000251247 	 0 	 0.01029468 
0000000246 ENSG00000152229 	 0 	 0.00134065 
0000000251 ENSG00000196214 	 0 	 0.1352121 
0000000252 ENSG00000104883 	 0 	 0.0019521 
0000000254 ENSG00000198131 	 0 	 0.003675789 
