# Prediction results for:	 GO:0002292 
# Model used:	 group_lasso 
# ROC AUC score:	 0.5138889 
# All tissues were included
# Best penalty parameter (CV): 1.611768 
# tissue	 1 	 5 
# tissue	 2 	 5 
# tissue	 3 	 5 
# tissue	 4 	 5 
# tissue	 5 	 5 
# tissue	 6 	 5 
# tissue	 7 	 5 
# tissue	 8 	 5 
# tissue	 9 	 5 
# tissue	 10 	 5 
# tissue	 11 	 5 
# tissue	 12 	 5 
# tissue	 13 	 5 
# tissue	 14 	 5 
# tissue	 15 	 5 
# tissue	 16 	 5 
# tissue	 17 	 5 
# tissue	 18 	 5 
# tissue	 19 	 5 
# tissue	 20 	 5 
# tissue	 21 	 5 
# tissue	 22 	 5 
# tissue	 23 	 5 
# tissue	 24 	 5 
# tissue	 25 	 5 
# tissue	 26 	 5 
# tissue	 27 	 5 
# tissue	 28 	 5 
# tissue	 29 	 5 
# tissue	 30 	 5 
# tissue	 31 	 5 
# tissue	 32 	 5 
# tissue	 33 	 5 
# tissue	 34 	 5 
# tissue	 35 	 5 
# tissue	 36 	 5 
# tissue	 37 	 5 
# tissue	 38 	 5 
# tissue	 39 	 5 
# tissue	 40 	 5 
# tissue	 41 	 5 
# tissue	 42 	 5 
# tissue	 43 	 5 
# tissue	 44 	 5 
# tissue	 45 	 5 
# tissue	 46 	 5 
# tissue	 47 	 5 
# tissue	 48 	 5 
# tissue	 49 	 5 
# tissue	 50 	 5 
# tissue	 51 	 5 
# tissue	 52 	 5 
# tissue	 53 	 5 
# Coefficients:
1 	 0 
1 	 0 
1 	 0 
1 	 0 
1 	 0 
2 	 0 
2 	 0 
2 	 0 
2 	 0 
2 	 0 
3 	 0 
3 	 0 
3 	 0 
3 	 0 
3 	 0 
4 	 0 
4 	 0 
4 	 0 
4 	 0 
4 	 0 
5 	 0 
5 	 0 
5 	 0 
5 	 0 
5 	 0 
6 	 0 
6 	 0 
6 	 0 
6 	 0 
6 	 0 
7 	 0 
7 	 0 
7 	 0 
7 	 0 
7 	 0 
8 	 0 
8 	 0 
8 	 0 
8 	 0 
8 	 0 
9 	 0 
9 	 0 
9 	 0 
9 	 0 
9 	 0 
10 	 0 
10 	 0 
10 	 0 
10 	 0 
10 	 0 
11 	 0 
11 	 0 
11 	 0 
11 	 0 
11 	 0 
12 	 0 
12 	 0 
12 	 0 
12 	 0 
12 	 0 
13 	 -0.003104091 
13 	 -0.06580578 
13 	 -0.1438228 
13 	 0.06495565 
13 	 -0.2986526 
14 	 0 
14 	 0 
14 	 0 
14 	 0 
14 	 0 
15 	 0.001684627 
15 	 0.02636863 
15 	 -0.2016747 
15 	 -0.1094574 
15 	 0.009392925 
16 	 0 
16 	 0 
16 	 0 
16 	 0 
16 	 0 
17 	 0 
17 	 0 
17 	 0 
17 	 0 
17 	 0 
18 	 0 
18 	 0 
18 	 0 
18 	 0 
18 	 0 
19 	 0 
19 	 0 
19 	 0 
19 	 0 
19 	 0 
20 	 0 
20 	 0 
20 	 0 
20 	 0 
20 	 0 
21 	 0 
21 	 0 
21 	 0 
21 	 0 
21 	 0 
22 	 0 
22 	 0 
22 	 0 
22 	 0 
22 	 0 
23 	 0 
23 	 0 
23 	 0 
23 	 0 
23 	 0 
24 	 0 
24 	 0 
24 	 0 
24 	 0 
24 	 0 
25 	 0 
25 	 0 
25 	 0 
25 	 0 
25 	 0 
26 	 0 
26 	 0 
26 	 0 
26 	 0 
26 	 0 
27 	 0 
27 	 0 
27 	 0 
27 	 0 
27 	 0 
28 	 0 
28 	 0 
28 	 0 
28 	 0 
28 	 0 
29 	 0 
29 	 0 
29 	 0 
29 	 0 
29 	 0 
30 	 0 
30 	 0 
30 	 0 
30 	 0 
30 	 0 
31 	 0 
31 	 0 
31 	 0 
31 	 0 
31 	 0 
32 	 0.009607603 
32 	 -0.09330168 
32 	 0.02353302 
32 	 0.1006842 
32 	 0.1646462 
33 	 0 
33 	 0 
33 	 0 
33 	 0 
33 	 0 
34 	 0 
34 	 0 
34 	 0 
34 	 0 
34 	 0 
35 	 0 
35 	 0 
35 	 0 
35 	 0 
35 	 0 
36 	 0 
36 	 0 
36 	 0 
36 	 0 
36 	 0 
37 	 0 
37 	 0 
37 	 0 
37 	 0 
37 	 0 
38 	 0 
38 	 0 
38 	 0 
38 	 0 
38 	 0 
39 	 0.008743965 
39 	 0.09219135 
39 	 -0.06644573 
39 	 -0.639945 
39 	 -0.3745969 
40 	 0 
40 	 0 
40 	 0 
40 	 0 
40 	 0 
41 	 0 
41 	 0 
41 	 0 
41 	 0 
41 	 0 
42 	 0 
42 	 0 
42 	 0 
42 	 0 
42 	 0 
43 	 0 
43 	 0 
43 	 0 
43 	 0 
43 	 0 
44 	 0 
44 	 0 
44 	 0 
44 	 0 
44 	 0 
45 	 0 
45 	 0 
45 	 0 
45 	 0 
45 	 0 
46 	 0 
46 	 0 
46 	 0 
46 	 0 
46 	 0 
47 	 0 
47 	 0 
47 	 0 
47 	 0 
47 	 0 
48 	 0 
48 	 0 
48 	 0 
48 	 0 
48 	 0 
49 	 -0.0007142163 
49 	 0.002652028 
49 	 0.002738066 
49 	 0.04865488 
49 	 0.09034656 
50 	 0 
50 	 0 
50 	 0 
50 	 0 
50 	 0 
51 	 0 
51 	 0 
51 	 0 
51 	 0 
51 	 0 
52 	 0 
52 	 0 
52 	 0 
52 	 0 
52 	 0 
53 	 0 
53 	 0 
53 	 0 
53 	 0 
53 	 0 
# Gene ID	Label	Prediction
0000000004 ENSG00000069667 	 1 	 0.1903425 
0000000006 ENSG00000156127 	 1 	 0.2220517 
0000000008 ENSG00000163508 	 1 	 0.1779793 
0000000009 ENSG00000171522 	 1 	 0.1596481 
0000000010 ENSG00000197410 	 0 	 0.1919411 
0000000014 ENSG00000104067 	 0 	 0.1484362 
0000000016 ENSG00000203705 	 0 	 0.1925558 
0000000017 ENSG00000107882 	 0 	 0.1138528 
0000000018 ENSG00000075073 	 0 	 0.2538067 
0000000020 ENSG00000130948 	 0 	 0.1233988 
0000000025 ENSG00000213889 	 0 	 0.187349 
0000000026 ENSG00000006607 	 0 	 0.2119132 
0000000027 ENSG00000127564 	 0 	 0.0280472 
0000000031 ENSG00000157765 	 0 	 0.1904229 
0000000033 ENSG00000138696 	 0 	 0.150406 
0000000037 ENSG00000165819 	 0 	 0.07067683 
0000000041 ENSG00000069966 	 0 	 0.1960179 
0000000045 ENSG00000099875 	 0 	 0.05565811 
