# Prediction results for:	 GO:0045580 
# Model used:	 group_lasso 
# ROC AUC score:	 0.5515193 
# All tissues were included
# Best penalty parameter (CV): 4.439859 
# tissue	 1 	 5 
# tissue	 2 	 5 
# tissue	 3 	 5 
# tissue	 4 	 5 
# tissue	 5 	 5 
# tissue	 6 	 5 
# tissue	 7 	 5 
# tissue	 8 	 5 
# tissue	 9 	 5 
# tissue	 10 	 5 
# tissue	 11 	 5 
# tissue	 12 	 5 
# tissue	 13 	 5 
# tissue	 14 	 5 
# tissue	 15 	 5 
# tissue	 16 	 5 
# tissue	 17 	 5 
# tissue	 18 	 5 
# tissue	 19 	 5 
# tissue	 20 	 5 
# tissue	 21 	 5 
# tissue	 22 	 5 
# tissue	 23 	 5 
# tissue	 24 	 5 
# tissue	 25 	 5 
# tissue	 26 	 5 
# tissue	 27 	 5 
# tissue	 28 	 5 
# tissue	 29 	 5 
# tissue	 30 	 5 
# tissue	 31 	 5 
# tissue	 32 	 5 
# tissue	 33 	 5 
# tissue	 34 	 5 
# tissue	 35 	 5 
# tissue	 36 	 5 
# tissue	 37 	 5 
# tissue	 38 	 5 
# tissue	 39 	 5 
# tissue	 40 	 5 
# tissue	 41 	 5 
# tissue	 42 	 5 
# tissue	 43 	 5 
# tissue	 44 	 5 
# tissue	 45 	 5 
# tissue	 46 	 5 
# tissue	 47 	 5 
# tissue	 48 	 5 
# tissue	 49 	 5 
# tissue	 50 	 5 
# tissue	 51 	 5 
# tissue	 52 	 5 
# tissue	 53 	 5 
# Coefficients:
1 	 0 
1 	 0 
1 	 0 
1 	 0 
1 	 0 
2 	 0 
2 	 0 
2 	 0 
2 	 0 
2 	 0 
3 	 0 
3 	 0 
3 	 0 
3 	 0 
3 	 0 
4 	 0 
4 	 0 
4 	 0 
4 	 0 
4 	 0 
5 	 0 
5 	 0 
5 	 0 
5 	 0 
5 	 0 
6 	 0 
6 	 0 
6 	 0 
6 	 0 
6 	 0 
7 	 0 
7 	 0 
7 	 0 
7 	 0 
7 	 0 
8 	 0.001659485 
8 	 -0.03339022 
8 	 0.02103829 
8 	 -0.0317647 
8 	 0.02519821 
9 	 0 
9 	 0 
9 	 0 
9 	 0 
9 	 0 
10 	 0 
10 	 0 
10 	 0 
10 	 0 
10 	 0 
11 	 0.0126997 
11 	 0.1438073 
11 	 0.03903977 
11 	 -0.2092284 
11 	 0.09529574 
12 	 0 
12 	 0 
12 	 0 
12 	 0 
12 	 0 
13 	 0 
13 	 0 
13 	 0 
13 	 0 
13 	 0 
14 	 0 
14 	 0 
14 	 0 
14 	 0 
14 	 0 
15 	 -0.004555352 
15 	 -0.01079729 
15 	 -0.1437769 
15 	 0.06184829 
15 	 0.03449519 
16 	 0 
16 	 0 
16 	 0 
16 	 0 
16 	 0 
17 	 0 
17 	 0 
17 	 0 
17 	 0 
17 	 0 
18 	 0 
18 	 0 
18 	 0 
18 	 0 
18 	 0 
19 	 0.000425826 
19 	 -0.00762184 
19 	 -0.07310304 
19 	 -0.0917505 
19 	 -0.07393842 
20 	 0 
20 	 0 
20 	 0 
20 	 0 
20 	 0 
21 	 0 
21 	 0 
21 	 0 
21 	 0 
21 	 0 
22 	 0 
22 	 0 
22 	 0 
22 	 0 
22 	 0 
23 	 0 
23 	 0 
23 	 0 
23 	 0 
23 	 0 
24 	 0 
24 	 0 
24 	 0 
24 	 0 
24 	 0 
25 	 0 
25 	 0 
25 	 0 
25 	 0 
25 	 0 
26 	 0 
26 	 0 
26 	 0 
26 	 0 
26 	 0 
27 	 0 
27 	 0 
27 	 0 
27 	 0 
27 	 0 
28 	 0 
28 	 0 
28 	 0 
28 	 0 
28 	 0 
29 	 0 
29 	 0 
29 	 0 
29 	 0 
29 	 0 
30 	 0 
30 	 0 
30 	 0 
30 	 0 
30 	 0 
31 	 0 
31 	 0 
31 	 0 
31 	 0 
31 	 0 
32 	 0 
32 	 0 
32 	 0 
32 	 0 
32 	 0 
33 	 0 
33 	 0 
33 	 0 
33 	 0 
33 	 0 
34 	 -0.0004997258 
34 	 -0.01714945 
34 	 0.09687968 
34 	 0.01829491 
34 	 0.07848099 
35 	 0.003560616 
35 	 -0.008222621 
35 	 -0.2168029 
35 	 -0.420812 
35 	 -0.230541 
36 	 0 
36 	 0 
36 	 0 
36 	 0 
36 	 0 
37 	 0.001478078 
37 	 -0.1912304 
37 	 -0.5547959 
37 	 -0.02968464 
37 	 0.2503706 
38 	 0 
38 	 0 
38 	 0 
38 	 0 
38 	 0 
39 	 0 
39 	 0 
39 	 0 
39 	 0 
39 	 0 
40 	 0 
40 	 0 
40 	 0 
40 	 0 
40 	 0 
41 	 0 
41 	 0 
41 	 0 
41 	 0 
41 	 0 
42 	 0 
42 	 0 
42 	 0 
42 	 0 
42 	 0 
43 	 0 
43 	 0 
43 	 0 
43 	 0 
43 	 0 
44 	 0 
44 	 0 
44 	 0 
44 	 0 
44 	 0 
45 	 -0.000668532 
45 	 -0.01919454 
45 	 0.06219452 
45 	 -0.0126603 
45 	 0.04038952 
46 	 0 
46 	 0 
46 	 0 
46 	 0 
46 	 0 
47 	 -0.0008223747 
47 	 0.1034636 
47 	 0.1177744 
47 	 0.07761217 
47 	 0.1939521 
48 	 0 
48 	 0 
48 	 0 
48 	 0 
48 	 0 
49 	 -0.003072172 
49 	 0.00560055 
49 	 0.01494155 
49 	 0.0164781 
49 	 -0.02421586 
50 	 0 
50 	 0 
50 	 0 
50 	 0 
50 	 0 
51 	 0 
51 	 0 
51 	 0 
51 	 0 
51 	 0 
52 	 0 
52 	 0 
52 	 0 
52 	 0 
52 	 0 
53 	 0 
53 	 0 
53 	 0 
53 	 0 
53 	 0 
# Gene ID	Label	Prediction
0000000003 ENSG00000100219 	 1 	 0.2056356 
0000000004 ENSG00000110944 	 1 	 0.2507467 
0000000007 ENSG00000113520 	 1 	 0.1929794 
0000000008 ENSG00000125347 	 1 	 0.3487965 
0000000010 ENSG00000125657 	 1 	 0.4170928 
0000000011 ENSG00000131759 	 1 	 0.2688888 
0000000014 ENSG00000135870 	 1 	 0.1099434 
0000000018 ENSG00000115085 	 1 	 0.8705499 
0000000019 ENSG00000142168 	 1 	 0.1458746 
0000000025 ENSG00000163513 	 1 	 0.3661202 
0000000026 ENSG00000163599 	 1 	 0.1719268 
0000000027 ENSG00000164690 	 1 	 0.1811215 
0000000039 ENSG00000117335 	 1 	 0.2016244 
0000000044 ENSG00000104853 	 1 	 0.1564884 
0000000049 ENSG00000126804 	 1 	 0.2942167 
0000000051 ENSG00000198805 	 1 	 0.1907676 
0000000054 ENSG00000101882 	 1 	 0.1148396 
0000000055 ENSG00000049768 	 1 	 0.1646949 
0000000003 ENSG00000041988 	 0 	 0.1335404 
0000000004 ENSG00000107819 	 0 	 0.2488953 
0000000006 ENSG00000122862 	 0 	 0.6477501 
0000000008 ENSG00000130305 	 0 	 0.2734089 
0000000009 ENSG00000130856 	 0 	 0.1931034 
0000000011 ENSG00000134748 	 0 	 0.1381632 
0000000014 ENSG00000055044 	 0 	 0.06081669 
0000000016 ENSG00000106013 	 0 	 0.1675383 
0000000019 ENSG00000139636 	 0 	 0.1405477 
0000000021 ENSG00000141985 	 0 	 0.07751268 
0000000022 ENSG00000142686 	 0 	 0.07384154 
0000000029 ENSG00000240771 	 0 	 0.2429552 
0000000032 ENSG00000165966 	 0 	 0.1527244 
0000000038 ENSG00000171121 	 0 	 0.07720265 
0000000039 ENSG00000215853 	 0 	 0.1662472 
0000000041 ENSG00000178567 	 0 	 0.09351459 
0000000048 ENSG00000185896 	 0 	 0.1430864 
0000000054 ENSG00000148219 	 0 	 0.616081 
0000000062 ENSG00000108828 	 0 	 0.2050494 
0000000072 ENSG00000134452 	 0 	 0.09654134 
0000000073 ENSG00000143653 	 0 	 0.08532186 
0000000079 ENSG00000116750 	 0 	 0.1513662 
0000000080 ENSG00000102312 	 0 	 0.2775601 
0000000082 ENSG00000101928 	 0 	 0.1662812 
0000000084 ENSG00000181090 	 0 	 0.1768058 
0000000086 ENSG00000168734 	 0 	 0.2225594 
0000000091 ENSG00000119514 	 0 	 0.4688437 
0000000092 ENSG00000116809 	 0 	 0.1601986 
0000000096 ENSG00000123131 	 0 	 0.1096083 
0000000098 ENSG00000125144 	 0 	 0.2010151 
0000000099 ENSG00000147862 	 0 	 0.1652995 
0000000100 ENSG00000205777 	 0 	 0.1647748 
0000000101 ENSG00000125826 	 0 	 0.1305136 
0000000102 ENSG00000157954 	 0 	 0.1304898 
0000000104 ENSG00000163412 	 0 	 0.09885824 
0000000105 ENSG00000137497 	 0 	 0.1333328 
0000000106 ENSG00000198963 	 0 	 0.1450974 
0000000108 ENSG00000196588 	 0 	 0.1632473 
0000000110 ENSG00000126759 	 0 	 0.5026214 
0000000112 ENSG00000134046 	 0 	 0.1694423 
0000000116 ENSG00000107566 	 0 	 0.4689162 
0000000118 ENSG00000135636 	 0 	 0.1613433 
0000000122 ENSG00000153234 	 0 	 0.1423715 
0000000125 ENSG00000183283 	 0 	 0.2286253 
0000000127 ENSG00000058091 	 0 	 0.1591603 
0000000128 ENSG00000023228 	 0 	 0.09800393 
0000000130 ENSG00000130822 	 0 	 0.1260773 
0000000132 ENSG00000134762 	 0 	 0.1646523 
0000000133 ENSG00000176358 	 0 	 0.1788401 
0000000134 ENSG00000007237 	 0 	 0.1682796 
0000000142 ENSG00000251692 	 0 	 0.167191 
0000000144 ENSG00000119782 	 0 	 0.1817833 
0000000149 ENSG00000102547 	 0 	 0.1690549 
0000000153 ENSG00000119314 	 0 	 0.2133476 
0000000154 ENSG00000151150 	 0 	 0.1221106 
0000000174 ENSG00000227140 	 0 	 0.1640525 
0000000179 ENSG00000070190 	 0 	 0.2178891 
0000000181 ENSG00000147465 	 0 	 0.1792089 
0000000184 ENSG00000137747 	 0 	 0.1659335 
0000000185 ENSG00000149150 	 0 	 0.1525322 
0000000190 ENSG00000166407 	 0 	 0.1466384 
0000000191 ENSG00000157613 	 0 	 0.174239 
0000000192 ENSG00000048540 	 0 	 0.1648129 
0000000193 ENSG00000076770 	 0 	 0.1716354 
0000000198 ENSG00000166535 	 0 	 0.1726589 
0000000200 ENSG00000257103 	 0 	 0.4588088 
0000000202 ENSG00000139194 	 0 	 0.2533113 
0000000203 ENSG00000151490 	 0 	 0.1113025 
0000000204 ENSG00000082397 	 0 	 0.1396175 
0000000206 ENSG00000197111 	 0 	 0.094878 
0000000213 ENSG00000186297 	 0 	 0.1647018 
0000000215 ENSG00000087299 	 0 	 0.1638931 
0000000220 ENSG00000086666 	 0 	 0.1647018 
0000000222 ENSG00000166747 	 0 	 0.1658753 
0000000225 ENSG00000140905 	 0 	 0.181365 
0000000227 ENSG00000140968 	 0 	 0.4163001 
0000000230 ENSG00000108433 	 0 	 0.09824369 
0000000232 ENSG00000103363 	 0 	 0.06266399 
0000000233 ENSG00000179314 	 0 	 0.1606109 
0000000234 ENSG00000161905 	 0 	 0.1657839 
0000000240 ENSG00000167685 	 0 	 0.1646064 
0000000242 ENSG00000198453 	 0 	 0.1520799 
0000000243 ENSG00000198858 	 0 	 0.07384701 
0000000246 ENSG00000141431 	 0 	 0.1646749 
0000000251 ENSG00000172175 	 0 	 0.1685079 
0000000252 ENSG00000131482 	 0 	 0.1632089 
0000000254 ENSG00000167766 	 0 	 0.1120117 
