# Prediction results for:	 GO:0046634 
# Model used:	 group_lasso 
# ROC AUC score:	 0.5862842 
# All tissues were included
# Best penalty parameter (CV): 4.974026 
# tissue	 1 	 5 
# tissue	 2 	 5 
# tissue	 3 	 5 
# tissue	 4 	 5 
# tissue	 5 	 5 
# tissue	 6 	 5 
# tissue	 7 	 5 
# tissue	 8 	 5 
# tissue	 9 	 5 
# tissue	 10 	 5 
# tissue	 11 	 5 
# tissue	 12 	 5 
# tissue	 13 	 5 
# tissue	 14 	 5 
# tissue	 15 	 5 
# tissue	 16 	 5 
# tissue	 17 	 5 
# tissue	 18 	 5 
# tissue	 19 	 5 
# tissue	 20 	 5 
# tissue	 21 	 5 
# tissue	 22 	 5 
# tissue	 23 	 5 
# tissue	 24 	 5 
# tissue	 25 	 5 
# tissue	 26 	 5 
# tissue	 27 	 5 
# tissue	 28 	 5 
# tissue	 29 	 5 
# tissue	 30 	 5 
# tissue	 31 	 5 
# tissue	 32 	 5 
# tissue	 33 	 5 
# tissue	 34 	 5 
# tissue	 35 	 5 
# tissue	 36 	 5 
# tissue	 37 	 5 
# tissue	 38 	 5 
# tissue	 39 	 5 
# tissue	 40 	 5 
# tissue	 41 	 5 
# tissue	 42 	 5 
# tissue	 43 	 5 
# tissue	 44 	 5 
# tissue	 45 	 5 
# tissue	 46 	 5 
# tissue	 47 	 5 
# tissue	 48 	 5 
# tissue	 49 	 5 
# tissue	 50 	 5 
# tissue	 51 	 5 
# tissue	 52 	 5 
# tissue	 53 	 5 
# Coefficients:
1 	 0 
1 	 0 
1 	 0 
1 	 0 
1 	 0 
2 	 0 
2 	 0 
2 	 0 
2 	 0 
2 	 0 
3 	 0 
3 	 0 
3 	 0 
3 	 0 
3 	 0 
4 	 0 
4 	 0 
4 	 0 
4 	 0 
4 	 0 
5 	 0 
5 	 0 
5 	 0 
5 	 0 
5 	 0 
6 	 0 
6 	 0 
6 	 0 
6 	 0 
6 	 0 
7 	 0 
7 	 0 
7 	 0 
7 	 0 
7 	 0 
8 	 0 
8 	 0 
8 	 0 
8 	 0 
8 	 0 
9 	 0 
9 	 0 
9 	 0 
9 	 0 
9 	 0 
10 	 0 
10 	 0 
10 	 0 
10 	 0 
10 	 0 
11 	 0 
11 	 0 
11 	 0 
11 	 0 
11 	 0 
12 	 4.09086e-05 
12 	 -0.0003085687 
12 	 0.0007677209 
12 	 -0.0009994597 
12 	 -0.0008820112 
13 	 0 
13 	 0 
13 	 0 
13 	 0 
13 	 0 
14 	 0 
14 	 0 
14 	 0 
14 	 0 
14 	 0 
15 	 0 
15 	 0 
15 	 0 
15 	 0 
15 	 0 
16 	 0 
16 	 0 
16 	 0 
16 	 0 
16 	 0 
17 	 0 
17 	 0 
17 	 0 
17 	 0 
17 	 0 
18 	 0 
18 	 0 
18 	 0 
18 	 0 
18 	 0 
19 	 0 
19 	 0 
19 	 0 
19 	 0 
19 	 0 
20 	 0 
20 	 0 
20 	 0 
20 	 0 
20 	 0 
21 	 0 
21 	 0 
21 	 0 
21 	 0 
21 	 0 
22 	 0 
22 	 0 
22 	 0 
22 	 0 
22 	 0 
23 	 0 
23 	 0 
23 	 0 
23 	 0 
23 	 0 
24 	 0 
24 	 0 
24 	 0 
24 	 0 
24 	 0 
25 	 0 
25 	 0 
25 	 0 
25 	 0 
25 	 0 
26 	 2.92531e-05 
26 	 0.0004408151 
26 	 -0.001507731 
26 	 -0.0002800842 
26 	 -0.001154 
27 	 0 
27 	 0 
27 	 0 
27 	 0 
27 	 0 
28 	 0 
28 	 0 
28 	 0 
28 	 0 
28 	 0 
29 	 0 
29 	 0 
29 	 0 
29 	 0 
29 	 0 
30 	 0 
30 	 0 
30 	 0 
30 	 0 
30 	 0 
31 	 0 
31 	 0 
31 	 0 
31 	 0 
31 	 0 
32 	 0 
32 	 0 
32 	 0 
32 	 0 
32 	 0 
33 	 0 
33 	 0 
33 	 0 
33 	 0 
33 	 0 
34 	 0.0002129519 
34 	 0.02154949 
34 	 0.0005087462 
34 	 0.003978743 
34 	 0.03586648 
35 	 -0.000611797 
35 	 -0.02075399 
35 	 -0.05821183 
35 	 -0.08813837 
35 	 0.0234876 
36 	 0 
36 	 0 
36 	 0 
36 	 0 
36 	 0 
37 	 0.007075236 
37 	 -0.1707563 
37 	 -0.08672403 
37 	 -0.1423133 
37 	 -0.2284461 
38 	 0 
38 	 0 
38 	 0 
38 	 0 
38 	 0 
39 	 0 
39 	 0 
39 	 0 
39 	 0 
39 	 0 
40 	 0 
40 	 0 
40 	 0 
40 	 0 
40 	 0 
41 	 -0.005929377 
41 	 0.005712598 
41 	 0.09298947 
41 	 0.001222892 
41 	 -0.06918167 
42 	 0 
42 	 0 
42 	 0 
42 	 0 
42 	 0 
43 	 0.001443117 
43 	 0.01631719 
43 	 0.04055749 
43 	 -0.5375415 
43 	 0.1585991 
44 	 0 
44 	 0 
44 	 0 
44 	 0 
44 	 0 
45 	 0 
45 	 0 
45 	 0 
45 	 0 
45 	 0 
46 	 0 
46 	 0 
46 	 0 
46 	 0 
46 	 0 
47 	 0 
47 	 0 
47 	 0 
47 	 0 
47 	 0 
48 	 0 
48 	 0 
48 	 0 
48 	 0 
48 	 0 
49 	 -0.0004943318 
49 	 0.0007245806 
49 	 0.006876099 
49 	 0.003365066 
49 	 0.002613419 
50 	 0 
50 	 0 
50 	 0 
50 	 0 
50 	 0 
51 	 0 
51 	 0 
51 	 0 
51 	 0 
51 	 0 
52 	 0 
52 	 0 
52 	 0 
52 	 0 
52 	 0 
53 	 0 
53 	 0 
53 	 0 
53 	 0 
53 	 0 
# Gene ID	Label	Prediction
0000000003 ENSG00000105246 	 1 	 0.7946638 
0000000008 ENSG00000131759 	 1 	 0.3022277 
0000000010 ENSG00000135870 	 1 	 0.1587027 
0000000013 ENSG00000114013 	 1 	 0.1534682 
0000000014 ENSG00000115085 	 1 	 0.7326182 
0000000022 ENSG00000168961 	 1 	 0.1342793 
0000000027 ENSG00000172724 	 1 	 0.9916646 
0000000029 ENSG00000120694 	 1 	 0.1529144 
0000000032 ENSG00000189403 	 1 	 0.1550333 
0000000033 ENSG00000162711 	 1 	 0.2336716 
0000000035 ENSG00000105122 	 1 	 0.6642739 
0000000036 ENSG00000162594 	 1 	 0.135525 
0000000037 ENSG00000197272 	 1 	 0.1604019 
0000000039 ENSG00000143184 	 1 	 0.2061228 
0000000044 ENSG00000067606 	 1 	 0.115793 
0000000006 ENSG00000101400 	 0 	 0.06479198 
0000000008 ENSG00000108587 	 0 	 0.09543908 
0000000011 ENSG00000112146 	 0 	 0.07384237 
0000000014 ENSG00000134516 	 0 	 0.8122603 
0000000018 ENSG00000105058 	 0 	 0.09912264 
0000000019 ENSG00000139914 	 0 	 0.1327716 
0000000022 ENSG00000153561 	 0 	 0.1063358 
0000000025 ENSG00000259431 	 0 	 0.1712054 
0000000030 ENSG00000100731 	 0 	 0.2340892 
0000000032 ENSG00000174136 	 0 	 0.05747885 
0000000033 ENSG00000138674 	 0 	 0.1277529 
0000000034 ENSG00000165406 	 0 	 0.1339105 
0000000038 ENSG00000135439 	 0 	 0.1414983 
0000000047 ENSG00000166734 	 0 	 0.1262164 
0000000051 ENSG00000102312 	 0 	 0.1348691 
0000000054 ENSG00000101150 	 0 	 0.2429092 
0000000055 ENSG00000163218 	 0 	 0.1410445 
0000000057 ENSG00000170633 	 0 	 0.1762437 
0000000062 ENSG00000112394 	 0 	 0.09474109 
0000000063 ENSG00000143434 	 0 	 0.1437706 
0000000065 ENSG00000162639 	 0 	 0.1932722 
0000000068 ENSG00000171307 	 0 	 0.1722078 
0000000074 ENSG00000127125 	 0 	 0.1532157 
0000000075 ENSG00000204086 	 0 	 0.1485157 
0000000080 ENSG00000205029 	 0 	 0.1339785 
0000000081 ENSG00000164972 	 0 	 0.08468373 
0000000082 ENSG00000147894 	 0 	 0.1339088 
0000000085 ENSG00000242110 	 0 	 0.005430042 
0000000097 ENSG00000154743 	 0 	 0.1463222 
0000000101 ENSG00000132031 	 0 	 0.2628755 
0000000108 ENSG00000177854 	 0 	 0.1337105 
0000000119 ENSG00000031823 	 0 	 0.1050073 
0000000121 ENSG00000132669 	 0 	 0.2834449 
0000000123 ENSG00000137404 	 0 	 0.1175648 
0000000133 ENSG00000182504 	 0 	 0.133896 
0000000137 ENSG00000163376 	 0 	 0.1341493 
0000000138 ENSG00000114757 	 0 	 0.1407324 
0000000139 ENSG00000163354 	 0 	 0.1356113 
0000000143 ENSG00000166347 	 0 	 0.04304076 
0000000145 ENSG00000154447 	 0 	 0.1342818 
0000000147 ENSG00000185305 	 0 	 0.2209559 
0000000149 ENSG00000131508 	 0 	 0.1365929 
0000000150 ENSG00000164291 	 0 	 0.1341614 
0000000151 ENSG00000151292 	 0 	 0.1338953 
0000000152 ENSG00000155011 	 0 	 0.13381 
0000000153 ENSG00000130844 	 0 	 0.1349903 
0000000154 ENSG00000180694 	 0 	 0.1366651 
0000000159 ENSG00000175274 	 0 	 0.133896 
0000000162 ENSG00000187066 	 0 	 0.133896 
0000000164 ENSG00000196655 	 0 	 0.3423688 
0000000165 ENSG00000070985 	 0 	 0.1336366 
0000000167 ENSG00000111325 	 0 	 0.148848 
0000000168 ENSG00000079462 	 0 	 0.1249429 
0000000171 ENSG00000066427 	 0 	 0.1310564 
0000000174 ENSG00000183283 	 0 	 0.1339515 
0000000176 ENSG00000133858 	 0 	 0.1580325 
0000000177 ENSG00000111666 	 0 	 0.1196675 
0000000178 ENSG00000188488 	 0 	 0.1255626 
0000000180 ENSG00000129473 	 0 	 0.1308708 
0000000181 ENSG00000074803 	 0 	 0.133896 
0000000183 ENSG00000140506 	 0 	 0.1222307 
0000000186 ENSG00000185527 	 0 	 0.1344063 
0000000187 ENSG00000262246 	 0 	 0.1337052 
0000000195 ENSG00000006125 	 0 	 0.133896 
