# Prediction results for:	 GO:0030097 
# Model used:	 group_lasso 
# ROC AUC score:	 0.5788608 
# All tissues were included
# Best penalty parameter (CV): 0.4258721 
# tissue	 1 	 5 
# tissue	 2 	 5 
# tissue	 3 	 5 
# tissue	 4 	 5 
# tissue	 5 	 5 
# tissue	 6 	 5 
# tissue	 7 	 5 
# tissue	 8 	 5 
# tissue	 9 	 5 
# tissue	 10 	 5 
# tissue	 11 	 5 
# tissue	 12 	 5 
# tissue	 13 	 5 
# tissue	 14 	 5 
# tissue	 15 	 5 
# tissue	 16 	 5 
# tissue	 17 	 5 
# tissue	 18 	 5 
# tissue	 19 	 5 
# tissue	 20 	 5 
# tissue	 21 	 5 
# tissue	 22 	 5 
# tissue	 23 	 5 
# tissue	 24 	 5 
# tissue	 25 	 5 
# tissue	 26 	 5 
# tissue	 27 	 5 
# tissue	 28 	 5 
# tissue	 29 	 5 
# tissue	 30 	 5 
# tissue	 31 	 5 
# tissue	 32 	 5 
# tissue	 33 	 5 
# tissue	 34 	 5 
# tissue	 35 	 5 
# tissue	 36 	 5 
# tissue	 37 	 5 
# tissue	 38 	 5 
# tissue	 39 	 5 
# tissue	 40 	 5 
# tissue	 41 	 5 
# tissue	 42 	 5 
# tissue	 43 	 5 
# tissue	 44 	 5 
# tissue	 45 	 5 
# tissue	 46 	 5 
# tissue	 47 	 5 
# tissue	 48 	 5 
# tissue	 49 	 5 
# tissue	 50 	 5 
# tissue	 51 	 5 
# tissue	 52 	 5 
# tissue	 53 	 5 
# Coefficients:
1 	 0 
1 	 0 
1 	 0 
1 	 0 
1 	 0 
2 	 0 
2 	 0 
2 	 0 
2 	 0 
2 	 0 
3 	 -0.009869996 
3 	 0.228418 
3 	 -0.8407014 
3 	 -1.014044 
3 	 -0.7769093 
4 	 0 
4 	 0 
4 	 0 
4 	 0 
4 	 0 
5 	 0.003724083 
5 	 0.1013847 
5 	 -0.1981161 
5 	 0.08855591 
5 	 0.8556625 
6 	 0 
6 	 0 
6 	 0 
6 	 0 
6 	 0 
7 	 7.126227e-05 
7 	 -0.05158632 
7 	 0.009777439 
7 	 0.02903206 
7 	 0.05923602 
8 	 -0.001912002 
8 	 -0.01067523 
8 	 0.09751105 
8 	 -0.0652251 
8 	 0.1435594 
9 	 0 
9 	 0 
9 	 0 
9 	 0 
9 	 0 
10 	 0 
10 	 0 
10 	 0 
10 	 0 
10 	 0 
11 	 -0.005065768 
11 	 -0.006007488 
11 	 0.03310409 
11 	 0.072225 
11 	 -0.5897797 
12 	 0 
12 	 0 
12 	 0 
12 	 0 
12 	 0 
13 	 -0.008471614 
13 	 0.1641278 
13 	 0.07130502 
13 	 -0.7789569 
13 	 1.156088 
14 	 0 
14 	 0 
14 	 0 
14 	 0 
14 	 0 
15 	 -0.02107269 
15 	 0.1453713 
15 	 -0.5367005 
15 	 0.04587926 
15 	 -0.7921124 
16 	 -0.02130617 
16 	 0.001337069 
16 	 -0.4863236 
16 	 -0.7602184 
16 	 0.770513 
17 	 0.08953233 
17 	 0.6844945 
17 	 2.101108 
17 	 1.710628 
17 	 -1.456648 
18 	 0.01574492 
18 	 -0.01253164 
18 	 0.0477322 
18 	 -0.8706325 
18 	 0.01894013 
19 	 0 
19 	 0 
19 	 0 
19 	 0 
19 	 0 
20 	 0 
20 	 0 
20 	 0 
20 	 0 
20 	 0 
21 	 0 
21 	 0 
21 	 0 
21 	 0 
21 	 0 
22 	 -0.0004822542 
22 	 0.143842 
22 	 0.2017897 
22 	 0.4405088 
22 	 0.1976921 
23 	 0 
23 	 0 
23 	 0 
23 	 0 
23 	 0 
24 	 0.002117191 
24 	 -0.1607229 
24 	 0.2658826 
24 	 -0.006329829 
24 	 -0.4139525 
25 	 0.02833209 
25 	 0.5523967 
25 	 -1.493985 
25 	 1.681634 
25 	 -0.1187068 
26 	 0 
26 	 0 
26 	 0 
26 	 0 
26 	 0 
27 	 0 
27 	 0 
27 	 0 
27 	 0 
27 	 0 
28 	 0 
28 	 0 
28 	 0 
28 	 0 
28 	 0 
29 	 0.000713429 
29 	 0.02599446 
29 	 -0.07325968 
29 	 0.03004323 
29 	 -0.1031482 
30 	 0 
30 	 0 
30 	 0 
30 	 0 
30 	 0 
31 	 0 
31 	 0 
31 	 0 
31 	 0 
31 	 0 
32 	 0.005541253 
32 	 -0.07709158 
32 	 0.1849814 
32 	 -0.3218913 
32 	 -0.201286 
33 	 0 
33 	 0 
33 	 0 
33 	 0 
33 	 0 
34 	 -0.01261351 
34 	 -0.03002085 
34 	 0.8744171 
34 	 1.32266 
34 	 0.9410411 
35 	 0.004759327 
35 	 0.1896428 
35 	 -0.1228922 
35 	 0.1718222 
35 	 -0.1259767 
36 	 0 
36 	 0 
36 	 0 
36 	 0 
36 	 0 
37 	 0.04930679 
37 	 0.5430131 
37 	 0.2413449 
37 	 -2.011279 
37 	 1.349918 
38 	 0.002032581 
38 	 0.01740228 
38 	 0.2109598 
38 	 0.02793179 
38 	 0.1966951 
39 	 0.004120328 
39 	 0.06424086 
39 	 0.0138786 
39 	 -0.3902798 
39 	 0.009525491 
40 	 0 
40 	 0 
40 	 0 
40 	 0 
40 	 0 
41 	 -0.01224788 
41 	 0.1949532 
41 	 0.3172618 
41 	 0.2808887 
41 	 -0.5842249 
42 	 0 
42 	 0 
42 	 0 
42 	 0 
42 	 0 
43 	 0 
43 	 0 
43 	 0 
43 	 0 
43 	 0 
44 	 0.01451634 
44 	 -0.4664486 
44 	 0.01579945 
44 	 0.2264221 
44 	 -0.1000162 
45 	 0.0009577656 
45 	 0.02354293 
45 	 -0.1218022 
45 	 -0.01774062 
45 	 0.09454796 
46 	 0 
46 	 0 
46 	 0 
46 	 0 
46 	 0 
47 	 -0.002237046 
47 	 0.04975836 
47 	 0.03344586 
47 	 -0.1277852 
47 	 0.08699811 
48 	 0.0005795894 
48 	 -0.01587994 
48 	 0.01537976 
48 	 0.04905392 
48 	 -0.02394505 
49 	 -0.01055013 
49 	 0.1261358 
49 	 0.05745454 
49 	 -0.1226905 
49 	 0.2275014 
50 	 0.02455938 
50 	 -0.02806398 
50 	 -0.5389307 
50 	 -1.427314 
50 	 -1.827001 
51 	 0 
51 	 0 
51 	 0 
51 	 0 
51 	 0 
52 	 0 
52 	 0 
52 	 0 
52 	 0 
52 	 0 
53 	 0 
53 	 0 
53 	 0 
53 	 0 
53 	 0 
# Gene ID	Label	Prediction
0000000003 ENSG00000065883 	 1 	 0.1454675 
0000000008 ENSG00000099875 	 1 	 0.6055146 
0000000009 ENSG00000101384 	 1 	 0.5970635 
0000000012 ENSG00000104903 	 1 	 0.5391865 
0000000013 ENSG00000135535 	 1 	 0.7375728 
0000000021 ENSG00000163565 	 1 	 0.9749658 
0000000025 ENSG00000159216 	 1 	 0.04949055 
0000000028 ENSG00000174059 	 1 	 0.4944215 
0000000031 ENSG00000183072 	 1 	 0.1461775 
0000000033 ENSG00000182512 	 1 	 0.001496772 
0000000034 ENSG00000182866 	 1 	 0.851389 
0000000035 ENSG00000109906 	 1 	 0.1630445 
0000000036 ENSG00000163349 	 1 	 0.08572897 
0000000041 ENSG00000092969 	 1 	 0.3849773 
0000000044 ENSG00000136826 	 1 	 0.9999436 
0000000045 ENSG00000168283 	 1 	 0.8695126 
0000000007 ENSG00000196415 	 0 	 0.9973796 
0000000012 ENSG00000083782 	 0 	 0.09510668 
0000000020 ENSG00000100170 	 0 	 0.0001104523 
0000000022 ENSG00000143368 	 0 	 0.01596744 
0000000023 ENSG00000101335 	 0 	 0.001758489 
0000000026 ENSG00000153292 	 0 	 0.0004212566 
0000000028 ENSG00000163157 	 0 	 0.02327607 
0000000031 ENSG00000204482 	 0 	 0.1566945 
0000000032 ENSG00000172239 	 0 	 0.006889061 
0000000040 ENSG00000168488 	 0 	 0.05276349 
0000000047 ENSG00000154429 	 0 	 0.4324686 
0000000049 ENSG00000185515 	 0 	 0.1843158 
0000000050 ENSG00000156150 	 0 	 0.1217044 
0000000051 ENSG00000172456 	 0 	 0.004764032 
0000000053 ENSG00000182463 	 0 	 0.4703665 
0000000056 ENSG00000173166 	 0 	 0.01659454 
0000000057 ENSG00000204345 	 0 	 0.03213513 
0000000058 ENSG00000068985 	 0 	 0.07978845 
0000000062 ENSG00000204909 	 0 	 0.05410065 
0000000071 ENSG00000068878 	 0 	 0.1027433 
0000000072 ENSG00000211714 	 0 	 0.1493093 
0000000073 ENSG00000166428 	 0 	 0.09750809 
0000000078 ENSG00000165449 	 0 	 0.002060855 
0000000080 ENSG00000087586 	 0 	 0.09107247 
0000000081 ENSG00000182533 	 0 	 0.006275249 
0000000083 ENSG00000160179 	 0 	 0.05308668 
0000000085 ENSG00000091490 	 0 	 0.7770982 
0000000086 ENSG00000215372 	 0 	 0.02970567 
0000000089 ENSG00000242441 	 0 	 0.006230446 
0000000091 ENSG00000168137 	 0 	 0.9984915 
0000000093 ENSG00000135636 	 0 	 0.1314454 
0000000094 ENSG00000115594 	 0 	 0.9965424 
0000000097 ENSG00000127947 	 0 	 0.9894104 
0000000101 ENSG00000134644 	 0 	 0.03099504 
0000000107 ENSG00000250510 	 0 	 0.0004584669 
0000000108 ENSG00000167264 	 0 	 0.005175943 
0000000118 ENSG00000198753 	 0 	 0.4670157 
0000000120 ENSG00000100033 	 0 	 0.07291309 
0000000124 ENSG00000135747 	 0 	 0.05441948 
0000000125 ENSG00000163870 	 0 	 0.05702714 
0000000127 ENSG00000093144 	 0 	 0.7138343 
0000000128 ENSG00000165192 	 0 	 0.04601184 
0000000134 ENSG00000171604 	 0 	 0.00622182 
0000000141 ENSG00000159363 	 0 	 0.06001902 
0000000143 ENSG00000145681 	 0 	 0.05655678 
0000000145 ENSG00000164953 	 0 	 0.06946899 
0000000146 ENSG00000110080 	 0 	 0.7156643 
0000000147 ENSG00000110171 	 0 	 0.02741457 
0000000153 ENSG00000029363 	 0 	 0.3969254 
0000000156 ENSG00000168010 	 0 	 0.05367595 
0000000157 ENSG00000158315 	 0 	 0.0219035 
0000000158 ENSG00000166750 	 0 	 0.9894171 
0000000161 ENSG00000135506 	 0 	 0.04643856 
0000000162 ENSG00000166986 	 0 	 0.09313156 
0000000165 ENSG00000177108 	 0 	 0.04828447 
0000000167 ENSG00000072110 	 0 	 0.5589836 
0000000168 ENSG00000090060 	 0 	 0.03261509 
0000000174 ENSG00000198690 	 0 	 0.07100628 
0000000182 ENSG00000173581 	 0 	 0.00464236 
0000000186 ENSG00000160321 	 0 	 0.0715817 
