# Prediction results for:	 GO:0014706 
# Model used:	 group_lasso 
# ROC AUC score:	 0.5770512 
# All tissues were included
# Best penalty parameter (CV): 4.76959 
# tissue	 1 	 5 
# tissue	 2 	 5 
# tissue	 3 	 5 
# tissue	 4 	 5 
# tissue	 5 	 5 
# tissue	 6 	 5 
# tissue	 7 	 5 
# tissue	 8 	 5 
# tissue	 9 	 5 
# tissue	 10 	 5 
# tissue	 11 	 5 
# tissue	 12 	 5 
# tissue	 13 	 5 
# tissue	 14 	 5 
# tissue	 15 	 5 
# tissue	 16 	 5 
# tissue	 17 	 5 
# tissue	 18 	 5 
# tissue	 19 	 5 
# tissue	 20 	 5 
# tissue	 21 	 5 
# tissue	 22 	 5 
# tissue	 23 	 5 
# tissue	 24 	 5 
# tissue	 25 	 5 
# tissue	 26 	 5 
# tissue	 27 	 5 
# tissue	 28 	 5 
# tissue	 29 	 5 
# tissue	 30 	 5 
# tissue	 31 	 5 
# tissue	 32 	 5 
# tissue	 33 	 5 
# tissue	 34 	 5 
# tissue	 35 	 5 
# tissue	 36 	 5 
# tissue	 37 	 5 
# tissue	 38 	 5 
# tissue	 39 	 5 
# tissue	 40 	 5 
# tissue	 41 	 5 
# tissue	 42 	 5 
# tissue	 43 	 5 
# tissue	 44 	 5 
# tissue	 45 	 5 
# tissue	 46 	 5 
# tissue	 47 	 5 
# tissue	 48 	 5 
# tissue	 49 	 5 
# tissue	 50 	 5 
# tissue	 51 	 5 
# tissue	 52 	 5 
# tissue	 53 	 5 
# Coefficients:
1 	 0 
1 	 0 
1 	 0 
1 	 0 
1 	 0 
2 	 0.000317858 
2 	 0.001068967 
2 	 -0.01763845 
2 	 0.00400798 
2 	 -0.02474602 
3 	 0 
3 	 0 
3 	 0 
3 	 0 
3 	 0 
4 	 0 
4 	 0 
4 	 0 
4 	 0 
4 	 0 
5 	 0 
5 	 0 
5 	 0 
5 	 0 
5 	 0 
6 	 0 
6 	 0 
6 	 0 
6 	 0 
6 	 0 
7 	 0 
7 	 0 
7 	 0 
7 	 0 
7 	 0 
8 	 0 
8 	 0 
8 	 0 
8 	 0 
8 	 0 
9 	 0 
9 	 0 
9 	 0 
9 	 0 
9 	 0 
10 	 0 
10 	 0 
10 	 0 
10 	 0 
10 	 0 
11 	 0 
11 	 0 
11 	 0 
11 	 0 
11 	 0 
12 	 0 
12 	 0 
12 	 0 
12 	 0 
12 	 0 
13 	 0 
13 	 0 
13 	 0 
13 	 0 
13 	 0 
14 	 0.0008008356 
14 	 0.03401026 
14 	 0.03784369 
14 	 0.01815479 
14 	 0.01231819 
15 	 0 
15 	 0 
15 	 0 
15 	 0 
15 	 0 
16 	 0 
16 	 0 
16 	 0 
16 	 0 
16 	 0 
17 	 0 
17 	 0 
17 	 0 
17 	 0 
17 	 0 
18 	 0 
18 	 0 
18 	 0 
18 	 0 
18 	 0 
19 	 0 
19 	 0 
19 	 0 
19 	 0 
19 	 0 
20 	 0 
20 	 0 
20 	 0 
20 	 0 
20 	 0 
21 	 0 
21 	 0 
21 	 0 
21 	 0 
21 	 0 
22 	 0 
22 	 0 
22 	 0 
22 	 0 
22 	 0 
23 	 0 
23 	 0 
23 	 0 
23 	 0 
23 	 0 
24 	 0 
24 	 0 
24 	 0 
24 	 0 
24 	 0 
25 	 0 
25 	 0 
25 	 0 
25 	 0 
25 	 0 
26 	 0 
26 	 0 
26 	 0 
26 	 0 
26 	 0 
27 	 0 
27 	 0 
27 	 0 
27 	 0 
27 	 0 
28 	 0 
28 	 0 
28 	 0 
28 	 0 
28 	 0 
29 	 0 
29 	 0 
29 	 0 
29 	 0 
29 	 0 
30 	 0 
30 	 0 
30 	 0 
30 	 0 
30 	 0 
31 	 0.006915359 
31 	 -0.01467477 
31 	 -0.2438128 
31 	 -0.2031697 
31 	 0.09592139 
32 	 -0.009817233 
32 	 0.02451702 
32 	 0.02767829 
32 	 0.08735076 
32 	 -0.03949322 
33 	 0 
33 	 0 
33 	 0 
33 	 0 
33 	 0 
34 	 0 
34 	 0 
34 	 0 
34 	 0 
34 	 0 
35 	 0 
35 	 0 
35 	 0 
35 	 0 
35 	 0 
36 	 0 
36 	 0 
36 	 0 
36 	 0 
36 	 0 
37 	 0 
37 	 0 
37 	 0 
37 	 0 
37 	 0 
38 	 0 
38 	 0 
38 	 0 
38 	 0 
38 	 0 
39 	 0 
39 	 0 
39 	 0 
39 	 0 
39 	 0 
40 	 0 
40 	 0 
40 	 0 
40 	 0 
40 	 0 
41 	 0 
41 	 0 
41 	 0 
41 	 0 
41 	 0 
42 	 0 
42 	 0 
42 	 0 
42 	 0 
42 	 0 
43 	 0 
43 	 0 
43 	 0 
43 	 0 
43 	 0 
44 	 0 
44 	 0 
44 	 0 
44 	 0 
44 	 0 
45 	 0 
45 	 0 
45 	 0 
45 	 0 
45 	 0 
46 	 0 
46 	 0 
46 	 0 
46 	 0 
46 	 0 
47 	 0 
47 	 0 
47 	 0 
47 	 0 
47 	 0 
48 	 0 
48 	 0 
48 	 0 
48 	 0 
48 	 0 
49 	 0 
49 	 0 
49 	 0 
49 	 0 
49 	 0 
50 	 0 
50 	 0 
50 	 0 
50 	 0 
50 	 0 
51 	 0 
51 	 0 
51 	 0 
51 	 0 
51 	 0 
52 	 0 
52 	 0 
52 	 0 
52 	 0 
52 	 0 
53 	 0 
53 	 0 
53 	 0 
53 	 0 
53 	 0 
# Gene ID	Label	Prediction
0000000003 ENSG00000100625 	 1 	 0.2390033 
0000000007 ENSG00000118526 	 1 	 0.1560314 
0000000008 ENSG00000121068 	 1 	 0.2928205 
0000000013 ENSG00000046604 	 1 	 0.1222837 
0000000014 ENSG00000105357 	 1 	 0.1528257 
0000000016 ENSG00000161021 	 1 	 0.16852 
0000000019 ENSG00000162729 	 1 	 0.1510136 
0000000020 ENSG00000112276 	 1 	 0.4466046 
0000000021 ENSG00000178127 	 1 	 0.2772288 
0000000022 ENSG00000180209 	 1 	 0.9609267 
0000000023 ENSG00000183072 	 1 	 0.2755217 
0000000025 ENSG00000170624 	 1 	 0.1540976 
0000000003 ENSG00000088305 	 0 	 0.1536708 
0000000004 ENSG00000101213 	 0 	 0.04016437 
0000000006 ENSG00000124215 	 0 	 0.1648412 
0000000009 ENSG00000135736 	 0 	 0.1486008 
0000000010 ENSG00000136527 	 0 	 0.1716907 
0000000022 ENSG00000185883 	 0 	 0.1891719 
0000000023 ENSG00000182963 	 0 	 0.1612185 
0000000025 ENSG00000164109 	 0 	 0.1375749 
0000000026 ENSG00000139219 	 0 	 0.1539662 
0000000028 ENSG00000136161 	 0 	 0.1763522 
0000000031 ENSG00000117448 	 0 	 0.09691083 
0000000033 ENSG00000196411 	 0 	 0.11865 
0000000040 ENSG00000118420 	 0 	 0.1533829 
0000000043 ENSG00000121905 	 0 	 0.1690577 
0000000044 ENSG00000188394 	 0 	 0.1846465 
0000000046 ENSG00000116685 	 0 	 0.1345003 
0000000047 ENSG00000204595 	 0 	 0.1682509 
0000000051 ENSG00000237702 	 0 	 0.1536642 
0000000063 ENSG00000102547 	 0 	 0.1539662 
0000000071 ENSG00000139746 	 0 	 0.1355957 
0000000072 ENSG00000164054 	 0 	 0.1438418 
0000000074 ENSG00000143702 	 0 	 0.153572 
0000000081 ENSG00000138794 	 0 	 0.1301438 
0000000082 ENSG00000109771 	 0 	 0.1782312 
0000000086 ENSG00000198169 	 0 	 0.1449658 
0000000088 ENSG00000070047 	 0 	 0.1477371 
0000000091 ENSG00000198040 	 0 	 0.159869 
0000000093 ENSG00000187783 	 0 	 0.1544424 
0000000094 ENSG00000139437 	 0 	 0.1518812 
0000000096 ENSG00000139624 	 0 	 0.150283 
0000000097 ENSG00000175215 	 0 	 0.1539749 
0000000099 ENSG00000135441 	 0 	 0.1247577 
0000000100 ENSG00000111596 	 0 	 0.1850677 
0000000106 ENSG00000159713 	 0 	 0.2259236 
0000000112 ENSG00000171634 	 0 	 0.2111704 
0000000113 ENSG00000109084 	 0 	 0.1549219 
0000000114 ENSG00000258890 	 0 	 0.1230904 
