# Prediction results for:	 GO:0070486 
# Model used:	 group_lasso 
# ROC AUC score:	 0.558299 
# All tissues were included
# Best penalty parameter (CV): 1.979799 
# tissue	 1 	 5 
# tissue	 2 	 5 
# tissue	 3 	 5 
# tissue	 4 	 5 
# tissue	 5 	 5 
# tissue	 6 	 5 
# tissue	 7 	 5 
# tissue	 8 	 5 
# tissue	 9 	 5 
# tissue	 10 	 5 
# tissue	 11 	 5 
# tissue	 12 	 5 
# tissue	 13 	 5 
# tissue	 14 	 5 
# tissue	 15 	 5 
# tissue	 16 	 5 
# tissue	 17 	 5 
# tissue	 18 	 5 
# tissue	 19 	 5 
# tissue	 20 	 5 
# tissue	 21 	 5 
# tissue	 22 	 5 
# tissue	 23 	 5 
# tissue	 24 	 5 
# tissue	 25 	 5 
# tissue	 26 	 5 
# tissue	 27 	 5 
# tissue	 28 	 5 
# tissue	 29 	 5 
# tissue	 30 	 5 
# tissue	 31 	 5 
# tissue	 32 	 5 
# tissue	 33 	 5 
# tissue	 34 	 5 
# tissue	 35 	 5 
# tissue	 36 	 5 
# tissue	 37 	 5 
# tissue	 38 	 5 
# tissue	 39 	 5 
# tissue	 40 	 5 
# tissue	 41 	 5 
# tissue	 42 	 5 
# tissue	 43 	 5 
# tissue	 44 	 5 
# tissue	 45 	 5 
# tissue	 46 	 5 
# tissue	 47 	 5 
# tissue	 48 	 5 
# tissue	 49 	 5 
# tissue	 50 	 5 
# tissue	 51 	 5 
# tissue	 52 	 5 
# tissue	 53 	 5 
# Coefficients:
1 	 0 
1 	 0 
1 	 0 
1 	 0 
1 	 0 
2 	 0 
2 	 0 
2 	 0 
2 	 0 
2 	 0 
3 	 -0.001585522 
3 	 -0.006650173 
3 	 -0.03123208 
3 	 0.01340411 
3 	 -0.1019173 
4 	 -0.007255705 
4 	 -0.03015925 
4 	 -0.1268638 
4 	 -0.2242718 
4 	 0.4264596 
5 	 0 
5 	 0 
5 	 0 
5 	 0 
5 	 0 
6 	 0 
6 	 0 
6 	 0 
6 	 0 
6 	 0 
7 	 -0.001595026 
7 	 -0.007565386 
7 	 -0.04916343 
7 	 0.01035282 
7 	 0.02353896 
8 	 0 
8 	 0 
8 	 0 
8 	 0 
8 	 0 
9 	 0 
9 	 0 
9 	 0 
9 	 0 
9 	 0 
10 	 -0.001188261 
10 	 0.01547633 
10 	 0.01632295 
10 	 -0.02011587 
10 	 0.04586384 
11 	 -0.01114913 
11 	 0.2973338 
11 	 -0.3674478 
11 	 -0.02533933 
11 	 0.3855857 
12 	 -1.777542e-06 
12 	 -0.0005130725 
12 	 -0.0006248896 
12 	 -0.000462684 
12 	 -0.0005620193 
13 	 0.0001724722 
13 	 -0.0001128909 
13 	 -0.001790774 
13 	 -0.0158336 
13 	 0.02532609 
14 	 0 
14 	 0 
14 	 0 
14 	 0 
14 	 0 
15 	 0.01118032 
15 	 0.07977423 
15 	 -0.4794548 
15 	 0.021708 
15 	 0.7865164 
16 	 0.01019424 
16 	 -0.086034 
16 	 0.07077253 
16 	 0.1890481 
16 	 0.479542 
17 	 -0.003361821 
17 	 -0.02467592 
17 	 -0.06902635 
17 	 -0.01488419 
17 	 -0.09788887 
18 	 -0.03361979 
18 	 -0.01183099 
18 	 -0.3871181 
18 	 -0.6625357 
18 	 0.9990748 
19 	 0 
19 	 0 
19 	 0 
19 	 0 
19 	 0 
20 	 0 
20 	 0 
20 	 0 
20 	 0 
20 	 0 
21 	 0 
21 	 0 
21 	 0 
21 	 0 
21 	 0 
22 	 0.006749546 
22 	 0.04337881 
22 	 -0.1510378 
22 	 -0.3689466 
22 	 -0.1697303 
23 	 0 
23 	 0 
23 	 0 
23 	 0 
23 	 0 
24 	 0.007943576 
24 	 0.02706316 
24 	 0.06821045 
24 	 -0.01642435 
24 	 0.2371076 
25 	 -0.01124813 
25 	 0.01214981 
25 	 0.0744647 
25 	 -0.1597544 
25 	 0.2033714 
26 	 0 
26 	 0 
26 	 0 
26 	 0 
26 	 0 
27 	 0.001342235 
27 	 -0.02095445 
27 	 -0.002612871 
27 	 0.06196215 
27 	 0.08125834 
28 	 0.004528416 
28 	 0.1120674 
28 	 0.1898412 
28 	 -0.2189794 
28 	 0.2035858 
29 	 0.002911216 
29 	 -0.005942233 
29 	 -0.03337104 
29 	 0.04408451 
29 	 0.00346931 
30 	 -0.00123083 
30 	 -0.03336619 
30 	 -0.004187902 
30 	 -0.01960156 
30 	 0.04028611 
31 	 0.01048169 
31 	 -0.07443434 
31 	 -0.1199121 
31 	 0.276691 
31 	 0.2418771 
32 	 0 
32 	 0 
32 	 0 
32 	 0 
32 	 0 
33 	 0.001123595 
33 	 -0.005259045 
33 	 -0.110098 
33 	 -0.2149821 
33 	 0.1106113 
34 	 0 
34 	 0 
34 	 0 
34 	 0 
34 	 0 
35 	 0 
35 	 0 
35 	 0 
35 	 0 
35 	 0 
36 	 -0.0006347976 
36 	 0.1011674 
36 	 0.0648262 
36 	 -0.3285391 
36 	 0.01672695 
37 	 0.003955584 
37 	 -1.189295e-06 
37 	 -0.08962965 
37 	 -0.05600479 
37 	 -0.01053198 
38 	 0.00345915 
38 	 0.02524534 
38 	 0.07275384 
38 	 0.3313597 
38 	 0.4966808 
39 	 0 
39 	 0 
39 	 0 
39 	 0 
39 	 0 
40 	 0.0009602651 
40 	 0.01229041 
40 	 -0.03672125 
40 	 0.01324683 
40 	 -0.009723822 
41 	 0.01162681 
41 	 0.07912714 
41 	 0.04774496 
41 	 -0.1602193 
41 	 -0.6647872 
42 	 -0.01439957 
42 	 0.2115438 
42 	 0.03842899 
42 	 -0.2673187 
42 	 -0.2024223 
43 	 -0.0004651739 
43 	 0.0002191191 
43 	 0.01258235 
43 	 0.002362899 
43 	 -0.02025461 
44 	 0.03918509 
44 	 -0.09616141 
44 	 -0.06230182 
44 	 0.1529099 
44 	 -0.1422025 
45 	 8.532211e-07 
45 	 -0.004308002 
45 	 0.004054089 
45 	 -0.0005379662 
45 	 0.006868797 
46 	 0 
46 	 0 
46 	 0 
46 	 0 
46 	 0 
47 	 0.0071149 
47 	 -0.1240562 
47 	 -0.6088461 
47 	 0.05926046 
47 	 0.02105157 
48 	 -3.735833e-05 
48 	 0.01170201 
48 	 -0.03873551 
48 	 0.04412707 
48 	 -0.09454209 
49 	 -0.0208983 
49 	 -0.04122548 
49 	 0.09995894 
49 	 -0.0732024 
49 	 -0.06029354 
50 	 -0.004133729 
50 	 -0.09315014 
50 	 0.09412169 
50 	 0.1278795 
50 	 -0.280407 
51 	 0 
51 	 0 
51 	 0 
51 	 0 
51 	 0 
52 	 0.004458894 
52 	 -0.1911767 
52 	 -0.04408204 
52 	 0.06120655 
52 	 -0.0676344 
53 	 0 
53 	 0 
53 	 0 
53 	 0 
53 	 0 
# Gene ID	Label	Prediction
0000000003 ENSG00000010610 	 1 	 0.9987079 
0000000004 ENSG00000129465 	 1 	 0.611365 
0000000005 ENSG00000106003 	 1 	 0.5798322 
0000000006 ENSG00000109471 	 1 	 0.1681179 
0000000007 ENSG00000010810 	 1 	 0.0224288 
0000000008 ENSG00000113302 	 1 	 0.1122086 
0000000012 ENSG00000214042 	 1 	 0.1731887 
0000000013 ENSG00000124766 	 1 	 0.6974613 
0000000014 ENSG00000125735 	 1 	 0.8516303 
0000000023 ENSG00000125538 	 1 	 0.9993868 
0000000025 ENSG00000128829 	 1 	 0.1070944 
0000000027 ENSG00000064012 	 1 	 0.09097304 
0000000032 ENSG00000197919 	 1 	 0.2911012 
0000000033 ENSG00000147896 	 1 	 0.1824542 
0000000035 ENSG00000153563 	 1 	 0.6755324 
0000000038 ENSG00000157404 	 1 	 0.3668912 
0000000051 ENSG00000172216 	 1 	 0.2361983 
0000000052 ENSG00000102034 	 1 	 0.424015 
0000000053 ENSG00000174697 	 1 	 0.004399428 
0000000055 ENSG00000151694 	 1 	 0.5335053 
0000000056 ENSG00000175097 	 1 	 0.1066107 
0000000058 ENSG00000143365 	 1 	 0.1729467 
0000000059 ENSG00000103855 	 1 	 0.2063903 
0000000068 ENSG00000184916 	 1 	 0.1466215 
0000000073 ENSG00000107758 	 1 	 0.03980009 
0000000075 ENSG00000116678 	 1 	 0.1746691 
0000000077 ENSG00000165283 	 1 	 0.02019206 
0000000080 ENSG00000174405 	 1 	 0.306053 
0000000083 ENSG00000105851 	 1 	 0.1891374 
0000000085 ENSG00000197635 	 1 	 0.3469428 
0000000088 ENSG00000158481 	 1 	 0.794045 
0000000089 ENSG00000143546 	 1 	 0.2746335 
0000000093 ENSG00000196839 	 1 	 0.9058603 
0000000101 ENSG00000147885 	 1 	 0.1730124 
0000000107 ENSG00000088832 	 1 	 0.5415068 
0000000115 ENSG00000234829 	 1 	 0.1756191 
0000000123 ENSG00000197892 	 1 	 0.09748459 
0000000004 ENSG00000010219 	 0 	 0.07709082 
0000000006 ENSG00000089060 	 0 	 0.08811677 
0000000011 ENSG00000119397 	 0 	 0.05691129 
0000000012 ENSG00000129932 	 0 	 0.04121863 
0000000014 ENSG00000112983 	 0 	 0.04405548 
0000000017 ENSG00000135902 	 0 	 0.1754198 
0000000020 ENSG00000136527 	 0 	 0.08685691 
0000000022 ENSG00000137496 	 0 	 0.1518586 
0000000025 ENSG00000121879 	 0 	 0.3199329 
0000000027 ENSG00000184047 	 0 	 0.01305052 
0000000030 ENSG00000171425 	 0 	 0.2142842 
0000000033 ENSG00000148634 	 0 	 0.0541647 
0000000035 ENSG00000230453 	 0 	 0.3303996 
0000000036 ENSG00000160191 	 0 	 0.000682601 
0000000043 ENSG00000150394 	 0 	 0.07546817 
0000000044 ENSG00000167676 	 0 	 0.09141178 
0000000048 ENSG00000172071 	 0 	 0.07453948 
0000000050 ENSG00000172421 	 0 	 0.05462778 
0000000054 ENSG00000092208 	 0 	 0.02628095 
0000000055 ENSG00000143570 	 0 	 0.1469868 
0000000058 ENSG00000078328 	 0 	 0.1397693 
0000000059 ENSG00000181718 	 0 	 0.1706185 
0000000062 ENSG00000161996 	 0 	 0.006965237 
0000000063 ENSG00000034152 	 0 	 0.1406112 
0000000064 ENSG00000179148 	 0 	 0.1730018 
0000000065 ENSG00000178602 	 0 	 0.2500223 
0000000068 ENSG00000176904 	 0 	 0.1460576 
0000000071 ENSG00000080815 	 0 	 0.09049955 
0000000077 ENSG00000185920 	 0 	 0.3096977 
0000000080 ENSG00000119314 	 0 	 0.07610769 
0000000083 ENSG00000170624 	 0 	 0.05615424 
0000000087 ENSG00000162148 	 0 	 0.03060312 
0000000088 ENSG00000249709 	 0 	 0.1077911 
0000000090 ENSG00000171105 	 0 	 0.02110046 
0000000099 ENSG00000178209 	 0 	 0.03671459 
0000000104 ENSG00000213639 	 0 	 0.115905 
0000000107 ENSG00000119866 	 0 	 0.1710131 
0000000109 ENSG00000082805 	 0 	 0.1771547 
0000000119 ENSG00000134201 	 0 	 0.1820908 
0000000121 ENSG00000130822 	 0 	 0.01151749 
0000000124 ENSG00000137955 	 0 	 0.7510414 
0000000126 ENSG00000181090 	 0 	 0.1867298 
0000000130 ENSG00000159214 	 0 	 0.1212724 
0000000134 ENSG00000130768 	 0 	 0.3467192 
0000000135 ENSG00000030304 	 0 	 0.2371758 
0000000136 ENSG00000204287 	 0 	 0.9084563 
0000000140 ENSG00000161405 	 0 	 0.03918114 
0000000141 ENSG00000078900 	 0 	 0.1777137 
0000000142 ENSG00000149131 	 0 	 0.001116542 
0000000151 ENSG00000196526 	 0 	 0.02803712 
0000000153 ENSG00000103978 	 0 	 0.03558232 
0000000154 ENSG00000211673 	 0 	 0.9800626 
0000000155 ENSG00000212124 	 0 	 0.1576243 
0000000157 ENSG00000167384 	 0 	 0.0216835 
0000000158 ENSG00000131943 	 0 	 0.1217054 
0000000162 ENSG00000187109 	 0 	 0.2850483 
0000000164 ENSG00000184517 	 0 	 0.181582 
0000000167 ENSG00000206530 	 0 	 0.04421382 
0000000171 ENSG00000068781 	 0 	 0.1211489 
0000000174 ENSG00000183747 	 0 	 0.07416946 
0000000175 ENSG00000083067 	 0 	 0.1756538 
0000000178 ENSG00000129535 	 0 	 0.1057202 
0000000181 ENSG00000059145 	 0 	 0.1761571 
0000000190 ENSG00000136237 	 0 	 0.2196915 
0000000195 ENSG00000197889 	 0 	 0.04200869 
0000000198 ENSG00000115353 	 0 	 0.2434126 
0000000204 ENSG00000148840 	 0 	 0.00715036 
0000000205 ENSG00000173464 	 0 	 0.07662639 
0000000209 ENSG00000115947 	 0 	 0.1764488 
0000000220 ENSG00000162736 	 0 	 0.1560297 
0000000226 ENSG00000067829 	 0 	 0.02055997 
0000000234 ENSG00000197586 	 0 	 0.1934861 
0000000237 ENSG00000113916 	 0 	 0.4552084 
0000000241 ENSG00000108001 	 0 	 0.2609827 
0000000245 ENSG00000164054 	 0 	 0.8586958 
0000000248 ENSG00000144535 	 0 	 0.1978701 
0000000251 ENSG00000161551 	 0 	 0.1761534 
0000000255 ENSG00000234776 	 0 	 0.03633583 
0000000259 ENSG00000058673 	 0 	 0.1800839 
0000000263 ENSG00000170807 	 0 	 0.102629 
0000000265 ENSG00000242372 	 0 	 0.1223636 
0000000273 ENSG00000090266 	 0 	 0.1542528 
0000000275 ENSG00000198721 	 0 	 0.08579552 
0000000276 ENSG00000101181 	 0 	 0.3717699 
0000000277 ENSG00000163468 	 0 	 0.0877831 
0000000278 ENSG00000197355 	 0 	 0.1726088 
0000000286 ENSG00000165275 	 0 	 0.4662619 
0000000289 ENSG00000142657 	 0 	 0.20608 
0000000290 ENSG00000166866 	 0 	 0.1565491 
0000000293 ENSG00000196990 	 0 	 0.1391272 
0000000294 ENSG00000174953 	 0 	 0.08223607 
0000000295 ENSG00000183826 	 0 	 0.173433 
0000000297 ENSG00000184983 	 0 	 0.02300023 
0000000302 ENSG00000090316 	 0 	 0.17394 
0000000307 ENSG00000174720 	 0 	 0.1776175 
0000000316 ENSG00000164308 	 0 	 0.1583972 
0000000318 ENSG00000138640 	 0 	 0.1782051 
0000000319 ENSG00000173868 	 0 	 0.02826667 
0000000323 ENSG00000146147 	 0 	 0.05378724 
0000000327 ENSG00000161813 	 0 	 0.1443974 
0000000330 ENSG00000197530 	 0 	 0.1273128 
0000000331 ENSG00000204764 	 0 	 0.09973853 
0000000334 ENSG00000047249 	 0 	 0.2048568 
0000000336 ENSG00000145907 	 0 	 0.1501365 
0000000337 ENSG00000184428 	 0 	 0.1341834 
0000000338 ENSG00000177225 	 0 	 0.1681523 
0000000341 ENSG00000100697 	 0 	 0.1701601 
0000000342 ENSG00000068971 	 0 	 0.1780731 
0000000343 ENSG00000156413 	 0 	 0.05955141 
0000000347 ENSG00000134575 	 0 	 0.1740238 
0000000348 ENSG00000117625 	 0 	 0.04777423 
0000000353 ENSG00000158887 	 0 	 0.1924066 
0000000354 ENSG00000149257 	 0 	 0.1832788 
0000000355 ENSG00000165912 	 0 	 0.008276301 
0000000361 ENSG00000182771 	 0 	 0.1418486 
0000000363 ENSG00000197562 	 0 	 0.001071437 
0000000365 ENSG00000140332 	 0 	 0.02839382 
0000000369 ENSG00000187555 	 0 	 0.1385241 
0000000370 ENSG00000111186 	 0 	 0.1607941 
0000000372 ENSG00000154760 	 0 	 0.1843385 
0000000373 ENSG00000160602 	 0 	 0.1998129 
0000000375 ENSG00000256374 	 0 	 0.1966091 
0000000377 ENSG00000114650 	 0 	 0.07937152 
0000000385 ENSG00000050405 	 0 	 0.7978199 
0000000387 ENSG00000126777 	 0 	 0.2080518 
0000000388 ENSG00000092140 	 0 	 0.1919235 
0000000389 ENSG00000140092 	 0 	 0.6179269 
0000000391 ENSG00000186469 	 0 	 0.1586635 
0000000393 ENSG00000129515 	 0 	 0.1788366 
0000000396 ENSG00000078304 	 0 	 0.09007201 
0000000397 ENSG00000100968 	 0 	 0.1766147 
0000000399 ENSG00000069966 	 0 	 0.2254754 
0000000406 ENSG00000168928 	 0 	 0.3520598 
0000000407 ENSG00000087245 	 0 	 0.1458964 
0000000408 ENSG00000005194 	 0 	 0.1765222 
0000000410 ENSG00000214087 	 0 	 0.008306306 
0000000414 ENSG00000108375 	 0 	 0.2338969 
0000000416 ENSG00000108387 	 0 	 0.1260964 
0000000417 ENSG00000072210 	 0 	 0.134452 
0000000425 ENSG00000179218 	 0 	 0.08145466 
0000000430 ENSG00000099203 	 0 	 0.2531268 
0000000431 ENSG00000167468 	 0 	 0.03238583 
0000000432 ENSG00000105289 	 0 	 0.3890355 
0000000436 ENSG00000197563 	 0 	 0.1760518 
0000000437 ENSG00000064547 	 0 	 0.3134669 
0000000439 ENSG00000140623 	 0 	 0.1085647 
0000000440 ENSG00000125740 	 0 	 0.1289377 
0000000441 ENSG00000004776 	 0 	 0.1616142 
0000000448 ENSG00000167565 	 0 	 0.058501 
0000000449 ENSG00000105197 	 0 	 0.1582526 
0000000451 ENSG00000125730 	 0 	 0.09022674 
0000000455 ENSG00000145979 	 0 	 0.05784616 
