# Prediction results for:	 GO:0051249 
# Model used:	 group_lasso 
# ROC AUC score:	 0.5831078 
# All tissues were included
# Best penalty parameter (CV): 11.01725 
# tissue	 1 	 5 
# tissue	 2 	 5 
# tissue	 3 	 5 
# tissue	 4 	 5 
# tissue	 5 	 5 
# tissue	 6 	 5 
# tissue	 7 	 5 
# tissue	 8 	 5 
# tissue	 9 	 5 
# tissue	 10 	 5 
# tissue	 11 	 5 
# tissue	 12 	 5 
# tissue	 13 	 5 
# tissue	 14 	 5 
# tissue	 15 	 5 
# tissue	 16 	 5 
# tissue	 17 	 5 
# tissue	 18 	 5 
# tissue	 19 	 5 
# tissue	 20 	 5 
# tissue	 21 	 5 
# tissue	 22 	 5 
# tissue	 23 	 5 
# tissue	 24 	 5 
# tissue	 25 	 5 
# tissue	 26 	 5 
# tissue	 27 	 5 
# tissue	 28 	 5 
# tissue	 29 	 5 
# tissue	 30 	 5 
# tissue	 31 	 5 
# tissue	 32 	 5 
# tissue	 33 	 5 
# tissue	 34 	 5 
# tissue	 35 	 5 
# tissue	 36 	 5 
# tissue	 37 	 5 
# tissue	 38 	 5 
# tissue	 39 	 5 
# tissue	 40 	 5 
# tissue	 41 	 5 
# tissue	 42 	 5 
# tissue	 43 	 5 
# tissue	 44 	 5 
# tissue	 45 	 5 
# tissue	 46 	 5 
# tissue	 47 	 5 
# tissue	 48 	 5 
# tissue	 49 	 5 
# tissue	 50 	 5 
# tissue	 51 	 5 
# tissue	 52 	 5 
# tissue	 53 	 5 
# Coefficients:
1 	 -0.001233516 
1 	 0.002980384 
1 	 0.01795635 
1 	 -0.01381467 
1 	 0.07197795 
2 	 -0.0007514369 
2 	 0.003779603 
2 	 0.01768457 
2 	 -0.006939748 
2 	 -0.01485017 
3 	 0 
3 	 0 
3 	 0 
3 	 0 
3 	 0 
4 	 0 
4 	 0 
4 	 0 
4 	 0 
4 	 0 
5 	 0 
5 	 0 
5 	 0 
5 	 0 
5 	 0 
6 	 0 
6 	 0 
6 	 0 
6 	 0 
6 	 0 
7 	 0 
7 	 0 
7 	 0 
7 	 0 
7 	 0 
8 	 0 
8 	 0 
8 	 0 
8 	 0 
8 	 0 
9 	 0 
9 	 0 
9 	 0 
9 	 0 
9 	 0 
10 	 0 
10 	 0 
10 	 0 
10 	 0 
10 	 0 
11 	 0.001087394 
11 	 0.05602438 
11 	 0.02303869 
11 	 -0.05284647 
11 	 0.04790415 
12 	 0 
12 	 0 
12 	 0 
12 	 0 
12 	 0 
13 	 0 
13 	 0 
13 	 0 
13 	 0 
13 	 0 
14 	 0 
14 	 0 
14 	 0 
14 	 0 
14 	 0 
15 	 -0.0004023057 
15 	 0.0003364947 
15 	 -0.01300788 
15 	 0.01385577 
15 	 -0.00737428 
16 	 0 
16 	 0 
16 	 0 
16 	 0 
16 	 0 
17 	 -8.81527e-05 
17 	 -0.001983802 
17 	 -0.001735735 
17 	 0.0008353625 
17 	 0.0009098873 
18 	 0 
18 	 0 
18 	 0 
18 	 0 
18 	 0 
19 	 -0.0003161009 
19 	 -0.0002211772 
19 	 -0.02622997 
19 	 -0.01169058 
19 	 -0.01919895 
20 	 -0.0006670505 
20 	 -0.0007794805 
20 	 0.01908771 
20 	 -0.1532777 
20 	 -0.001492112 
21 	 -0.001366433 
21 	 -0.01402179 
21 	 0.05013955 
21 	 -0.1033973 
21 	 -0.001130971 
22 	 0 
22 	 0 
22 	 0 
22 	 0 
22 	 0 
23 	 0 
23 	 0 
23 	 0 
23 	 0 
23 	 0 
24 	 0 
24 	 0 
24 	 0 
24 	 0 
24 	 0 
25 	 0 
25 	 0 
25 	 0 
25 	 0 
25 	 0 
26 	 0 
26 	 0 
26 	 0 
26 	 0 
26 	 0 
27 	 0 
27 	 0 
27 	 0 
27 	 0 
27 	 0 
28 	 -0.0002460227 
28 	 -0.008547128 
28 	 0.001616322 
28 	 -0.01291023 
28 	 -0.003969975 
29 	 0 
29 	 0 
29 	 0 
29 	 0 
29 	 0 
30 	 0 
30 	 0 
30 	 0 
30 	 0 
30 	 0 
31 	 0 
31 	 0 
31 	 0 
31 	 0 
31 	 0 
32 	 0 
32 	 0 
32 	 0 
32 	 0 
32 	 0 
33 	 0 
33 	 0 
33 	 0 
33 	 0 
33 	 0 
34 	 0.0002056744 
34 	 0.0288098 
34 	 0.07285369 
34 	 0.07234267 
34 	 0.1108596 
35 	 -0.0005637249 
35 	 0.007564907 
35 	 -0.02466503 
35 	 -0.039415 
35 	 0.004210603 
36 	 0.0004093837 
36 	 0.004965076 
36 	 -0.01915261 
36 	 -0.06061496 
36 	 -0.0262069 
37 	 0.001750519 
37 	 -0.04442034 
37 	 -0.08914073 
37 	 -0.09873515 
37 	 0.0832786 
38 	 -0.001201147 
38 	 0.007921994 
38 	 -0.01974793 
38 	 0.03339899 
38 	 0.05175651 
39 	 0 
39 	 0 
39 	 0 
39 	 0 
39 	 0 
40 	 0 
40 	 0 
40 	 0 
40 	 0 
40 	 0 
41 	 -0.009457571 
41 	 -0.0001364708 
41 	 0.1324188 
41 	 -0.06401861 
41 	 -0.05397885 
42 	 0 
42 	 0 
42 	 0 
42 	 0 
42 	 0 
43 	 0 
43 	 0 
43 	 0 
43 	 0 
43 	 0 
44 	 0 
44 	 0 
44 	 0 
44 	 0 
44 	 0 
45 	 0 
45 	 0 
45 	 0 
45 	 0 
45 	 0 
46 	 0 
46 	 0 
46 	 0 
46 	 0 
46 	 0 
47 	 0 
47 	 0 
47 	 0 
47 	 0 
47 	 0 
48 	 -0.0003006137 
48 	 0.001910984 
48 	 -0.005745456 
48 	 0.005148243 
48 	 -0.001302847 
49 	 -0.008523856 
49 	 0.01818217 
49 	 0.04436878 
49 	 -0.01157264 
49 	 -0.02264211 
50 	 0 
50 	 0 
50 	 0 
50 	 0 
50 	 0 
51 	 0 
51 	 0 
51 	 0 
51 	 0 
51 	 0 
52 	 0 
52 	 0 
52 	 0 
52 	 0 
52 	 0 
53 	 0 
53 	 0 
53 	 0 
53 	 0 
53 	 0 
# Gene ID	Label	Prediction
0000000003 ENSG00000186654 	 1 	 0.1129953 
0000000006 ENSG00000079385 	 1 	 0.2499687 
0000000007 ENSG00000090659 	 1 	 0.1262428 
0000000010 ENSG00000129465 	 1 	 0.4122942 
0000000012 ENSG00000103653 	 1 	 0.4523205 
0000000014 ENSG00000104332 	 1 	 0.3144361 
0000000017 ENSG00000105329 	 1 	 0.7948599 
0000000019 ENSG00000108861 	 1 	 0.1782318 
0000000020 ENSG00000004468 	 1 	 0.5153759 
0000000022 ENSG00000110944 	 1 	 0.262211 
0000000026 ENSG00000113520 	 1 	 0.1312778 
0000000028 ENSG00000071051 	 1 	 0.3372968 
0000000031 ENSG00000120659 	 1 	 0.1626628 
0000000033 ENSG00000106546 	 1 	 0.71012 
0000000035 ENSG00000123999 	 1 	 0.03811255 
0000000038 ENSG00000125657 	 1 	 0.4288397 
0000000042 ENSG00000128322 	 1 	 0.1363068 
0000000043 ENSG00000131759 	 1 	 0.5858404 
0000000044 ENSG00000131981 	 1 	 0.3761005 
0000000049 ENSG00000137077 	 1 	 0.8846545 
0000000050 ENSG00000137078 	 1 	 0.5897135 
0000000056 ENSG00000071564 	 1 	 0.1673835 
0000000063 ENSG00000121594 	 1 	 0.2841252 
0000000064 ENSG00000114013 	 1 	 0.1768748 
0000000067 ENSG00000115085 	 1 	 0.8013929 
0000000070 ENSG00000139193 	 1 	 0.7056639 
0000000072 ENSG00000142168 	 1 	 0.3253329 
0000000075 ENSG00000150782 	 1 	 0.4847373 
0000000077 ENSG00000152495 	 1 	 0.3363566 
0000000087 ENSG00000163599 	 1 	 0.14372 
0000000089 ENSG00000146072 	 1 	 0.253863 
0000000092 ENSG00000167207 	 1 	 0.6040419 
0000000094 ENSG00000167601 	 1 	 0.3013686 
0000000097 ENSG00000168040 	 1 	 0.1647782 
0000000099 ENSG00000170476 	 1 	 0.6495794 
0000000102 ENSG00000169230 	 1 	 0.2668857 
0000000103 ENSG00000141968 	 1 	 0.6815307 
0000000104 ENSG00000147889 	 1 	 0.1353689 
0000000106 ENSG00000168811 	 1 	 0.1398507 
0000000114 ENSG00000167851 	 1 	 0.1246957 
0000000119 ENSG00000013725 	 1 	 0.7497135 
0000000120 ENSG00000131042 	 1 	 0.136379 
0000000122 ENSG00000176105 	 1 	 0.3090669 
0000000127 ENSG00000163600 	 1 	 0.3190938 
0000000128 ENSG00000135426 	 1 	 0.2126389 
0000000130 ENSG00000103855 	 1 	 0.1275619 
0000000134 ENSG00000176887 	 1 	 0.09028474 
0000000135 ENSG00000096996 	 1 	 0.6098487 
0000000137 ENSG00000198026 	 1 	 0.2376392 
0000000140 ENSG00000104972 	 1 	 0.3952347 
0000000144 ENSG00000183087 	 1 	 0.1914136 
0000000152 ENSG00000162711 	 1 	 0.2022347 
0000000155 ENSG00000104853 	 1 	 0.1788473 
0000000157 ENSG00000161955 	 1 	 0.375036 
0000000160 ENSG00000105974 	 1 	 0.07330356 
0000000162 ENSG00000105122 	 1 	 0.6765132 
0000000164 ENSG00000160223 	 1 	 0.1333413 
0000000165 ENSG00000144381 	 1 	 0.6690664 
0000000166 ENSG00000172175 	 1 	 0.1500986 
0000000170 ENSG00000175104 	 1 	 0.2970919 
0000000171 ENSG00000142208 	 1 	 0.1265492 
0000000172 ENSG00000179295 	 1 	 0.2483062 
0000000174 ENSG00000196776 	 1 	 0.1015824 
0000000175 ENSG00000198286 	 1 	 0.2337311 
0000000181 ENSG00000126804 	 1 	 0.2929524 
0000000185 ENSG00000213658 	 1 	 0.1982816 
0000000191 ENSG00000122188 	 1 	 0.1294892 
0000000194 ENSG00000163563 	 1 	 0.8305756 
0000000203 ENSG00000101882 	 1 	 0.2277736 
0000000208 ENSG00000204287 	 1 	 0.9633049 
0000000209 ENSG00000165025 	 1 	 0.3455019 
0000000210 ENSG00000185950 	 1 	 0.1311136 
0000000211 ENSG00000102524 	 1 	 0.7707778 
0000000215 ENSG00000067606 	 1 	 0.2626253 
0000000219 ENSG00000171855 	 1 	 0.1274128 
0000000220 ENSG00000137265 	 1 	 0.6809556 
0000000233 ENSG00000151651 	 1 	 0.4480984 
0000000237 ENSG00000254087 	 1 	 0.4351108 
0000000009 ENSG00000090006 	 0 	 0.1276671 
0000000015 ENSG00000007952 	 0 	 0.1283423 
0000000018 ENSG00000105404 	 0 	 0.1730919 
0000000019 ENSG00000105866 	 0 	 0.2286508 
0000000021 ENSG00000114904 	 0 	 0.2694591 
0000000026 ENSG00000124260 	 0 	 0.1265834 
0000000034 ENSG00000130821 	 0 	 0.06037447 
0000000036 ENSG00000131873 	 0 	 0.6823504 
0000000037 ENSG00000196757 	 0 	 0.2217727 
0000000039 ENSG00000132591 	 0 	 0.2116104 
0000000041 ENSG00000133773 	 0 	 0.1611035 
0000000042 ENSG00000174799 	 0 	 0.2541153 
0000000060 ENSG00000138755 	 0 	 0.4681597 
0000000061 ENSG00000091527 	 0 	 0.4034259 
0000000064 ENSG00000100225 	 0 	 0.17718 
0000000066 ENSG00000167074 	 0 	 0.07968003 
0000000068 ENSG00000140416 	 0 	 0.04931036 
0000000071 ENSG00000140548 	 0 	 0.2646902 
0000000079 ENSG00000144635 	 0 	 0.1950173 
0000000080 ENSG00000146281 	 0 	 0.2526066 
0000000082 ENSG00000148377 	 0 	 0.1200736 
0000000084 ENSG00000149016 	 0 	 0.1408967 
0000000091 ENSG00000157349 	 0 	 0.1269172 
0000000092 ENSG00000158373 	 0 	 0.2789683 
0000000095 ENSG00000159409 	 0 	 0.08882432 
0000000104 ENSG00000145868 	 0 	 0.1360768 
0000000109 ENSG00000165689 	 0 	 0.1922222 
0000000113 ENSG00000167461 	 0 	 0.328275 
0000000119 ENSG00000171533 	 0 	 0.07849958 
0000000120 ENSG00000077463 	 0 	 0.1567443 
0000000122 ENSG00000171103 	 0 	 0.1298834 
0000000123 ENSG00000168404 	 0 	 0.7063599 
0000000124 ENSG00000157916 	 0 	 0.1259343 
0000000125 ENSG00000168481 	 0 	 0.09337582 
0000000126 ENSG00000168890 	 0 	 0.1584056 
0000000129 ENSG00000172403 	 0 	 0.07029959 
0000000139 ENSG00000174547 	 0 	 0.096171 
0000000143 ENSG00000110628 	 0 	 0.1542009 
0000000146 ENSG00000181718 	 0 	 0.1256214 
0000000148 ENSG00000140905 	 0 	 0.09620705 
0000000150 ENSG00000122406 	 0 	 0.4778071 
0000000155 ENSG00000177938 	 0 	 0.125456 
0000000162 ENSG00000143595 	 0 	 0.1329762 
0000000167 ENSG00000172728 	 0 	 0.1657588 
0000000168 ENSG00000182156 	 0 	 0.1387567 
0000000169 ENSG00000177508 	 0 	 0.1581845 
0000000170 ENSG00000184990 	 0 	 0.1466754 
0000000173 ENSG00000184144 	 0 	 0.09960577 
0000000175 ENSG00000187268 	 0 	 0.121115 
0000000177 ENSG00000186881 	 0 	 0.1263012 
0000000179 ENSG00000170485 	 0 	 0.1804183 
0000000182 ENSG00000219073 	 0 	 0.06473187 
0000000186 ENSG00000164683 	 0 	 0.1882973 
0000000192 ENSG00000151304 	 0 	 0.2938932 
0000000193 ENSG00000163812 	 0 	 0.1918834 
0000000197 ENSG00000101224 	 0 	 0.13121 
0000000199 ENSG00000112486 	 0 	 0.1630673 
0000000208 ENSG00000112655 	 0 	 0.1796902 
0000000213 ENSG00000173805 	 0 	 0.1788457 
0000000214 ENSG00000256061 	 0 	 0.1255261 
0000000218 ENSG00000116117 	 0 	 0.1262428 
0000000229 ENSG00000198369 	 0 	 0.3083503 
0000000233 ENSG00000049540 	 0 	 0.07359672 
0000000235 ENSG00000135049 	 0 	 0.1921741 
0000000240 ENSG00000198373 	 0 	 0.2115432 
0000000241 ENSG00000113578 	 0 	 0.1621156 
0000000243 ENSG00000130177 	 0 	 0.1725285 
0000000247 ENSG00000145217 	 0 	 0.1571988 
0000000250 ENSG00000198844 	 0 	 0.1761104 
0000000253 ENSG00000189068 	 0 	 0.1359743 
0000000254 ENSG00000035687 	 0 	 0.3117622 
0000000255 ENSG00000143776 	 0 	 0.1473064 
0000000260 ENSG00000116260 	 0 	 0.1278663 
0000000263 ENSG00000158773 	 0 	 0.1241808 
0000000265 ENSG00000162739 	 0 	 0.6270788 
0000000269 ENSG00000187908 	 0 	 0.1696571 
0000000272 ENSG00000178104 	 0 	 0.1068465 
0000000273 ENSG00000198019 	 0 	 0.2205401 
0000000274 ENSG00000163393 	 0 	 0.3328832 
0000000275 ENSG00000146242 	 0 	 0.1747975 
0000000276 ENSG00000203880 	 0 	 0.4339012 
0000000281 ENSG00000154451 	 0 	 0.6876765 
0000000286 ENSG00000134597 	 0 	 0.1685298 
0000000288 ENSG00000108219 	 0 	 0.313883 
0000000289 ENSG00000130714 	 0 	 0.1366641 
0000000290 ENSG00000066135 	 0 	 0.2703952 
0000000301 ENSG00000108100 	 0 	 0.126449 
0000000302 ENSG00000040487 	 0 	 0.1825118 
0000000307 ENSG00000015285 	 0 	 0.9039144 
0000000309 ENSG00000167065 	 0 	 0.1302416 
0000000311 ENSG00000096654 	 0 	 0.2535656 
0000000313 ENSG00000070814 	 0 	 0.2771535 
0000000316 ENSG00000125885 	 0 	 0.1263438 
0000000323 ENSG00000132256 	 0 	 0.1423686 
0000000327 ENSG00000100241 	 0 	 0.2080441 
0000000330 ENSG00000002586 	 0 	 0.09666829 
0000000331 ENSG00000109184 	 0 	 0.09842098 
0000000332 ENSG00000066117 	 0 	 0.2551238 
0000000338 ENSG00000198363 	 0 	 0.1587104 
0000000340 ENSG00000164828 	 0 	 0.1429945 
0000000342 ENSG00000211694 	 0 	 0.3407213 
0000000344 ENSG00000179820 	 0 	 0.4263497 
0000000345 ENSG00000079246 	 0 	 0.3195628 
0000000346 ENSG00000196967 	 0 	 0.1258069 
0000000354 ENSG00000115641 	 0 	 0.1223985 
0000000361 ENSG00000156920 	 0 	 0.1256112 
0000000366 ENSG00000138722 	 0 	 0.2034486 
0000000367 ENSG00000261052 	 0 	 0.06014615 
0000000369 ENSG00000204256 	 0 	 0.1370856 
0000000371 ENSG00000072134 	 0 	 0.1262428 
0000000373 ENSG00000100253 	 0 	 0.1285216 
0000000376 ENSG00000100373 	 0 	 0.1295792 
0000000378 ENSG00000168036 	 0 	 0.5018621 
0000000382 ENSG00000100836 	 0 	 0.3181473 
0000000383 ENSG00000120913 	 0 	 0.120548 
0000000387 ENSG00000119725 	 0 	 0.1413446 
0000000389 ENSG00000253767 	 0 	 0.1351892 
0000000390 ENSG00000106070 	 0 	 0.1407059 
0000000392 ENSG00000172466 	 0 	 0.2565486 
0000000399 ENSG00000154639 	 0 	 0.1267132 
0000000400 ENSG00000183570 	 0 	 0.1722792 
0000000402 ENSG00000163531 	 0 	 0.1524182 
0000000406 ENSG00000146205 	 0 	 0.1218246 
0000000407 ENSG00000183010 	 0 	 0.3645686 
0000000411 ENSG00000100083 	 0 	 0.1412106 
0000000413 ENSG00000115504 	 0 	 0.1260579 
0000000417 ENSG00000175161 	 0 	 0.1283277 
0000000418 ENSG00000166961 	 0 	 0.1261778 
0000000421 ENSG00000105889 	 0 	 0.148695 
0000000424 ENSG00000101849 	 0 	 0.147114 
0000000429 ENSG00000173933 	 0 	 0.4242164 
0000000432 ENSG00000115107 	 0 	 0.126636 
0000000434 ENSG00000198203 	 0 	 0.1310595 
0000000440 ENSG00000159110 	 0 	 0.1653978 
0000000443 ENSG00000115524 	 0 	 0.1273162 
0000000454 ENSG00000116701 	 0 	 0.4906842 
0000000455 ENSG00000106603 	 0 	 0.2211846 
0000000457 ENSG00000163938 	 0 	 0.3761866 
0000000459 ENSG00000114378 	 0 	 0.1251305 
0000000462 ENSG00000139567 	 0 	 0.1288741 
0000000468 ENSG00000168334 	 0 	 0.1737409 
0000000469 ENSG00000144554 	 0 	 0.2820891 
0000000470 ENSG00000158552 	 0 	 0.1247705 
0000000471 ENSG00000009694 	 0 	 0.07790998 
0000000473 ENSG00000130741 	 0 	 0.1483859 
0000000475 ENSG00000174371 	 0 	 0.1260293 
0000000477 ENSG00000214413 	 0 	 0.1266592 
0000000479 ENSG00000196440 	 0 	 0.08449704 
0000000483 ENSG00000132274 	 0 	 0.1309568 
0000000488 ENSG00000185340 	 0 	 0.1268555 
0000000493 ENSG00000144560 	 0 	 0.1311729 
0000000494 ENSG00000136699 	 0 	 0.1517418 
0000000495 ENSG00000075856 	 0 	 0.1278907 
0000000501 ENSG00000184867 	 0 	 0.1262433 
0000000511 ENSG00000117407 	 0 	 0.1779068 
0000000512 ENSG00000164104 	 0 	 0.5180515 
0000000515 ENSG00000183765 	 0 	 0.1303109 
0000000516 ENSG00000222009 	 0 	 0.1637441 
0000000517 ENSG00000154710 	 0 	 0.149082 
0000000522 ENSG00000197713 	 0 	 0.1257864 
0000000525 ENSG00000162976 	 0 	 0.1446121 
0000000526 ENSG00000102032 	 0 	 0.3083422 
0000000527 ENSG00000099957 	 0 	 0.1073628 
0000000533 ENSG00000149582 	 0 	 0.1177448 
0000000534 ENSG00000065526 	 0 	 0.1262428 
0000000538 ENSG00000110675 	 0 	 0.1267718 
0000000539 ENSG00000164045 	 0 	 0.1258208 
0000000541 ENSG00000156976 	 0 	 0.1261667 
0000000544 ENSG00000165688 	 0 	 0.1993418 
0000000546 ENSG00000244754 	 0 	 0.5173317 
0000000547 ENSG00000165309 	 0 	 0.1261382 
0000000548 ENSG00000134287 	 0 	 0.1260776 
0000000551 ENSG00000127955 	 0 	 0.11962 
0000000559 ENSG00000188313 	 0 	 0.1557262 
0000000570 ENSG00000172113 	 0 	 0.1303531 
0000000572 ENSG00000064607 	 0 	 0.1250477 
0000000574 ENSG00000002746 	 0 	 0.1294745 
0000000580 ENSG00000184702 	 0 	 0.2071877 
0000000583 ENSG00000137757 	 0 	 0.1895585 
0000000587 ENSG00000091831 	 0 	 0.1819882 
0000000589 ENSG00000157036 	 0 	 0.1090649 
0000000590 ENSG00000033867 	 0 	 0.1260214 
0000000591 ENSG00000120471 	 0 	 0.1489449 
0000000595 ENSG00000133574 	 0 	 0.5803018 
0000000596 ENSG00000185088 	 0 	 0.1334191 
0000000600 ENSG00000165694 	 0 	 0.1273646 
0000000618 ENSG00000168291 	 0 	 0.1547527 
0000000621 ENSG00000171928 	 0 	 0.1495593 
0000000624 ENSG00000254901 	 0 	 0.190397 
0000000625 ENSG00000214193 	 0 	 0.2015108 
0000000627 ENSG00000144840 	 0 	 0.1263005 
0000000629 ENSG00000136270 	 0 	 0.1256605 
0000000630 ENSG00000114861 	 0 	 0.1262285 
0000000633 ENSG00000144847 	 0 	 0.06715323 
0000000637 ENSG00000085999 	 0 	 0.1315749 
0000000640 ENSG00000240671 	 0 	 0.2474176 
0000000648 ENSG00000136279 	 0 	 0.1650097 
0000000652 ENSG00000170522 	 0 	 0.1262519 
0000000658 ENSG00000151883 	 0 	 0.4934315 
0000000661 ENSG00000119048 	 0 	 0.1314738 
0000000667 ENSG00000164300 	 0 	 0.1325116 
0000000669 ENSG00000123219 	 0 	 0.1472278 
0000000670 ENSG00000120251 	 0 	 0.1223792 
0000000671 ENSG00000188818 	 0 	 0.1265371 
0000000674 ENSG00000158987 	 0 	 0.1262428 
0000000679 ENSG00000064042 	 0 	 0.1263099 
0000000682 ENSG00000163743 	 0 	 0.1262428 
0000000684 ENSG00000172497 	 0 	 0.1263447 
0000000688 ENSG00000114544 	 0 	 0.1259439 
0000000691 ENSG00000134077 	 0 	 0.1515405 
0000000692 ENSG00000079841 	 0 	 0.126729 
0000000693 ENSG00000198791 	 0 	 0.126539 
0000000694 ENSG00000188343 	 0 	 0.110883 
0000000696 ENSG00000104695 	 0 	 0.2346483 
0000000697 ENSG00000175106 	 0 	 0.1277837 
0000000698 ENSG00000198010 	 0 	 0.1258785 
0000000706 ENSG00000258864 	 0 	 0.1245815 
0000000708 ENSG00000123643 	 0 	 0.12638 
0000000709 ENSG00000184489 	 0 	 0.4142273 
0000000711 ENSG00000147419 	 0 	 0.1260207 
0000000714 ENSG00000145879 	 0 	 0.1291696 
0000000716 ENSG00000176102 	 0 	 0.1243837 
0000000717 ENSG00000159176 	 0 	 0.1262013 
0000000718 ENSG00000112319 	 0 	 0.1266686 
0000000721 ENSG00000158887 	 0 	 0.1261305 
0000000723 ENSG00000166002 	 0 	 0.319914 
0000000726 ENSG00000168092 	 0 	 0.2977032 
0000000728 ENSG00000116337 	 0 	 0.129699 
0000000730 ENSG00000204381 	 0 	 0.1268941 
0000000731 ENSG00000167996 	 0 	 0.1263377 
0000000732 ENSG00000171044 	 0 	 0.2430887 
0000000737 ENSG00000133112 	 0 	 0.06681495 
0000000739 ENSG00000197302 	 0 	 0.1258612 
0000000741 ENSG00000167257 	 0 	 0.1283481 
0000000744 ENSG00000162139 	 0 	 0.1265498 
0000000745 ENSG00000110148 	 0 	 0.1234565 
0000000748 ENSG00000165912 	 0 	 0.05738212 
0000000753 ENSG00000148935 	 0 	 0.1266002 
0000000755 ENSG00000176383 	 0 	 0.2365004 
0000000758 ENSG00000100612 	 0 	 0.112708 
0000000760 ENSG00000134533 	 0 	 0.1214929 
0000000762 ENSG00000178982 	 0 	 0.1793833 
0000000763 ENSG00000154134 	 0 	 0.1264978 
0000000764 ENSG00000111716 	 0 	 0.1262428 
0000000765 ENSG00000159921 	 0 	 0.1330844 
0000000766 ENSG00000111361 	 0 	 0.1744707 
0000000770 ENSG00000139112 	 0 	 0.1961232 
0000000776 ENSG00000104064 	 0 	 0.1283752 
0000000778 ENSG00000214530 	 0 	 0.1045253 
0000000780 ENSG00000102854 	 0 	 0.1907191 
0000000782 ENSG00000135469 	 0 	 0.1722975 
0000000783 ENSG00000139620 	 0 	 0.1481631 
0000000787 ENSG00000088986 	 0 	 0.1261898 
0000000788 ENSG00000089009 	 0 	 0.2910245 
0000000790 ENSG00000139637 	 0 	 0.1170212 
0000000791 ENSG00000184304 	 0 	 0.1262428 
0000000793 ENSG00000076108 	 0 	 0.1269034 
0000000800 ENSG00000166986 	 0 	 0.1338559 
0000000807 ENSG00000100578 	 0 	 0.1253614 
0000000809 ENSG00000259132 	 0 	 0.1096036 
0000000810 ENSG00000258839 	 0 	 0.1639579 
0000000811 ENSG00000129515 	 0 	 0.1257341 
0000000812 ENSG00000100605 	 0 	 0.1283997 
0000000816 ENSG00000166734 	 0 	 0.1260924 
0000000819 ENSG00000140297 	 0 	 0.1262276 
0000000828 ENSG00000134138 	 0 	 0.0894007 
0000000834 ENSG00000070915 	 0 	 0.1262561 
0000000835 ENSG00000159461 	 0 	 0.2604728 
0000000837 ENSG00000169189 	 0 	 0.1283792 
0000000838 ENSG00000065054 	 0 	 0.136075 
0000000841 ENSG00000186153 	 0 	 0.1450914 
0000000843 ENSG00000092529 	 0 	 0.1334332 
0000000845 ENSG00000172840 	 0 	 0.1267008 
0000000846 ENSG00000140367 	 0 	 0.2020107 
0000000847 ENSG00000103254 	 0 	 0.1178579 
0000000850 ENSG00000006283 	 0 	 0.1474848 
0000000854 ENSG00000196388 	 0 	 0.1206066 
0000000859 ENSG00000029725 	 0 	 0.1266086 
0000000861 ENSG00000121057 	 0 	 0.1361552 
0000000864 ENSG00000187688 	 0 	 0.4987826 
0000000869 ENSG00000125434 	 0 	 0.1262829 
0000000870 ENSG00000108387 	 0 	 0.133369 
0000000877 ENSG00000161526 	 0 	 0.136466 
0000000881 ENSG00000078043 	 0 	 0.1269932 
0000000882 ENSG00000132481 	 0 	 0.3045765 
0000000885 ENSG00000008441 	 0 	 0.1200129 
0000000887 ENSG00000122490 	 0 	 0.1262228 
0000000888 ENSG00000152240 	 0 	 0.1796203 
0000000891 ENSG00000108639 	 0 	 0.1666153 
0000000892 ENSG00000108984 	 0 	 0.1770723 
0000000895 ENSG00000167384 	 0 	 0.1262932 
0000000897 ENSG00000071626 	 0 	 0.1308177 
0000000899 ENSG00000035862 	 0 	 0.3247621 
0000000902 ENSG00000169169 	 0 	 0.1262396 
0000000904 ENSG00000011243 	 0 	 0.1262428 
0000000905 ENSG00000130520 	 0 	 0.2579978 
0000000906 ENSG00000196337 	 0 	 0.1470094 
0000000909 ENSG00000104980 	 0 	 0.1379683 
0000000911 ENSG00000130529 	 0 	 0.1256918 
0000000913 ENSG00000127533 	 0 	 0.1401254 
0000000915 ENSG00000119574 	 0 	 0.1293089 
0000000917 ENSG00000130304 	 0 	 0.1267242 
0000000919 ENSG00000197372 	 0 	 0.1507029 
0000000923 ENSG00000160321 	 0 	 0.1290111 
0000000925 ENSG00000162946 	 0 	 0.1303793 
