# Prediction results for:	 GO:0002726 
# Model used:	 group_lasso 
# ROC AUC score:	 0.5484765 
# All tissues were included
# Best penalty parameter (CV): 0.8552827 
# tissue	 1 	 5 
# tissue	 2 	 5 
# tissue	 3 	 5 
# tissue	 4 	 5 
# tissue	 5 	 5 
# tissue	 6 	 5 
# tissue	 7 	 5 
# tissue	 8 	 5 
# tissue	 9 	 5 
# tissue	 10 	 5 
# tissue	 11 	 5 
# tissue	 12 	 5 
# tissue	 13 	 5 
# tissue	 14 	 5 
# tissue	 15 	 5 
# tissue	 16 	 5 
# tissue	 17 	 5 
# tissue	 18 	 5 
# tissue	 19 	 5 
# tissue	 20 	 5 
# tissue	 21 	 5 
# tissue	 22 	 5 
# tissue	 23 	 5 
# tissue	 24 	 5 
# tissue	 25 	 5 
# tissue	 26 	 5 
# tissue	 27 	 5 
# tissue	 28 	 5 
# tissue	 29 	 5 
# tissue	 30 	 5 
# tissue	 31 	 5 
# tissue	 32 	 5 
# tissue	 33 	 5 
# tissue	 34 	 5 
# tissue	 35 	 5 
# tissue	 36 	 5 
# tissue	 37 	 5 
# tissue	 38 	 5 
# tissue	 39 	 5 
# tissue	 40 	 5 
# tissue	 41 	 5 
# tissue	 42 	 5 
# tissue	 43 	 5 
# tissue	 44 	 5 
# tissue	 45 	 5 
# tissue	 46 	 5 
# tissue	 47 	 5 
# tissue	 48 	 5 
# tissue	 49 	 5 
# tissue	 50 	 5 
# tissue	 51 	 5 
# tissue	 52 	 5 
# tissue	 53 	 5 
# Coefficients:
1 	 0 
1 	 0 
1 	 0 
1 	 0 
1 	 0 
2 	 0 
2 	 0 
2 	 0 
2 	 0 
2 	 0 
3 	 -0.01766962 
3 	 0.08473765 
3 	 0.1398468 
3 	 -0.1979027 
3 	 -0.01666251 
4 	 0 
4 	 0 
4 	 0 
4 	 0 
4 	 0 
5 	 0 
5 	 0 
5 	 0 
5 	 0 
5 	 0 
6 	 0 
6 	 0 
6 	 0 
6 	 0 
6 	 0 
7 	 0 
7 	 0 
7 	 0 
7 	 0 
7 	 0 
8 	 0 
8 	 0 
8 	 0 
8 	 0 
8 	 0 
9 	 0 
9 	 0 
9 	 0 
9 	 0 
9 	 0 
10 	 0.004740095 
10 	 -0.257128 
10 	 0.05722314 
10 	 0.02290637 
10 	 -0.03364205 
11 	 0 
11 	 0 
11 	 0 
11 	 0 
11 	 0 
12 	 0 
12 	 0 
12 	 0 
12 	 0 
12 	 0 
13 	 0 
13 	 0 
13 	 0 
13 	 0 
13 	 0 
14 	 0 
14 	 0 
14 	 0 
14 	 0 
14 	 0 
15 	 -0.00550229 
15 	 0.01793166 
15 	 -0.3367205 
15 	 -0.1880584 
15 	 0.2368665 
16 	 0 
16 	 0 
16 	 0 
16 	 0 
16 	 0 
17 	 -0.004442437 
17 	 -0.2851722 
17 	 0.1337385 
17 	 -0.124846 
17 	 -0.3673068 
18 	 0.009472916 
18 	 -0.5101784 
18 	 0.06649868 
18 	 -1.44219 
18 	 -0.1527833 
19 	 0 
19 	 0 
19 	 0 
19 	 0 
19 	 0 
20 	 -0.000274554 
20 	 -0.04335702 
20 	 -0.03661935 
20 	 0.1194814 
20 	 -0.1220985 
21 	 0 
21 	 0 
21 	 0 
21 	 0 
21 	 0 
22 	 -0.02459856 
22 	 -0.1335433 
22 	 0.36726 
22 	 -0.5488025 
22 	 -0.5336422 
23 	 0 
23 	 0 
23 	 0 
23 	 0 
23 	 0 
24 	 0 
24 	 0 
24 	 0 
24 	 0 
24 	 0 
25 	 0.06493782 
25 	 -0.1991006 
25 	 -0.2787916 
25 	 1.271248 
25 	 0.1031556 
26 	 0 
26 	 0 
26 	 0 
26 	 0 
26 	 0 
27 	 0 
27 	 0 
27 	 0 
27 	 0 
27 	 0 
28 	 0 
28 	 0 
28 	 0 
28 	 0 
28 	 0 
29 	 -0.04116029 
29 	 -0.3274884 
29 	 0.1422069 
29 	 0.1369269 
29 	 -0.04559755 
30 	 0 
30 	 0 
30 	 0 
30 	 0 
30 	 0 
31 	 0 
31 	 0 
31 	 0 
31 	 0 
31 	 0 
32 	 0 
32 	 0 
32 	 0 
32 	 0 
32 	 0 
33 	 0 
33 	 0 
33 	 0 
33 	 0 
33 	 0 
34 	 0 
34 	 0 
34 	 0 
34 	 0 
34 	 0 
35 	 0.0005667197 
35 	 0.01462487 
35 	 -0.02001295 
35 	 0.04678838 
35 	 -0.02841916 
36 	 0 
36 	 0 
36 	 0 
36 	 0 
36 	 0 
37 	 0 
37 	 0 
37 	 0 
37 	 0 
37 	 0 
38 	 -2.093755e-05 
38 	 -0.0001909272 
38 	 -5.826995e-05 
38 	 -0.0001657689 
38 	 2.279799e-05 
39 	 0 
39 	 0 
39 	 0 
39 	 0 
39 	 0 
40 	 0 
40 	 0 
40 	 0 
40 	 0 
40 	 0 
41 	 0 
41 	 0 
41 	 0 
41 	 0 
41 	 0 
42 	 0 
42 	 0 
42 	 0 
42 	 0 
42 	 0 
43 	 0 
43 	 0 
43 	 0 
43 	 0 
43 	 0 
44 	 0 
44 	 0 
44 	 0 
44 	 0 
44 	 0 
45 	 0 
45 	 0 
45 	 0 
45 	 0 
45 	 0 
46 	 0 
46 	 0 
46 	 0 
46 	 0 
46 	 0 
47 	 0 
47 	 0 
47 	 0 
47 	 0 
47 	 0 
48 	 0 
48 	 0 
48 	 0 
48 	 0 
48 	 0 
49 	 0.0002270703 
49 	 0.01496279 
49 	 0.02852435 
49 	 0.07683261 
49 	 -0.01834092 
50 	 0.03816355 
50 	 -0.06192203 
50 	 0.5373538 
50 	 0.4006016 
50 	 0.7143507 
51 	 0 
51 	 0 
51 	 0 
51 	 0 
51 	 0 
52 	 0 
52 	 0 
52 	 0 
52 	 0 
52 	 0 
53 	 0 
53 	 0 
53 	 0 
53 	 0 
53 	 0 
# Gene ID	Label	Prediction
0000000004 ENSG00000117586 	 1 	 0.1388811 
0000000008 ENSG00000175104 	 1 	 0.3436645 
0000000009 ENSG00000143184 	 1 	 0.1725002 
0000000009 ENSG00000164188 	 0 	 0.07883019 
0000000011 ENSG00000100722 	 0 	 0.01287647 
0000000013 ENSG00000213967 	 0 	 0.09257207 
0000000015 ENSG00000168970 	 0 	 0.1244647 
0000000016 ENSG00000160055 	 0 	 0.08788711 
0000000018 ENSG00000198373 	 0 	 0.08151948 
0000000019 ENSG00000118194 	 0 	 0.09370112 
0000000020 ENSG00000162607 	 0 	 0.1739084 
0000000027 ENSG00000243927 	 0 	 0.2031842 
0000000028 ENSG00000091129 	 0 	 0.08802765 
0000000029 ENSG00000025708 	 0 	 0.03241317 
0000000033 ENSG00000135902 	 0 	 0.08769184 
0000000036 ENSG00000124593 	 0 	 0.1858315 
0000000037 ENSG00000184470 	 0 	 0.6974396 
0000000039 ENSG00000137648 	 0 	 0.1361557 
0000000044 ENSG00000140943 	 0 	 0.1125522 
