# Prediction results for GO term: GO:0003071
# Model used: Logistic Regression with L1 Penalty
# ROC AUC Score: 0.5
# Tissues used:
Skin - Not Sun Exposed (Suprapubic)
# Number of folds used for cross-validation: 5
# Range of cost parameters:
0.0001	0.000263665089873	0.000695192796178	0.00183298071083	0.00483293023857	0.012742749857	0.0335981828628	0.088586679041	0.233572146909	0.615848211066	1.62377673919	4.28133239872	11.2883789168	29.7635144163	78.4759970351	206.913808111	545.559478117	1438.44988829	3792.69019073	10000.0
# Best cost parameter (determined by CV): [ 3792.69019073]
# Coefficients:
0.00077492862721	0.0	0.0	0.0	0.620217232565	0.0	0.00693943998548	-0.6328521189	0.006111330432	0.0	0.0	-1.49942007339	0.539887976387	0.49159738627	0.0	0.480034044668	-0.90274120167	2.01510046957	0.0562228161845	-1.78838022949	0.0	0.0	0.0	-1.76366926731	1.17808254459	0.0908967750602	0.0	0.000346629180444	0.0	0.0	0.108253270444	0.0	-1.21101937006	0.0	0.753801027626	0.334674617753	0.814530810971	0.602479825328	0.0	0.0	0.0	0.0	0.0	0.0	0.00437564222119	0.0	0.00579602022442	-0.615563956756	0.0	0.323773583449	0.000806673578228	0.0	0.0	1.61030867789	-36.4157503022	0.195918572889	0.371413209015	0.111492508871	0.076018088377	1.22059501888	-0.000792011720322	0.0	-1.03812181956	0.0	1.53181704202	0.964361547209	0.0	0.782003165082	-0.387761841641	0.48983079997	0.546828489045	0.0808839933143	0.0	0.776505219003	0.00734320268915	0.0	1.13021106146	0.0	0.0	-1.01640398932	0.0	0.0	0.0	0.0	0.0	1.1389300845	0.0	0.00867251654072	0.239221192486	0.83342329077	0.000201451999186	-0.282556413608	-0.440602018923	0.0	0.0	0.296813934057	-0.292619931942	0.0	0.0	0.0	-0.333564122661	-0.0332322025151	1.42665092673	1.22976248054	0.0	1.0157839357	0.0	0.0	0.0	0.193593452163	0.0	0.0	-1.97700427841	1.03242845896	0.0	0.681091104228	-0.555508132175	1.35326301828	0.0	0.0	1.42248810544	-2.24816371385	-1.2986025434	-1.3079468783	0.00693626551814	0.0	1.53416878489e-05	-0.962108564062	0.976297115175	-0.217689522978	0.00581440302864	0.0	0.0	0.00657740798853	-0.66604188436	0.774796392061	0.0	0.753087318612	0.0	-0.100123975847	1.0933264822	0.31250526857	0.0	0.0	11.8911850744	1.01941636891e-05	0.0	0.0	-0.142255916561	0.0	0.0700261361386	-0.90518982853	0.849003153205	0.0	6.58132301084e-05	0.0	0.0	-0.507505754779	0.0	-0.848174678313	0.456188791828	0.710774387776	-0.393359692746	1.37884615312	0.119521231206	0.0	3.55413218928e-05	-2.34386838021	0.0	0.0	0.00106131250816	-0.511251580391	0.160711056671	0.468563223856	0.000262639502897	1.04357147834	0.0	1.91043095631	0.0473823378095	0.0	0.337160434855	0.0	0.902248966681	0.483102094634	0.401939033203	5.47749663415e-05	-0.980786589509	0.0	1.0178609413	0.0	0.430838651853	0.302094748483	0.0	-0.656610065069	0.0	0.0	0.000843292687879	0.0	2.49692144148	0.0	0.0	4.36581342976	1.02484776123	7.44204973881e-05	0.00229899433928	0.000123756460668	0.0953126847342	0.0	0.0	0.416936735193	0.0	0.00641151548632	1.14129712017	0.0	0.0	0.175767730428	0.0	0.727499185576	0.936856015134	0.714488378488	-0.422677842596	0.0	0.235310296911	1.23688843793	-3.15282198849	0.0	-1.63744584338	-0.593472363053	0.0	0.0	0.524548258068	-1.08213186711	-0.0828665138555	0.0782440426847	0.565179751513	-0.0324007301908	0.237704031387	0.00027597634423	0.0530881639296	1.1658562232	0.0806063631325	-0.0188527980884	0.992054363391	0.0	0.726640136265	0.0	0.0	7.31838856377e-05	0.0169543135759	0.0
# Gene_ID	Label	Prediction	Decision_Func_Score	Prob_of_Pos
ENSG00000134825	0	1	20.372246578	0.999999998579
ENSG00000214022	0	0	-29.2047335174	2.07274266967e-13
ENSG00000186204	1	1	4.99567869004	0.993278359435
ENSG00000102710	0	0	-0.152198046588	0.46202376763
ENSG00000166049	0	0	-0.152198046588	0.46202376763
ENSG00000186115	1	0	-0.0776817952114	0.480589311303
ENSG00000100311	1	0	-12.7044713111	3.03750425465e-06
ENSG00000179142	1	0	-0.649821157298	0.343029840252
