# Prediction results for GO term: GO:0055003
# Model used: Logistic Regression with L1 Penalty
# ROC AUC Score: 0.9375
# Tissues used:
Breast - Mammary Tissue
# Number of folds used for cross-validation: 5
# Range of cost parameters:
0.0001	0.000263665089873	0.000695192796178	0.00183298071083	0.00483293023857	0.012742749857	0.0335981828628	0.088586679041	0.233572146909	0.615848211066	1.62377673919	4.28133239872	11.2883789168	29.7635144163	78.4759970351	206.913808111	545.559478117	1438.44988829	3792.69019073	10000.0
# Best cost parameter (determined by CV): [ 206.91380811]
# Coefficients:
0.0	0.0	0.0	0.0	0.0	0.0	-2.8625949207	0.0	0.0	0.0	-1.9075391261	0.0	0.0	0.0	-4.75996678061	-0.162074607989	0.0	0.0	-0.75984674394	0.0	0.0	0.0	0.0	0.0	0.0	0.0	-1.04494549108	-3.65220877228	0.0	0.0	-4.35511337424	0.0	0.0	0.0	0.0	0.0	0.0	0.0	-0.182877230348	-2.62186727301	-1.77472039281	-0.57319349949	0.0	-2.24175570027	-1.78922046747	0.0	0.0	0.0	-1.04787471123	0.0	0.0	0.0	0.0	0.0	0.0	0.0	0.0	0.0	17.92659991	0.0	0.0	0.0	0.0	0.0	-0.18218684957	0.0	0.0	0.0	0.0	13.4561151464	0.0	-0.474291958841	0.0	0.0	0.0	0.0	-4.72573222583	0.0	0.0	0.0	0.0	0.0	-4.38992896285	0.0	0.0	0.0	0.0	0.0	-4.37209898577	0.0	0.0	0.0	0.0	0.0	-3.55990978835	0.0	44.6256284513	0.0	0.0	0.0	0.0	0.0	0.0	0.0	0.0	0.0	0.0	0.0	0.0	0.0	0.0	0.0	0.0	0.0	0.0	0.0	-3.81874767538	0.0	0.0	-0.271420140889	0.0	0.0	-0.270973473778	0.0	0.0	0.0	0.0	0.0	0.0	0.0	0.0	0.0	0.0	0.0	-2.36195251381	0.0	0.0	0.0	0.0	0.0	0.0	0.0	0.0	0.0	0.0	0.0	0.0	0.0	0.0	0.0	0.0	0.0	0.0	0.0	0.0	0.0	0.0	0.0	-1.32588701424	0.0	0.0	0.0	0.0	0.0	0.0	0.0	0.0	-0.01658905714	0.0	0.0	0.0	0.0	0.0	0.0	0.0	-0.944398874599	-2.66857691393	0.0	0.0	-1.90606747917	0.0	0.0	-3.5308228348	0.0	0.0	0.0	0.0	0.0	0.0	0.0	0.0	5.56488784299	0.0	-1.06811682701	0.0	0.0	0.0	0.0	0.0	0.0	0.0	0.0	0.0	-2.56566382235	-0.236059347755	0.0	0.0	-0.109393085613	-0.45797528914	0.0	-0.908389000835	-5.89855518414	-0.900181720198	0.0
# Gene_ID	Label	Prediction	Decision_Func_Score	Prob_of_Pos
ENSG00000113721	1	1	18.1061183574	0.999999986303
ENSG00000173991	1	0	-3.12867660575	0.0419397498846
ENSG00000155657	1	1	16.3258330772	0.999999918758
ENSG00000241468	0	0	-13.8338084049	9.81867578159e-07
ENSG00000118245	0	0	-13.8286653679	9.86930362347e-07
ENSG00000164953	0	0	-3.1022925958	0.0430127866064
ENSG00000159251	1	0	-2.68140949755	0.0640792924588
ENSG00000159714	0	0	-16.7885378943	5.11482301924e-08
