# Prediction results for GO term: GO:0055003
# Model used: Logistic Regression with L1 Penalty
# ROC AUC Score: 0.75
# Tissues used:
Cells - EBV-transformed lymphocytes
# Number of folds used for cross-validation: 5
# Range of cost parameters:
0.0001	0.000263665089873	0.000695192796178	0.00183298071083	0.00483293023857	0.012742749857	0.0335981828628	0.088586679041	0.233572146909	0.615848211066	1.62377673919	4.28133239872	11.2883789168	29.7635144163	78.4759970351	206.913808111	545.559478117	1438.44988829	3792.69019073	10000.0
# Best cost parameter (determined by CV): [ 206.91380811]
# Coefficients:
0.0	0.0	0.0	0.0	0.0	0.0	0.0	0.0	0.0	0.0	0.0	0.0	0.0	0.0	0.0	0.0	0.0	0.0	0.0	0.0	0.0	12.4187365856	0.0	0.0	0.0	0.0	11.0880626366	-3.14560018552	0.0	-0.805511584569	0.0	0.0	0.0	0.0	0.0	-3.94418258474	0.0	0.0	0.0	0.0	0.0	-4.15067200987	0.0	0.0	0.0	0.0	0.0	0.0	0.0	0.0	0.0	-11.5326760931	0.0	0.0	0.0	7.44016206821	-1.73305313426	0.0	0.0	3.84837832919	0.0	0.0	0.0	0.0	0.0	0.0	0.0	-6.78230897105	0.0	0.0	0.0	0.0	0.0	0.0	-2.96057033161	0.0	-0.878562735607	0.0	0.0	9.14046725909	0.0	0.0	0.0	0.0	7.67289536932	0.0	3.29764191291	-9.81587528829	-17.5871993834	0.0	0.0	0.0	-0.216101932632	0.0	-4.0660002635	0.0	0.0	0.0	0.0	0.0	-0.000210151153517	0.0	0.0	0.0	0.0	-5.87775861046	0.0	0.0	4.5566951454	0.0	7.29474260355	0.0	0.0	0.0	0.0	0.0	0.0	0.0
# Gene_ID	Label	Prediction	Decision_Func_Score	Prob_of_Pos
ENSG00000083782	0	1	0.0326697825792	0.508166719286
ENSG00000105143	0	1	0.0326697825792	0.508166719286
ENSG00000134853	1	1	4.77947602924	0.991669579481
ENSG00000130175	0	1	0.0325236917745	0.508130206285
ENSG00000159714	0	0	-0.184200364514	0.454079674364
ENSG00000068305	1	0	-2.56893888906	0.0711644116496
ENSG00000140795	1	1	4.59224604952	0.989971509274
ENSG00000159251	1	1	25.2728120878	0.999999999989
