# Prediction results for GO term: GO:0021766
# Model used: Logistic Regression with L1 Penalty
# ROC AUC Score: 0.6875
# Tissues used:
Brain - Cerebellar Hemisphere
# Number of folds used for cross-validation: 5
# Range of cost parameters:
0.0001	0.000263665089873	0.000695192796178	0.00183298071083	0.00483293023857	0.012742749857	0.0335981828628	0.088586679041	0.233572146909	0.615848211066	1.62377673919	4.28133239872	11.2883789168	29.7635144163	78.4759970351	206.913808111	545.559478117	1438.44988829	3792.69019073	10000.0
# Best cost parameter (determined by CV): [ 0.61584821]
# Coefficients:
0.0	1.28372548536	0.0	0.0	0.0	0.0	0.0	0.0	0.0	0.0	0.0	0.0	0.0	0.0	0.0	0.182439267009	0.0	0.0	0.0	0.0	0.270726600032	0.0	0.0	0.0	0.0	0.0	0.0	0.0	0.0	0.0	0.0	0.0	0.0	0.00383547905734	0.0	0.0	0.0	0.0	0.0	0.0	0.0	0.0	0.0	0.0	0.0	0.0	0.0	0.0	0.0	0.0	0.0	0.0	0.0	0.0	0.0	0.0	0.0	0.0	0.0	0.0	0.0	0.0	0.0	0.0	0.0	0.0	0.0	0.0	0.0	0.0	0.0	0.0	0.0	0.0	0.0	0.0	0.0	0.0	0.0	0.0	0.0	0.0	0.0	0.0	0.0	0.0	0.0	0.0	0.0	0.0	0.0	0.0	0.0	0.0	0.0	0.0	0.0	0.0	0.0	0.0	0.0	0.0	0.0566358163749	0.0	0.0
# Gene_ID	Label	Prediction	Decision_Func_Score	Prob_of_Pos
ENSG00000169189	0	0	-1.19411188541	0.232524335088
ENSG00000129682	1	0	-1.22174899429	0.227628806532
ENSG00000118193	1	0	-1.37596488348	0.201657839065
ENSG00000145242	1	0	-0.742660428461	0.322422655464
ENSG00000214078	0	0	-1.390658162	0.199302705821
ENSG00000198931	0	0	-1.390658162	0.199302705821
ENSG00000082701	1	1	2.66445157738	0.934896138499
ENSG00000171634	0	1	0.684906521485	0.664832900899
