# Prediction results for GO term: GO:0050855
# Model used: Logistic Regression with L1 Penalty
# ROC AUC Score: 0.5
# Tissues used:
Brain - Cortex
# Number of folds used for cross-validation: 5
# Range of cost parameters:
0.0001	0.000263665089873	0.000695192796178	0.00183298071083	0.00483293023857	0.012742749857	0.0335981828628	0.088586679041	0.233572146909	0.615848211066	1.62377673919	4.28133239872	11.2883789168	29.7635144163	78.4759970351	206.913808111	545.559478117	1438.44988829	3792.69019073	10000.0
# Best cost parameter (determined by CV): [ 11.28837892]
# Coefficients:
-1.57845577593	0.0	0.0	0.0	0.0	0.0	0.0	0.0	0.0	0.0	0.0	0.0	0.0	0.0	0.0	0.0	0.0	0.0	0.0	0.0	0.0	0.0	0.0	0.0	0.0	0.0	0.0	0.0	0.0	0.0	0.0	0.0	0.0	0.0	0.0	0.0	0.0	0.0	0.0	0.0	0.0	0.0	0.0	1.53107339187	0.0	0.0	0.0	0.0	0.0	0.0	-2.05227267401	0.0	0.0	0.0	0.0	0.0	0.0	0.0	0.0	0.0	0.0	0.0	0.0	0.0	0.0	0.0	0.0	0.0	0.0	0.0	0.0	0.0	0.0	0.0	0.0	0.0	-1.72146521834	0.0	0.0	0.0	0.0	0.0	0.0	0.0	0.0	0.0	0.0	0.0	0.0	0.0	0.0	0.0	7.6562694059	0.0	0.0	0.0	0.0	0.0	0.0	0.0	0.0	0.0	0.0	0.0	0.0	0.0	0.0	2.75722766928	0.0	-7.11475516988	0.0	0.0	0.0	0.0
# Gene_ID	Label	Prediction	Decision_Func_Score	Prob_of_Pos
ENSG00000035720	1	1	1.45781181474	0.811197769388
ENSG00000254087	1	1	1.45781181474	0.811197769388
ENSG00000134242	1	1	0.969229368782	0.724965867997
ENSG00000135423	0	1	1.45781181474	0.811197769388
ENSG00000100968	0	1	1.45781181474	0.811197769388
ENSG00000120471	0	1	1.45781181474	0.811197769388
ENSG00000196950	1	1	5.80542782198	0.996997873667
ENSG00000213416	0	1	1.45781181474	0.811197769388
