# Prediction results for GO term: GO:0061311
# Model used: Logistic Regression with L1 Penalty
# ROC AUC Score: 0.75
# Tissues used:
Cells - EBV-transformed lymphocytes
# Number of folds used for cross-validation: 5
# Range of cost parameters:
0.0001	0.000263665089873	0.000695192796178	0.00183298071083	0.00483293023857	0.012742749857	0.0335981828628	0.088586679041	0.233572146909	0.615848211066	1.62377673919	4.28133239872	11.2883789168	29.7635144163	78.4759970351	206.913808111	545.559478117	1438.44988829	3792.69019073	10000.0
# Best cost parameter (determined by CV): [ 4.2813324]
# Coefficients:
0.0	0.0	0.0	0.0	0.824582113117	-0.626254331172	0.0	0.0	0.0	0.0	0.0	0.0	0.0	0.0	0.0	3.86964332801	1.12719766534	0.0	0.0	0.0	0.0	0.0	0.0	0.0	0.0	0.0	0.0	0.0	0.0	0.0	-0.760013594758	0.0	0.0	0.0	0.0	0.0	0.0	0.0	0.0	1.31097431366	0.0	0.0	0.0	0.0	0.0	0.0	0.0	0.0	0.0	0.0	0.0	0.0	0.0	0.0	0.0	0.0	0.0	0.0	-1.39772716666	0.0	0.0	0.0	0.0	0.0	0.0	0.0	0.0	0.0	0.0	-2.78709735007	0.0	0.0	0.0	0.0	0.0	0.0	0.0	0.0	0.0	0.0	0.0	0.0	0.0	0.0	0.0	0.0	0.0	0.0	0.0	0.0	0.0	0.0	0.0	0.0	0.0	0.0	0.0	0.0	0.0	0.0	-0.984754044141	0.0	0.0	0.0	0.0	0.0	0.0	0.0	0.0	0.0	0.0	0.0	0.0	0.0	0.0	0.0	0.0	0.0
# Gene_ID	Label	Prediction	Decision_Func_Score	Prob_of_Pos
ENSG00000067057	0	1	0.816140035353	0.693416362994
ENSG00000071462	0	0	-1.29322715714	0.215307081896
ENSG00000168214	1	0	-1.29322715714	0.215307081896
ENSG00000164683	1	1	10.0497297703	0.999956804445
ENSG00000142230	0	0	-6.9157048513	0.000991098690858
ENSG00000124216	1	1	0.772835644874	0.684133981205
ENSG00000061492	1	0	-1.29322715714	0.215307081896
ENSG00000136270	0	0	-1.3395951524	0.207576643484
