# Prediction results for GO term: GO:0061311
# Model used: Logistic Regression with L1 Penalty
# ROC AUC Score: 0.34375
# Tissues used:
Brain - Hippocampus
# Number of folds used for cross-validation: 5
# Range of cost parameters:
0.0001	0.000263665089873	0.000695192796178	0.00183298071083	0.00483293023857	0.012742749857	0.0335981828628	0.088586679041	0.233572146909	0.615848211066	1.62377673919	4.28133239872	11.2883789168	29.7635144163	78.4759970351	206.913808111	545.559478117	1438.44988829	3792.69019073	10000.0
# Best cost parameter (determined by CV): [ 0.61584821]
# Coefficients:
0.0	0.0	0.0	0.0	0.0	0.0	0.0	0.0	0.0	0.0	0.0	0.0	0.0	0.0	0.0	0.0	0.0	0.0	0.0	0.0	0.0	0.0	0.0	0.0	0.0	0.0	0.0	0.0	0.0	0.0	0.0	0.0	0.0	0.0	0.28021258825	0.0	0.0	0.0	0.0	0.0	0.0	0.0	0.0	0.0	0.0	0.0	0.0	0.0	0.0	0.0	0.0	0.0	0.0	0.0	0.0	0.0	0.0	0.0	0.0	0.0	0.0	0.0	0.218223178095	0.0	0.0	0.0	0.0	0.0	0.0	0.0	0.0	0.0	0.0	0.0	0.0	0.0	0.0	0.0	0.0	0.0	0.0	0.0	0.0	0.0	0.0	0.0	0.0	0.0	0.0	0.0	0.0	0.0	0.0	0.0
# Gene_ID	Label	Prediction	Decision_Func_Score	Prob_of_Pos
ENSG00000101384	1	1	0.366752962485	0.590674147312
ENSG00000061492	1	0	-0.446611310272	0.390166758809
ENSG00000134250	1	1	0.283676220088	0.570447266889
ENSG00000142230	0	1	0.677026723905	0.663074770249
ENSG00000154342	1	0	-0.472894199704	0.383931454513
ENSG00000136270	0	0	-0.472894199704	0.383931454513
ENSG00000067057	0	1	0.505473073905	0.623744659214
ENSG00000071462	0	0	-0.17704375961	0.455854310258
