# Prediction results for GO term: GO:0061311
# Model used: Logistic Regression with L1 Penalty
# ROC AUC Score: 0.875
# Tissues used:
Vagina
# Number of folds used for cross-validation: 5
# Range of cost parameters:
0.0001	0.000263665089873	0.000695192796178	0.00183298071083	0.00483293023857	0.012742749857	0.0335981828628	0.088586679041	0.233572146909	0.615848211066	1.62377673919	4.28133239872	11.2883789168	29.7635144163	78.4759970351	206.913808111	545.559478117	1438.44988829	3792.69019073	10000.0
# Best cost parameter (determined by CV): [ 0.61584821]
# Coefficients:
0.0	0.0	0.0	0.0	0.0	0.0	0.0	0.0	0.0	0.0	0.0	0.0	0.0	0.0	0.0	0.0	0.0	0.0	0.0	0.0	0.0	0.0	0.0	0.0	0.0	0.0	0.0	0.0	0.0	0.0	0.0	0.0	0.0	0.0	0.0	0.0	0.0	0.0	0.0	0.0	0.0	0.0	0.0	0.0	0.0	0.0	0.0	0.0	0.0	0.0	0.0	0.0	0.0	0.0	0.0	0.0	0.0	0.0	0.0	0.0	0.0	0.0	0.0	0.0	0.0	0.337035149436	0.0	0.0	0.0	0.0	0.0	0.0	0.0	0.0	0.0	0.0	0.0	0.0	0.0	0.0	0.0	0.0	0.0	0.0	0.0	0.0	0.0	0.0	0.0	0.0	0.0	0.0	0.0	0.0	0.0	0.0
# Gene_ID	Label	Prediction	Decision_Func_Score	Prob_of_Pos
ENSG00000128917	1	1	0.233977625332	0.558229000282
ENSG00000164683	1	0	-0.0964917828737	0.475895753592
ENSG00000134250	1	1	0.389987340458	0.596279651766
ENSG00000148400	1	1	0.381605572691	0.594260289104
ENSG00000083838	0	1	0.0514154703725	0.512851036687
ENSG00000071462	0	0	-0.294901436404	0.42680433998
ENSG00000142230	0	1	0.0467664606442	0.511689484731
ENSG00000136270	0	0	-0.294901436404	0.42680433998
