# Prediction results for GO term: GO:0002042
# Model used: Logistic Regression with L1 Penalty
# ROC AUC Score: 0.45
# Tissues used:
Brain - Hippocampus
# Number of folds used for cross-validation: 5
# Range of cost parameters:
0.0001	0.000263665089873	0.000695192796178	0.00183298071083	0.00483293023857	0.012742749857	0.0335981828628	0.088586679041	0.233572146909	0.615848211066	1.62377673919	4.28133239872	11.2883789168	29.7635144163	78.4759970351	206.913808111	545.559478117	1438.44988829	3792.69019073	10000.0
# Best cost parameter (determined by CV): [ 0.61584821]
# Coefficients:
0.0	0.0	0.0	0.0	0.0	0.0	0.0	0.0	0.0	0.0	0.0	0.0	0.0	0.0	0.0	0.0	0.502736626225	0.0	0.0	0.0	0.0	0.0	0.0	0.0	0.0	0.0	0.0	0.0	0.00299064216583	0.0	0.0	0.0	0.0	0.0	0.0	0.0	0.0	0.0	0.0	0.0	0.0	0.0	0.0	0.0	0.0	0.0	0.0	0.0	0.0	0.0	0.0	0.0	0.0	0.0	0.0	0.0	0.0	0.0	0.0	0.0	0.0	0.0	0.0	0.0	0.0	0.0	0.0	0.0	0.0	0.0	0.0	0.0	0.0	0.0	0.187652501228	0.0	0.0	0.0	0.0	0.0	0.0	0.0	0.0	0.0	0.0	0.0	0.0	0.0	0.0	0.0	0.0	0.0	0.0	0.0
# Gene_ID	Label	Prediction	Decision_Func_Score	Prob_of_Pos
ENSG00000112715	1	0	-0.622764264598	0.349153023951
ENSG00000138685	1	1	1.09260022017	0.748871043716
ENSG00000143569	0	0	-0.0685864074283	0.482860116587
ENSG00000196411	1	0	-0.0849076011571	0.478785843116
ENSG00000145147	1	0	-0.622764264598	0.349153023951
ENSG00000101365	0	1	1.67279334266	0.841947890995
ENSG00000099797	0	0	-0.622764264598	0.349153023951
ENSG00000125962	0	0	-0.471470047487	0.384268362154
ENSG00000112293	1	0	-0.0476487171951	0.488090073974
