# Prediction results for GO term: GO:0001974
# Model used: Logistic Regression with L1 Penalty
# ROC AUC Score: 0.375
# Tissues used:
Brain - Caudate (basal ganglia)
# Number of folds used for cross-validation: 5
# Range of cost parameters:
0.0001	0.000263665089873	0.000695192796178	0.00183298071083	0.00483293023857	0.012742749857	0.0335981828628	0.088586679041	0.233572146909	0.615848211066	1.62377673919	4.28133239872	11.2883789168	29.7635144163	78.4759970351	206.913808111	545.559478117	1438.44988829	3792.69019073	10000.0
# Best cost parameter (determined by CV): [ 545.55947812]
# Coefficients:
0.0	0.0	3.90083707905	0.0	0.0	0.0	0.0	0.0	-0.224853247874	0.0	0.0	-6.7854766839	0.0	0.0	0.60443367039	-7.98492781016	2.98352352155	0.0	0.0	0.0	0.0	3.88681031415	15.5985301606	0.0	-16.5145666217	0.0	0.0	0.0	0.0	0.0	0.0	0.0	-5.57856429836	0.0	0.0	0.0	1.5869910775	-5.83272117753	0.0	0.0	0.0	0.668150139547	0.0	-9.84480061999	-1.31829993888	0.0	0.0	-1.28248260925	0.0	0.0	0.0	0.0	-8.71246715369	0.0	0.0	0.0	0.0	-0.0885537949726	0.0	0.0	0.0	0.0	0.0	-3.27207863079	0.0	0.0	0.0	-9.30899676401	0.0	0.0	0.0	0.0	3.29154259854	24.5272639276	-0.133977011626	0.0	0.0	0.0	1.4004331127	0.0	11.8357664865	0.0	0.0	0.0	0.0	-2.58477199885	7.42524247254	0.0	0.0	0.0	2.52830777802	0.0	8.75952951699	0.0	0.0	0.0	0.0	0.0	1.25504017764	0.0	15.6379580647	-13.9732094172	-12.184788729	-9.41020441571	0.0	0.0	0.0	0.0	0.0	-3.89298975821	0.0	0.0	4.0461867626	19.6930870352	0.0	-0.950761711441	0.0
# Gene_ID	Label	Prediction	Decision_Func_Score	Prob_of_Pos
ENSG00000146374	1	0	-10.4349581272	2.9386137342e-05
ENSG00000139567	1	0	-1.574628968	0.171557496666
ENSG00000081189	1	0	-4.8280504037	0.00793858156749
ENSG00000128917	1	1	5.59852431595	0.996310339388
ENSG00000113328	0	1	14.6869364149	0.999999581646
ENSG00000129473	0	1	4.11124642441	0.983876878792
ENSG00000160087	0	0	-0.158811171961	0.460380442395
ENSG00000166922	0	0	-36.8337968495	1.00759332253e-16
