# Prediction results for GO term: GO:0001974
# Model used: Logistic Regression with L1 Penalty
# ROC AUC Score: 0.34375
# Tissues used:
Spleen
# Number of folds used for cross-validation: 5
# Range of cost parameters:
0.0001	0.000263665089873	0.000695192796178	0.00183298071083	0.00483293023857	0.012742749857	0.0335981828628	0.088586679041	0.233572146909	0.615848211066	1.62377673919	4.28133239872	11.2883789168	29.7635144163	78.4759970351	206.913808111	545.559478117	1438.44988829	3792.69019073	10000.0
# Best cost parameter (determined by CV): [ 1.62377674]
# Coefficients:
0.0	0.0	0.0	0.0	0.0	0.0	0.0	0.0	0.0	0.0	0.0	0.0	0.0	0.0	0.0	0.0	0.0	0.0	0.0	0.0	0.0	0.0	1.39098822386	0.550408538076	0.0	0.0	0.0	0.0	0.0	0.0	0.0	0.0	0.0	0.0	0.0	0.0	0.0	0.0	0.0	0.0	0.0	0.0	0.0	0.0	0.0	0.0	0.0	0.0	0.0	0.0	0.0	0.0	0.0	0.0	0.0	0.0	-0.82737939489	0.0	0.0	0.0	0.0	0.0	0.0	0.0	0.0	0.0	0.0	0.0	0.0	0.0	0.0	0.0	0.0	0.0	0.0	0.0	0.0	0.0	-0.732090687321	0.0	0.0	0.0	0.0	0.0	0.0	0.0	0.0	0.0	0.0	0.0	0.0	0.0	0.106448107357	0.0	0.0	0.885070639867	0.0	0.0	0.0	0.0	0.0	0.0	0.0	0.0
# Gene_ID	Label	Prediction	Decision_Func_Score	Prob_of_Pos
ENSG00000159640	1	0	-0.783481532999	0.313570021498
ENSG00000114739	1	1	0.167928949177	0.541883856002
ENSG00000186583	0	0	-0.578777056904	0.359214041375
ENSG00000121807	1	0	-0.990690404565	0.270775731392
ENSG00000139567	1	1	0.0577495970256	0.514433388181
ENSG00000129493	0	0	-0.990690404565	0.270775731392
ENSG00000225190	0	1	2.27306665146	0.906621730634
ENSG00000170004	0	1	3.41718282378	0.968237246712
