# Prediction results for GO term: GO:0051917
# Model used: Logistic Regression with L1 Penalty
# ROC AUC Score: 0.6875
# Tissues used:
Brain - Frontal Cortex (BA9)
# Number of folds used for cross-validation: 5
# Range of cost parameters:
0.0001	0.000263665089873	0.000695192796178	0.00183298071083	0.00483293023857	0.012742749857	0.0335981828628	0.088586679041	0.233572146909	0.615848211066	1.62377673919	4.28133239872	11.2883789168	29.7635144163	78.4759970351	206.913808111	545.559478117	1438.44988829	3792.69019073	10000.0
# Best cost parameter (determined by CV): [ 0.61584821]
# Coefficients:
0.0	0.0	0.0	0.0	0.0	0.0	0.0	0.0	0.0	0.0	0.0	0.0	0.0	0.0	0.0	0.0	0.0	0.0	0.0	0.0	0.0	0.0	0.0	0.0	0.0	0.0	0.0	0.0	0.0	0.0	0.0	0.0	0.0	0.0	0.0	0.0	0.0	0.0	0.0	0.0	0.0	0.0	0.0	0.0	0.0	0.0	0.0	0.0	0.0	0.0	0.0	0.0	0.0	0.0	0.0	0.0	0.0	0.0	0.0	0.0	0.0	0.0	0.0	0.0	0.0	0.0	0.0	0.0	0.0	0.0	0.0	0.0	0.0	0.0	0.0	0.0	0.0	0.0	0.0	0.0	0.0	0.0	0.0	0.0	0.0	0.0	0.0	0.0	0.0	0.0	0.0	0.0	0.0	0.0	0.0	0.0	-0.660399525996	0.0	0.0	0.0	0.0	0.0	0.0	0.0	0.0	0.0	0.0	0.0
# Gene_ID	Label	Prediction	Decision_Func_Score	Prob_of_Pos
ENSG00000078098	1	1	0.326112157676	0.580813105318
ENSG00000180104	0	0	-0.373268089852	0.407751572508
ENSG00000164344	1	1	0.255582476453	0.56355005828
ENSG00000091583	1	1	0.326112157676	0.580813105318
ENSG00000137801	1	1	0.0744474720901	0.518603276542
ENSG00000102901	0	1	0.326112157676	0.580813105318
ENSG00000120149	0	1	0.312285520074	0.577443032401
ENSG00000187736	0	0	-0.286206772108	0.428932764626
