# Prediction results for GO term: GO:0051917
# Model used: Logistic Regression with L1 Penalty
# ROC AUC Score: 0.8125
# Tissues used:
Skin - Sun Exposed (Lower leg)
# Number of folds used for cross-validation: 5
# Range of cost parameters:
0.0001	0.000263665089873	0.000695192796178	0.00183298071083	0.00483293023857	0.012742749857	0.0335981828628	0.088586679041	0.233572146909	0.615848211066	1.62377673919	4.28133239872	11.2883789168	29.7635144163	78.4759970351	206.913808111	545.559478117	1438.44988829	3792.69019073	10000.0
# Best cost parameter (determined by CV): [ 10000.]
# Coefficients:
-0.0493218252535	0.0	0.295745558815	0.209506390655	0.398420669478	-1.23387764022	0.337222533822	0.0	0.0334019281581	0.139156301969	0.000707600168131	0.0631668021106	0.0	-0.505216298029	-1.52985710043	0.0	0.259704785887	0.53103611028	0.339249537347	0.12807949734	-0.746912374895	0.0959246204781	0.356173778849	-1.08943910653	-1.14242530235	0.280596669419	0.303128961035	0.292631557247	0.490643111771	1.21955201904	0.292006964013	-0.0970460858144	0.472181966085	0.196834484854	0.0	0.033888893235	-0.446026859984	0.389907296142	1.34274706167	0.537926311529	-0.120848353759	0.484485127631	0.0	-0.610062588031	-0.206277696726	1.60986717574	0.0	-0.466414592914	-0.25129085697	0.0406549863242	0.248208749583	0.0	-0.842895783187	0.0303408393054	0.415257020679	0.542839593992	0.478402235654	0.0	0.674141280797	0.0	0.141886190027	-1.50762684756	1.39139847256	0.113893074217	0.0432441418719	-4.07812509657	0.466261034952	0.173398774274	0.0	0.0	-0.928864107533	0.0561206785351	-0.13148710014	0.0	0.118684889967	0.0	0.852906200614	-0.544175870669	0.0	0.0	0.0	0.23240606756	0.053241309667	0.0	0.908259709368	0.111898050922	0.0697977117218	0.270226926483	0.581547468844	0.0	0.0	0.0	0.313010636048	-8.72900073558	0.0	-1.79432613981	-0.394233228827	0.402714721197	0.0775672317005	0.0	0.0739661705474	0.146337886352	0.240735620284	0.234175144483	0.220380251506	0.0	1.51356671091	0.351462657723	0.308080711024	-0.34637012868	0.142619153913	0.351485565017	0.689997822138	0.0	0.442206704736	0.187915941603	0.0200050837966	0.0437910796171	0.371694421274	-0.940457721572	0.628720072754	0.0	0.169617429769	0.491864166374	0.34856681753	0.794394056313	0.481782769463	0.0	0.62310064597	0.365399120764	0.288553682073	0.0	0.0	0.0	0.0261414952861	0.427106814905	2.04236050289	0.0	0.448186343809	0.413425121215	1.42967390056	0.191813627476	0.0	-0.456882578855	-0.120714294498	0.20573168441	-0.244859152577	0.0821751217343	0.0747152432076	0.00862747445809	0.0	0.198493918755	0.0368795798632	0.428143782171	0.0	0.314713446355	0.603606152227	0.0	0.00751837048101	0.0	0.448149206771	0.403911208945	0.194239742287	0.210761371312	0.791834181187	0.827051939902	1.08319397711	0.0961618073524	0.475160780809	0.0	0.275060946465	0.341293165783	0.287658441472	0.115742208944	0.0	0.186000083388	0.00290240639849	0.0	0.302440059735	0.43310570473	0.469945318129	0.252196790925	0.030303643759	0.237014719531	0.0	0.261398723412	0.00111928894928	-6.63339005742	1.01104666453	0.825508052417	0.00188391198658	0.315171428352	0.395300163076	0.00241993776658	0.243395062931	0.563542933555	0.746510003263	0.154863280679	0.297752891825	0.0836463472951	0.0	0.354839548189	0.156048257464	0.63758231332	0.0	0.0	0.368954285582	1.56914873946	-0.0832677214381	0.180981237148	0.350399518606	0.470320336806	0.338721269507	0.0956183585691	0.0525661833213	0.00230492890451	0.290393528098	0.665659235023	0.0	0.205702982145	0.414204170035	0.0747657203907	0.268416721731	0.0633808041918	0.0	0.455642067639	-12.685558188	0.601075645214	0.0	1.30781710474	1.99948034606	1.25994417759	-1.57640937536	0.0620599709267	-0.045971321005	0.0	0.0	1.34263185849	0.0066386258311	0.0073423720763	-0.404665849755	0.0396814248123	1.51581862047	0.90997802086	0.414587702276	0.82893576228	0.080600691395	0.338239045759	0.546179373323	0.471534199343	0.304477890784	0.0	0.084259043339	0.0	0.0	0.0	0.0	0.0643510961654	0.0	0.0	0.224746409341	-0.489086138466	0.30090589873	0.945412200111	0.105520659018	-0.00274514861422	1.510191335	0.0204319522212	0.213048609839	0.0	0.350314919478	0.121038145307	0.0370046683141	0.186910196853	6.18600473022	0.0	0.43040664984	1.21453017756	-8.89332361839	0.0210741797098	0.0	0.853853449749	0.133492233986	0.0	0.379438310299	0.0	0.0	0.456310472718	0.0	-8.3256184937	0.3929111125	-3.9085654266	0.108730196495	-0.499877879764	0.293690618793	-0.486398539733	0.0	0.299727418963	0.667126381647	0.0	0.0	0.0	-7.84515590048	-0.561149065442	-13.8874663478	-0.476511300303	0.320099772777	0.0621531433066	0.225857523863	0.428797345824	0.300537651593	0.0	0.351408043299	0.0	0.00853299548456	0.575448547847	0.00144945569431	0.772487548726	0.214478055221	-0.580626848371	0.0	0.0	0.66063801248	0.205141000105	0.0	0.270626143765	0.0	0.0	0.0	0.438227590024	0.0	0.0	1.36261442816	0.651759246035	0.132364898856	0.51563311197	0.0	0.748067640382	0.1854015366	0.164996880599	0.99356948116	1.30848306908	0.0	0.296914781605	0.0473427705056	0.0	-0.000318369529102	0.310491695773	0.170428248099	0.0	0.569186844157	-10.6988349919	0.0	0.557259972498	6.00804955131	0.0	0.177022789488
# Gene_ID	Label	Prediction	Decision_Func_Score	Prob_of_Pos
ENSG00000178726	1	0	-11.3679238385	1.15602808638e-05
ENSG00000131187	1	1	1.30029479282	0.785884592012
ENSG00000116237	0	1	3.78040352924	0.977695362816
ENSG00000122194	1	1	5.13939990937	0.994172947641
ENSG00000267855	0	1	0.725801532488	0.673883272472
ENSG00000187736	0	0	-25.1930922435	1.1449303202e-11
ENSG00000113905	1	1	4.14595435263	0.984418309096
ENSG00000133318	0	0	-32.209080814	1.02748132072e-14
