# Prediction results for GO term: GO:0045577
# Model used: Logistic Regression with L1 Penalty
# ROC AUC Score: 1.0
# Tissues used:
Vagina
# Number of folds used for cross-validation: 5
# Range of cost parameters:
0.0001	0.000263665089873	0.000695192796178	0.00183298071083	0.00483293023857	0.012742749857	0.0335981828628	0.088586679041	0.233572146909	0.615848211066	1.62377673919	4.28133239872	11.2883789168	29.7635144163	78.4759970351	206.913808111	545.559478117	1438.44988829	3792.69019073	10000.0
# Best cost parameter (determined by CV): [ 1.62377674]
# Coefficients:
0.0	0.0	0.0	0.0	0.0	0.0	0.0	0.0	0.0	0.0	0.0	0.0	0.0	0.0	0.0	0.0	0.0	0.0	0.0	0.0	0.0	0.0	0.0	0.0	0.0161054809814	0.0	0.0	0.0	0.0	0.0	0.0	0.0	0.0	0.0	0.0	0.0	0.0	0.0	0.0	0.0	1.11644556694	0.0	0.0	0.0	0.0	0.0	0.0	0.0	0.0	0.0	0.0	0.0	0.0	0.0	-0.0408697430907	0.0	0.154150830746	0.0	0.0	0.0	0.0	0.0	0.0	0.0	0.0	0.0	0.0	0.0	0.0	0.765616302834	0.0	0.0	0.0	0.0	0.0	0.0467053041803	0.0	0.0	0.0	0.0	0.0	0.0	0.0	0.0	0.0	0.0	0.0	0.0	0.0	0.0	0.0	0.0	0.0	0.0	0.0	0.0
# Gene_ID	Label	Prediction	Decision_Func_Score	Prob_of_Pos
ENSG00000115085	1	1	0.472630867662	0.616006258158
ENSG00000100884	0	0	-1.3043582161	0.213432450064
ENSG00000157227	1	1	6.05546651637	0.997660478316
ENSG00000149925	0	0	-1.3043582161	0.213432450064
ENSG00000010671	1	1	0.363097979204	0.589790160056
ENSG00000092020	1	1	0.534113838436	0.630442087298
ENSG00000163864	0	0	-1.28909929379	0.21600530371
ENSG00000168026	0	0	-0.993879003252	0.270146583082
