# Prediction results for GO term: GO:0010460
# Model used: Logistic Regression with L1 Penalty
# ROC AUC Score: 0.65
# Tissues used:
Spleen
# Number of folds used for cross-validation: 5
# Range of cost parameters:
0.0001	0.000263665089873	0.000695192796178	0.00183298071083	0.00483293023857	0.012742749857	0.0335981828628	0.088586679041	0.233572146909	0.615848211066	1.62377673919	4.28133239872	11.2883789168	29.7635144163	78.4759970351	206.913808111	545.559478117	1438.44988829	3792.69019073	10000.0
# Best cost parameter (determined by CV): [ 1.62377674]
# Coefficients:
0.0	0.0	0.0	0.0	0.0	0.0	0.0	0.0	0.0	0.0	1.67995971973	0.0	0.0	0.0	0.0	0.0	0.0	0.0	0.0	0.0	0.0	0.0	0.0	0.0	0.0	0.0	0.0	0.0	0.0	-0.585450637909	0.0	0.0	0.0	0.0	0.0	0.0	0.0	0.0	0.0	0.0	0.0	0.0	0.0	0.0	0.0	0.0	0.0	0.0	0.0	0.0	0.0	0.0	0.0	0.0	0.0	0.0	0.0	0.0	0.0	0.0	0.0	0.0	0.0	0.0	0.0	0.0	0.0	0.0	0.0	0.0	0.0	0.0	0.0	0.0	0.0	0.0	0.0	0.0	0.0	0.0	0.0	0.0	0.0	0.0	-0.282376227254	0.0	0.0	0.0	0.0	0.0	0.0	0.0	0.0	0.0	0.0	0.0	0.0	0.0	0.0	0.0	0.0	0.0	0.0	0.0
# Gene_ID	Label	Prediction	Decision_Func_Score	Prob_of_Pos
ENSG00000130529	1	1	0.347543812136	0.586021833314
ENSG00000142494	0	0	-0.913792413456	0.286224419453
ENSG00000043591	1	0	-0.465403620002	0.385704720466
ENSG00000149131	0	1	2.82457024221	0.943989202437
ENSG00000139620	0	0	-0.544500288459	0.367141322872
ENSG00000087586	0	0	-0.544500288459	0.367141322872
ENSG00000053918	1	1	0.661830937737	0.659671563205
ENSG00000166257	1	0	-0.594917313533	0.355507391347
ENSG00000175206	1	0	-0.355890330924	0.411954763705
