# Prediction results for GO term: GO:0030220
# Model used: Logistic Regression with L1 Penalty
# ROC AUC Score: 0.21875
# Tissues used:
Brain - Hippocampus
# Number of folds used for cross-validation: 5
# Range of cost parameters:
0.0001	0.000263665089873	0.000695192796178	0.00183298071083	0.00483293023857	0.012742749857	0.0335981828628	0.088586679041	0.233572146909	0.615848211066	1.62377673919	4.28133239872	11.2883789168	29.7635144163	78.4759970351	206.913808111	545.559478117	1438.44988829	3792.69019073	10000.0
# Best cost parameter (determined by CV): [ 4.2813324]
# Coefficients:
0.0	0.0	0.0	0.0	0.0	0.0	0.0	0.0	0.0	0.0	0.0	0.0	0.0	0.0	0.0	0.0	0.0	0.0	0.0	0.0	0.0	0.62076862533	0.0	0.0	0.0	0.0	0.0	0.0	0.0	0.0	0.0	0.0	0.0	0.0	0.0	0.0	0.0	0.0	0.0	0.0	0.0	0.0	0.0	2.32610382219	0.0	0.0	0.0	0.0	0.0	0.0	0.0	0.0	0.277857263591	0.0	2.57951059223	0.0	0.0	0.0	0.0	0.0	0.0	0.0	0.0	0.0	0.0	0.0	0.0	0.0	0.0	0.0	0.0	0.0	0.0	0.0	0.0	0.0	0.0	0.0	0.0	0.0	0.0	0.0	0.0	0.0	0.0	0.0	0.0	0.0	0.0	0.0	0.0	0.0	0.0	0.0
# Gene_ID	Label	Prediction	Decision_Func_Score	Prob_of_Pos
ENSG00000110917	0	1	9.84406971144	0.999946941887
ENSG00000115414	0	0	-2.83101857918	0.0556708253655
ENSG00000164305	1	0	-4.44291735905	0.0116248491376
ENSG00000256574	0	0	-4.37922616953	0.0123798724953
ENSG00000102145	1	0	-4.44291735905	0.0116248491376
ENSG00000143870	0	0	-4.44291735905	0.0116248491376
ENSG00000081189	1	0	-4.44291735905	0.0116248491376
ENSG00000160796	1	0	-2.85166018324	0.0545955636527
