# Prediction results for GO term: GO:0045620
# Model used: Logistic Regression with L1 Penalty
# ROC AUC Score: 0.640625
# Tissues used:
Whole Blood
# Number of folds used for cross-validation: 5
# Range of cost parameters:
0.0001	0.000263665089873	0.000695192796178	0.00183298071083	0.00483293023857	0.012742749857	0.0335981828628	0.088586679041	0.233572146909	0.615848211066	1.62377673919	4.28133239872	11.2883789168	29.7635144163	78.4759970351	206.913808111	545.559478117	1438.44988829	3792.69019073	10000.0
# Best cost parameter (determined by CV): [ 10000.]
# Coefficients:
-0.00168226830881	0.0	-1.42760286939	-0.388111447935	0.0750160862346	1.37578286471	0.000779304346684	0.876314665274	0.00128515966028	0.0746895510431	-0.0349700435192	-2.86366402665	-6.73787434137	0.541318990967	0.608154707937	0.000788903901701	3.45264955465	-0.0247690105022	-4.63752092838	-1.97240062726	-1.37119630548	1.84723125293	-0.849379018498	-1.45140680517	2.64048370591	1.17785348826	-0.0469114218593	2.57350046723	-3.16042549148	-0.655030495508	-0.000635601086277	1.50560896053	-0.35475310104	-2.71266681867	-0.563037263871	1.75907849713	0.0	-0.516928565434	-0.490029671679	-1.55612530595	2.4968278461	-0.385299244434	0.967302028041	0.0104978890504	3.64337417384	-0.219607730873	3.27379822314	-0.000793936432204	-0.233175778273	2.24375555481	1.6192815059	0.00117366048621	0.606031855875	1.46801118676	1.10066240956	0.797365027202	-1.82602107138	1.91276608347	-0.638654861269	0.000260952883426	3.61932317987	2.99473007581	-1.23729813108	1.19526191405	-1.69904615531	0.0194849896699	0.0989257980692	-14.305454079	0.165139298692	-2.96055434094	-1.38339313569	-0.42235181809	1.14856862695	0.000645402180135	1.21447980788	0.0	-0.369419573559	-2.37283500817	-0.08550171675	-2.74655920844	-4.00486959964	0.290959446872	0.00576099404939	0.0	5.82426825631	0.0199251544413	0.483050705381	-0.91983375538	3.11647389489	0.0	0.000659462880828	2.1031534319	1.04266766331	1.63593442589	0.849940628845	-0.374464808858	0.715580666558	-1.41947661321	3.70041090745	0.0	-3.27805372874	-0.000217030307039	-2.84057482148	-0.454518094056	2.19462141058	-13.0593466852	1.88497236205	1.36621022632	-1.74024220787	3.61909991041	0.198269261285	1.96451210753	3.23978629403	-5.80784393282	5.12222395891	-0.241578904092	-1.23631486877	-0.49962836323	6.03622332204	4.75531067744	-3.12387166022	2.51620310397	0.520288498161	-1.43639442114	1.33921564732	-1.78875599586	-0.548769264082	0.000992487992194	4.20272212105	2.34498627977	1.32378121071	2.84594027929	0.160116505381	-0.227811397702	-0.27854924568	-3.61339213357	-7.89324561884	0.758779451066	2.45111714346	0.0591583937551	2.93688749906	0.000658686508108	-0.417760103083	-1.05820621392	1.38620553915	-0.00195171143406	0.0	1.99343184221	0.0	0.460946953978	-1.1292630791	-2.33194176569	-0.764264192254	2.48537143543	-0.757634916223	1.41495120756	0.440083076661	0.0	0.973415856969	1.378212761	-0.352708889829	2.27409336217	-0.359913470407	-2.97790851591	-1.45632377982	-1.21254251805	1.49544115176	0.0	-0.744683517019	0.975475588607	0.0	-2.07658672807	4.48710318167	-0.524224005964	0.0171338975943	-5.24543748821	-13.4052580574	-1.99816703622	-10.7164656654	-5.95373665704	0.0	-1.79818805595	-7.55284851739	0.272437206777	-0.125252941884	-0.578997614486	-4.27519333085	1.08259213764	6.22081928971	0.25829638174	0.737852021063	0.381901353544	0.500856551025	-1.09086688355	5.51886874905e-05	-1.35186501008	-1.12461046971	-0.691960424035	0.221909456604	-10.1858190659	-0.937057761258	-0.156859817261	-0.391743907998	-0.35369567318	-2.91276412308	-2.04443314854	0.28780816443	0.00344341518856	0.180269828521	0.0	0.0	-1.08547725753	17.3286086861	3.41049850742	4.66049754404	0.379623208758	-1.08813865162	-0.995241394653	0.0	0.235631246249	1.29430940446	-0.122775163303	-0.282690281916	-7.89298831975	-3.21553779006	1.02690171125	1.20918002827	0.544196678948	-0.92348542354	-0.696498682132	-0.101991770421	1.57322515919	0.758338128395	7.17172888539	0.000100787650769	3.92247200891	0.0	-1.45070047668	1.89550479774	1.98910192692	5.1244338439	-9.62192555914	-1.97785572939	1.37845063184	-0.0769040127726	2.57455382698	0.0438274850529	-0.00151716548039	-0.000152016148564	3.95142901255	-0.642833255687	9.58523635963	3.77330331054	0.465761704225	2.03932129769	0.0	4.91811371521	-0.000278801629446	0.154319341523	-0.493045887534	0.354653943378	0.348632827689	-6.57140444062e-05	0.776622913482	1.16762242573	-0.31170068709	0.97839865052	3.64663537207	0.00535881436428	-1.54869388186	0.679650416157	0.0	0.206501124844	-2.0872040496	-7.0380252949	-1.59817205831	0.0	1.49187286685	3.22045038816	1.24988567183	-0.740551600022	0.331397575411	0.0	0.804824383046	0.0	0.0	-0.063977701604	0.348473734518	1.39209206812	2.19659568978	1.25707002179	1.51837707884	-3.81857243645	-3.05239557964	0.908490090272	-1.04286020164	-3.93262271984	0.0762395916934	0.338744100371	0.583144325877	1.67987644571	6.29218837132	1.20517041167	0.0	-1.99693271939	0.507500984995	0.107965967873	2.24030045637	1.8061692287	-1.68405664574	3.08716141887	-0.0787139090865	3.2999064388	0.0	-2.73869590877	-0.842825057688	3.10092179464	-3.09692107918	3.46214033243	-1.04700300762	-1.21099337854	4.59525445804	0.00660602533562	0.103551846523	0.00141875498197	-2.26945915377	3.87044123413	3.33569175021	0.0	-2.11170640788	0.438809086589	0.933490105052	-1.24370603522	0.693641762918	-7.23978682277	-2.29527888205	0.00359701512495	0.0	0.122435028414	-0.297347635845	0.0	-1.93279231782	1.70647213389	7.04301714148	0.371631555158	0.938096024462	2.49110160549	1.08775470143	-0.446735122205	0.0	-2.03465321667	0.354832695084	-0.860558100411	-2.20917473785	-0.60681601732	0.0775694397739	2.19825920811	0.0457716844268	0.0	0.13004677358	5.5064006752	0.0	0.111124668132	1.72333786586	0.823997769702	8.50426659534	1.41650246926	-2.01011890216	0.0256003483254	-0.173144687164	1.29080051395	1.77337904247	-0.000448753249351	-1.53309048075	-13.6894306139	-1.0777903719	0.00230325452117	1.16587935095	-2.15913374954	-0.540794192126	-1.62340518011	-0.862490299016	-0.23896861454	0.00638578258419	-0.357987392288	-0.4262685012	0.00181386697855	-6.3403571045e-05	-1.35390777283	1.59400089001	-5.57386698441	-2.36213144174	-0.260125935517
# Gene_ID	Label	Prediction	Decision_Func_Score	Prob_of_Pos
ENSG00000126733	0	0	-1.17803498884	0.235405694399
ENSG00000168961	0	0	-1.17800716543	0.235410702367
ENSG00000125347	1	1	31.4018732605	1.0
ENSG00000188379	1	0	-0.79839837302	0.310368226615
ENSG00000130177	0	0	-5.84579542745	0.00288369365644
ENSG00000121210	1	0	-35.0060729012	6.26694244105e-16
ENSG00000171877	0	0	-1.17803498884	0.235405694399
ENSG00000147889	1	1	0.291736942111	0.572421311842
ENSG00000189403	1	1	7.60920358972	0.999504379147
ENSG00000067057	0	1	0.288698237564	0.571677410108
ENSG00000182393	1	1	0.0792755071785	0.519808503828
ENSG00000163599	1	0	-0.340426236819	0.415705942762
ENSG00000171150	1	1	30.2548655126	1.0
ENSG00000170855	0	1	43.4997894457	1.0
ENSG00000015479	0	0	-1.17803498884	0.235405694399
ENSG00000104613	0	1	29.9381285016	1.0
