# Prediction results for GO term: GO:0001977
# Model used: Logistic Regression with L1 Penalty
# ROC AUC Score: 0.375
# Tissues used:
Brain - Cerebellar Hemisphere
# Number of folds used for cross-validation: 5
# Range of cost parameters:
0.0001	0.000263665089873	0.000695192796178	0.00183298071083	0.00483293023857	0.012742749857	0.0335981828628	0.088586679041	0.233572146909	0.615848211066	1.62377673919	4.28133239872	11.2883789168	29.7635144163	78.4759970351	206.913808111	545.559478117	1438.44988829	3792.69019073	10000.0
# Best cost parameter (determined by CV): [ 78.47599704]
# Coefficients:
0.0	0.0	0.0	0.0	0.0	0.0	0.0	0.0	0.0	0.0	0.0	0.0	0.0	0.0	0.0	0.0	0.0	7.20240597804	0.0	0.0	0.0	0.0	0.0	-10.1881129719	0.0	0.0	0.0	0.0	0.0	0.0	0.0	-9.17552063647	0.0	0.0	0.0	0.507840837444	0.0	0.0	0.0	0.0	0.0	0.0	0.0	0.0	0.0	0.0	0.0	0.0	0.0	0.0	0.0	0.0	0.0	0.0	0.0	0.0	0.0	18.5261779002	0.0	0.0	-6.74744099639	0.0	0.0	0.0	0.0	0.0	0.0	0.0	-1.21050275375	0.56501854536	0.0	0.0	0.0	0.0	0.0	0.0	0.0	0.0	0.0	0.0	0.0	0.0	0.0	0.0	0.0	0.0	0.0	0.0	0.0	0.0	0.0	0.0	0.0	0.0	0.0	0.0	0.0	0.0	0.0	0.0	0.0	0.0	0.0	0.0	0.0
# Gene_ID	Label	Prediction	Decision_Func_Score	Prob_of_Pos
ENSG00000186204	1	1	3.55495617671	0.972211636955
ENSG00000026025	0	1	5.65741137918	0.996520604967
ENSG00000137210	0	1	3.55495617671	0.972211636955
ENSG00000151490	1	0	-1.0179242729	0.265431924166
ENSG00000186115	1	1	3.55495617671	0.972211636955
ENSG00000198825	0	0	-5.38088700354	0.00458263932344
ENSG00000171103	0	1	2.6394407071	0.93335718397
ENSG00000183087	1	0	-6.37872292821	0.00169441322407
