# Prediction results for GO term: GO:0001977
# Model used: Logistic Regression with L1 Penalty
# ROC AUC Score: 0.5625
# Tissues used:
Esophagus - Muscularis
# Number of folds used for cross-validation: 5
# Range of cost parameters:
0.0001	0.000263665089873	0.000695192796178	0.00183298071083	0.00483293023857	0.012742749857	0.0335981828628	0.088586679041	0.233572146909	0.615848211066	1.62377673919	4.28133239872	11.2883789168	29.7635144163	78.4759970351	206.913808111	545.559478117	1438.44988829	3792.69019073	10000.0
# Best cost parameter (determined by CV): [ 545.55947812]
# Coefficients:
0.0	0.0	0.0	2.48255198792	8.84087107025	0.0	-1.71806362525	0.0	0.0	0.0	0.0	0.0	0.0	0.0	0.0	0.0	1.65042407605	0.0	0.0	0.0	0.0	0.0	0.0	0.0	0.0	0.0	0.0	0.0	-6.3581476905	0.0	0.0	0.0	0.0	0.0	0.0	0.0	0.0	0.0	0.0	0.0	0.0	0.0	0.0	0.0	0.0	0.0	0.0	0.0	0.0	0.0	0.0	0.0	0.0	0.0	0.0	0.0	0.0	0.520078949633	0.0	0.0	0.0	0.0	1.66403435783	0.0	0.0	0.0	0.0	0.0	0.0	0.0	0.0	0.0	0.0	0.0	0.0	0.0	0.0	0.0	0.0	0.0	0.99888968716	0.0	0.0	0.0	0.0	0.0	0.0	0.0	0.0	0.0	0.0	0.0	0.0	0.0	0.0	-0.569725107345	0.0	0.0	0.0	0.0	0.0	0.0	0.0	0.0	0.0	0.0	0.0	0.0	0.0	2.90615989771	0.0	0.0	0.0	0.0	0.0	0.0	0.0	0.0	-6.64875306337	0.0	0.0	0.0	0.0	0.0	0.0	0.0	0.0	0.0	0.0	0.0	0.0	0.0	0.0	0.0	0.0	0.0	0.0	0.0	0.0	0.0	0.0	0.0	0.0	0.0	0.0	0.0	0.0	0.0	0.0	0.0	0.0	4.53990965538	0.0	0.0	0.0	0.0	0.0	0.0	0.0	0.0	0.0	0.0	0.0	0.0	0.0	0.0	0.0	0.0	0.0	0.0	0.0	0.0	0.0	0.0	0.0	0.0	0.0	0.0	0.0	0.0	0.0	0.0	0.0	0.0	0.0	0.0	0.0	0.0	0.0	0.0	0.0	0.0	0.0	0.0	0.0	0.0	0.0	0.0	0.0	0.0	0.0	0.0	0.0	0.0	0.0	5.95779117103	0.170514216217	-6.65466335742	0.0	0.0	0.0	0.0	0.0	0.0	0.0	0.0	0.0	0.0	0.0	-5.49705376074	0.0	0.0	1.5744542723	0.0	0.0	0.0	0.0	0.0	0.0	0.0	0.0	0.0	0.0	0.0	0.0	0.0	0.0	0.0	0.0	0.0	0.0	3.38719620456	-7.26286569469	0.0	0.0	0.0	0.0
# Gene_ID	Label	Prediction	Decision_Func_Score	Prob_of_Pos
ENSG00000169136	0	1	2.66120252862	0.934698104364
ENSG00000179142	1	1	5.58944900375	0.9962768274
ENSG00000171103	0	0	-7.41322751285	0.000602856991155
ENSG00000186204	1	1	1.03415701005	0.73772102484
ENSG00000184640	0	1	0.703690662862	0.669005531105
ENSG00000183087	1	0	-3.69178503353	0.0243212000563
ENSG00000043039	0	1	9.42578002392	0.999919387807
ENSG00000187048	1	1	5.38377378313	0.995430510307
