# Prediction results for GO term: GO:0030889
# Model used: Logistic Regression with L1 Penalty
# ROC AUC Score: 0.625
# Tissues used:
Esophagus - Muscularis
# Number of folds used for cross-validation: 5
# Range of cost parameters:
0.0001	0.000263665089873	0.000695192796178	0.00183298071083	0.00483293023857	0.012742749857	0.0335981828628	0.088586679041	0.233572146909	0.615848211066	1.62377673919	4.28133239872	11.2883789168	29.7635144163	78.4759970351	206.913808111	545.559478117	1438.44988829	3792.69019073	10000.0
# Best cost parameter (determined by CV): [ 1438.44988829]
# Coefficients:
2.69330927116	-0.768981212402	0.0	0.0	0.0	0.0	0.0	-1.25276558379	-0.862228130121	-0.318493005467	-0.109138033268	-1.10788977976	1.79509791489	0.0	0.0	-0.39292755631	0.0	0.0	-1.13532195085	-0.194860957943	0.0	-1.43839572461	-1.51830644675	-1.06715578649	-0.42242678494	-0.377561500133	-0.337016093506	5.78556342573	0.0	0.0	0.0	-1.13799215468	-0.718210735825	0.0	0.0	-0.155986313805	0.0	-0.158140905105	-1.22725540565	0.0	0.0	-0.209480921633	-1.45015883511	7.4428650379	0.0	-0.0570819390891	0.0	0.0	0.0	-0.212089817079	0.0	-1.87201890866	0.0	0.0	-1.14664022434	0.0	0.0	0.0	6.4379703261	-1.53065869776	-2.76211428787	0.0	0.0	0.0	-0.287487903299	0.0	0.840355484209	0.0	-1.12573675745	0.0	0.0	-0.00810574376293	-1.09543504119	-1.40058911109	0.0	0.0	0.0	0.0	-0.779606463565	-0.329015661277	5.47011723385	-0.720092357803	-3.13262747096	0.0	2.2705351782	2.37879769617	-0.178193085669	-0.888038105715	-0.686214992063	0.0	-0.0522272446028	-1.07866440041	0.0	-0.0708034415962	0.0	0.0	0.0	-0.538544825787	0.0	-1.39894277617	1.6712455898	0.0	-0.126706812443	-0.674715263565	3.78104265488	-0.135355064833	2.05791865875	-1.14977059241	4.69726435006	0.0	0.0	2.72178633047	0.0	-1.10657698699	0.0	-0.199041534975	-0.00029174245098	-1.12616608518	-0.234539126069	-0.350879693003	0.0	0.0	4.9567031339	0.0	0.0	0.0	-2.18474639552	0.0	5.3166680124	-0.398117071298	-0.0635690918709	-0.592540814435	-1.87775250927	-0.487410892063	-0.405194583484	-0.374602758434	-1.15649269595	-0.509503650554	-0.018781195155	0.0	0.4299685571	0.0	-1.40719500535	0.0	-2.90380685329	0.0	0.0	10.9295152185	-0.544949780448	-0.184159535378	0.0	-1.18320188536	0.0	0.0	0.0	-0.456213970316	-0.344190830786	0.0	-0.963178216519	-1.16043422213	-0.743117874134	-0.47540764583	-0.728923468415	-0.0665767279897	-0.552905683365	-1.91968400573	-0.406025755739	0.0	-0.159256834868	0.0	-0.73189053738	0.0	-0.602189158235	3.3184172393	-1.8161402418	-1.60756005386	-0.394664316385	-0.944261960588	0.0	0.0	-0.552464522687	13.1315339914	-1.11051413874	-0.344644103104	0.0	0.0	0.0	-0.238646528529	0.0	-1.37798167005	-0.986892609853	-0.810604493917	-0.389918000161	6.31081233466	0.0	-0.00217152449038	-0.335238658326	-0.63771473507	-0.690665803526	-0.918541645685	-0.999066782456	-0.139960548498	4.10373936039	0.0	-0.215957992374	-0.341453967761	0.0	-0.896044388894	0.879126821663	-0.318648210414	-0.438172895948	-0.888492528182	0.0	0.0	0.0	0.0	0.0	0.0	0.0	-0.908747958765	-0.465296801111	-1.60634683262	-0.41900944003	0.0	0.0	-0.385101370031	-1.0476660958	0.0	-0.731940047391	0.0	-0.182164237889	-0.434031198878	-1.05501332853	0.0	-0.521194996694	-0.133025559839	0.0	-0.706773354713	-1.52738164101	-0.336646483459	-1.43450996653	-1.20848139534	0.0	-0.807310680584	0.0	0.0	-0.880773506466
# Gene_ID	Label	Prediction	Decision_Func_Score	Prob_of_Pos
ENSG00000100722	0	0	-5.51514266618	0.00400921451201
ENSG00000167851	1	0	-6.74318599174	0.00117749711446
ENSG00000132341	0	0	-15.5637507923	1.74079983795e-07
ENSG00000254087	1	0	-9.07704412614	0.000114245789935
ENSG00000185915	0	0	-5.33208316937	0.00481073445751
ENSG00000163563	1	0	-1.93917800146	0.125738189456
ENSG00000146072	1	1	8.09020904265	0.999693568256
ENSG00000111481	0	0	-4.91545635916	0.0072789986162
