# Prediction results for GO term: GO:0022029
# Model used: Logistic Regression with L1 Penalty
# ROC AUC Score: 0.75
# Tissues used:
Thyroid
# Number of folds used for cross-validation: 5
# Range of cost parameters:
0.0001	0.000263665089873	0.000695192796178	0.00183298071083	0.00483293023857	0.012742749857	0.0335981828628	0.088586679041	0.233572146909	0.615848211066	1.62377673919	4.28133239872	11.2883789168	29.7635144163	78.4759970351	206.913808111	545.559478117	1438.44988829	3792.69019073	10000.0
# Best cost parameter (determined by CV): [ 3792.69019073]
# Coefficients:
-0.0660233576371	-1.16882931221	-1.08279626887	-0.302609977843	-0.430021616623	-1.42731555305	0.0	-0.528502610922	-0.0447827026698	-0.419663487912	-0.0738655008334	-0.383804860012	-1.01419594404	-0.420975511809	-0.650802665812	0.0181518935559	-0.164770012487	0.0	-0.658240086097	-0.781077286885	-0.672015291737	-0.308630822274	0.0	-0.903339041978	-0.268355658561	-0.66558398585	-1.1654349333	0.0	-0.218596495558	-0.257184939836	-0.931749475474	-2.32522551603	-0.845518202769	0.0	0.0	0.254614148653	-0.936380603155	-0.0823897184243	0.0	-0.708973639688	-0.601951803937	0.0	0.0	-0.171170898068	5.51783899038	5.9381321541	-1.36700594645	-0.554082624175	-0.319980989159	0.0	0.0	0.0	0.0	0.062967745531	-1.89227784362	-0.0497159763666	-1.0077087311	-0.0378695650146	11.4054801599	0.0	-0.665888658379	-0.94016945029	0.0	-0.304738403583	0.0	-0.708803591512	-0.505681918087	0.0	-0.138668479206	-0.723678230233	-0.591458148588	-2.68093774356	-0.22663780198	-0.207164552282	0.0	4.67311634847	0.00124418001119	0.0	0.0	-0.543459596336	-0.0533737597939	-0.752581331336	-0.913959473087	-1.86664671133	-0.00831779807827	-1.36715741624	-0.784545718079	-0.000107210435534	-0.642482433359	0.0	-0.605811771723	0.0	10.9650181863	-1.81706838191	0.0	-1.04235899878	-1.94298955193	-0.32150785554	0.0	-0.251753706695	-0.92528568803	-0.421665298992	-1.31448915413	-0.85959916711	-0.853434184833	-1.21972797237	-1.11144870155	5.54551194149	-0.613003112742	-0.10850945502	0.0	0.477584856461	4.51627762829	-0.00140591337684	-0.568947320038	-0.465758171143	-0.364895397571	0.0	6.70294727398	-1.72890939812	-0.176177830311	0.128780590691	-0.883741793558	5.30511971491	-0.0189327620418	0.0	10.0946726627	-0.572194566874	15.2236934773	-0.428057563395	-1.13377081331	-1.40119438575	-0.326774158536	24.3012525055	3.57427780679	0.0	-0.01920510129	-0.920274193723	-0.69832647518	-0.335077104532	0.0	-1.03526808039	-0.0828394566905	-1.63074230769	-0.199102752704	-0.00461071401542	-2.88586886098	0.0	-0.880101893107	-0.932435458487	-1.487664918	0.0	-8.05251556327	0.0	0.0	-0.0798861402354	0.0	0.0	-0.745215734597	-1.12401532124	-1.13991587708	-0.121415570935	-0.894386873156	-0.662232708009	5.44876923596	-1.08332402722	-0.000399114334423	-2.3078363447	-0.744400069843	-0.552293839611	-0.00774192796513	-0.00774609318049	0.0	0.0	-0.418526322508	-0.578020388262	-0.333720510951	0.0	-0.920588581982	0.0	-0.136428937038	-0.0216633492574	0.0	-0.884816995788	-0.0722471527277	0.218849930122	-1.02432345963	0.0	0.123211328135	-0.970576886143	-0.00118177607025	0.0	-0.00133487207461	-1.0475301794	-0.231482580519	-1.34311936246	0.0	-0.267920103958	-0.451940414197	-0.17935803391	0.0	0.0	-1.22998039984	-0.424840123534	6.60881657016	-0.346883976547	-0.195954952136	0.0	0.0	-0.32267355578	-0.0134650752293	6.78146920151	-8.18597273364e-05	0.0	-2.13726298642	-0.0103717244816	-0.423761550325	-0.129676302997	0.0	-0.989101738016	-0.637622366308	-0.571319883645	-0.0537848714738	-0.361943380527	-0.0540800065863	-0.66601132904	-0.285084068909	-3.61228522584	0.0	-0.819850434248	-0.0215207649475	-0.0372329881866	-1.05396328612	0.0	-0.380912258697	-0.759485508407	-0.501516340813	-0.0893224420121	-0.864300914244	-0.125669007209	-0.444417225096	0.0	-0.153305635301	-0.466701187731	-1.7137056104	-0.0627114742223	-0.685410884525	0.0	-0.752854036189	-0.861695349368	-0.408354721126	-0.0759530454384	0.0	-0.537671349398	-0.554743218026	0.0	-0.453905340154	6.44828469688	-1.5201040056	-0.0214422028889	-0.843136292094	-0.571855924857	-1.20473513117	-0.0144817466535	-0.96572518866	-0.574879236631	-0.455658457824	-0.114981388002	0.0	-1.39338549042	-0.973572179723	-0.162711048209	0.0	-0.332686332547	-1.47627990142	0.0	-0.585993855683	4.05126219715	-0.982573050513	-1.11546865519	-0.106357590134	-0.00255123087388	2.21894709674	-1.26026643319	-4.73942269145	7.84953086224	-0.892487741655	-0.18641593165	-0.754503352421	-0.38515488606	-0.0345497014424	-0.303407387757	-0.168561433563	-0.00133187031659	-0.375909378694	-0.218807780079	0.0	-0.0855398079092	-0.572086996816	-0.5274724986	-0.685756299308	-0.367807142984	-1.21489699398	-0.576084894276	-1.64461808673	-0.599632067833	-1.04938002941	-0.0310279040324	-0.224986907236	0.0	-0.136327785409	0.0	3.74286276421	-0.00585042694982	0.0	-0.00379243606056	0.0	-0.547348102941	5.93982919472	-1.18591851517	1.68639227011	-0.979528969039	-1.15019855548
# Gene_ID	Label	Prediction	Decision_Func_Score	Prob_of_Pos
ENSG00000089505	0	0	-4.28071883422	0.0136439817704
ENSG00000109133	0	0	-8.46137316088	0.000211436758157
ENSG00000189056	1	1	11.3954200482	0.999988753249
ENSG00000158748	1	0	-3.83712978551	0.0211005507934
ENSG00000096093	1	1	11.8714302813	0.999993012846
ENSG00000129682	1	0	-20.966529677	7.84064618249e-10
ENSG00000060339	0	0	-3.85460133153	0.020742673962
ENSG00000047230	0	1	3.11840648092	0.957645641395
ENSG00000106852	1	1	6.31776750623	0.998199282077
