# Prediction results for GO term: GO:0022029
# Model used: Logistic Regression with L1 Penalty
# ROC AUC Score: 0.5
# Tissues used:
Spleen
# Number of folds used for cross-validation: 5
# Range of cost parameters:
0.0001	0.000263665089873	0.000695192796178	0.00183298071083	0.00483293023857	0.012742749857	0.0335981828628	0.088586679041	0.233572146909	0.615848211066	1.62377673919	4.28133239872	11.2883789168	29.7635144163	78.4759970351	206.913808111	545.559478117	1438.44988829	3792.69019073	10000.0
# Best cost parameter (determined by CV): [ 29.76351442]
# Coefficients:
0.0	0.0	0.0	0.0	0.0	0.0	0.0	0.0	0.0	0.0	0.0	0.0	0.0	0.0	0.0	0.0	0.0	0.0	0.0	0.0	0.0	0.0	0.0	7.01091634417	0.0	0.0	0.0	0.0	0.0	0.0	0.0	0.0	0.0	0.0	0.0	0.0	0.0	0.0	0.0	0.0	0.0	0.0	0.0	0.0	0.0	-4.4940805055	0.0	0.0	0.0	0.0	-20.6168097709	0.0	0.0	0.0	0.0	0.0	0.0	-0.399113499047	0.0	0.0	0.0	0.0	0.0	0.0	20.3729044464	0.0	0.0	0.0	0.0	0.0	0.0	0.0	0.0	0.0	0.0	0.0	0.0	0.0	0.0	0.0	0.0	0.0	0.0	0.0	0.0	0.0	0.0	0.0	0.0	0.0	0.0	0.0	0.0	0.0	0.0	0.0	0.0	0.0	0.0	0.0	0.0	0.0	8.58698954213	0.0
# Gene_ID	Label	Prediction	Decision_Func_Score	Prob_of_Pos
ENSG00000205336	1	0	-0.741477625606	0.322681112267
ENSG00000129682	1	1	15.6114547407	0.999999834029
ENSG00000189056	1	0	-0.741477625606	0.322681112267
ENSG00000089505	0	0	-1.93475937783	0.126224724145
ENSG00000197586	0	0	-1.17816470854	0.235382346971
ENSG00000198912	0	1	25.1194030862	0.999999999988
ENSG00000115286	0	1	36.4912386237	1.0
ENSG00000047230	0	1	5.95520006219	0.997414377617
ENSG00000188906	1	1	6.72680480398	0.998803078509
