# Prediction results for GO term: GO:0022029
# Model used: Logistic Regression with L1 Penalty
# ROC AUC Score: 0.35
# Tissues used:
Ovary
# Number of folds used for cross-validation: 5
# Range of cost parameters:
0.0001	0.000263665089873	0.000695192796178	0.00183298071083	0.00483293023857	0.012742749857	0.0335981828628	0.088586679041	0.233572146909	0.615848211066	1.62377673919	4.28133239872	11.2883789168	29.7635144163	78.4759970351	206.913808111	545.559478117	1438.44988829	3792.69019073	10000.0
# Best cost parameter (determined by CV): [ 4.2813324]
# Coefficients:
0.0	0.0	0.0	0.0	0.0	0.0	0.0	0.0	0.0	0.0	0.0	0.0	0.0	0.0	0.0	0.0	0.0	0.0	0.0	0.0	0.0	0.0	0.0	0.0	0.0	0.0	0.474570052052	0.0	0.0	0.0	0.0	0.0	0.0	0.0	-0.0806283912135	0.720922270904	0.0	0.0	0.0	0.0	0.0	0.0	0.0	0.0	0.0	0.0	0.0	0.0	0.0	0.0	0.0	1.26444898411	0.0	0.0	0.0	0.0	0.0	0.0	0.0	0.0	0.0	2.43481553967	0.0	0.0	0.0	0.0	0.0	0.0	0.0	-2.75980938734	0.0	-1.24242065398	0.0	0.0	0.0	0.0	0.0	0.0	0.0	0.0	0.0	0.0	0.0	0.0	0.0	0.0	0.0	0.0	0.0	0.0	0.0	0.0	0.0	0.0	0.0	0.0	0.0
# Gene_ID	Label	Prediction	Decision_Func_Score	Prob_of_Pos
ENSG00000115310	1	1	1.09034784863	0.748447218113
ENSG00000089505	0	0	-0.304793779988	0.424386024117
ENSG00000047230	0	1	2.60330007867	0.931073665355
ENSG00000205336	1	0	-0.304793779988	0.424386024117
ENSG00000165219	0	0	-0.304793779988	0.424386024117
ENSG00000198912	0	1	2.94595959639	0.950072179913
ENSG00000158748	1	0	-0.265589613498	0.433990157219
ENSG00000189056	1	1	0.371333421476	0.591781140735
ENSG00000115286	0	1	1.21960561827	0.771994138121
