# Prediction results for GO term: GO:0010640
# Model used: Logistic Regression with L1 Penalty
# ROC AUC Score: 0.9375
# Tissues used:
Muscle - Skeletal
# Number of folds used for cross-validation: 5
# Range of cost parameters:
0.0001	0.000263665089873	0.000695192796178	0.00183298071083	0.00483293023857	0.012742749857	0.0335981828628	0.088586679041	0.233572146909	0.615848211066	1.62377673919	4.28133239872	11.2883789168	29.7635144163	78.4759970351	206.913808111	545.559478117	1438.44988829	3792.69019073	10000.0
# Best cost parameter (determined by CV): [ 1438.44988829]
# Coefficients:
0.00615963569176	0.0	0.528410720011	0.548094724446	0.0	0.0	0.0	0.0	0.0	-0.901354903584	0.0	-0.104022540347	1.15154870115	0.0	0.0	0.77749605107	-0.641856716661	0.0	0.0	0.0	-0.0110189872556	0.406563920794	0.0	0.0	0.169536434826	0.0	0.0	0.0	0.0	0.0	0.0	0.0	0.0	0.0	0.0	0.0	0.0	-0.185255413801	0.0	0.0	0.120687253636	-0.74188589375	-0.503540739933	0.0	0.0	0.0	0.0	0.0	0.0	-0.0297328851526	0.0	0.0	0.0	0.0	0.0	0.0	-0.978510295345	0.0	0.431055588848	0.0	0.0	0.0	0.0	0.0	0.0	0.0	0.0	0.0	0.0	0.0	0.0	-0.180770519498	0.00584057469068	0.357132472381	-4.34599838492	0.0	-1.36772299209	0.0	-1.30252507638	0.0	0.0	0.0	0.0	2.80074681664	0.0	0.00271330703915	0.0	0.0	0.0	-0.00897765111187	-0.269306554923	-0.6846361644	0.0	-0.287537044701	0.688081485516	0.0	0.0	0.0	-0.39720985605	0.0	0.0	0.0	-0.603643704274	0.452742458371	0.094521794822	0.0	0.886191572246	0.0	1.87273641388	0.0	0.0	-1.10691490384	0.0	-0.00164814007967	1.03494069753	0.0	0.0	0.0	0.0	0.0	0.0	-0.525809616831	-2.17975616431	0.0	0.0	0.0	0.0	0.414177608654	0.0	-0.846209104394	0.0	0.0	0.0	0.0	0.0	0.0	1.69070670907	0.0	0.0	1.33959146543	0.0149655628363	0.0	0.0	0.0	0.568377390326	-0.235072320981	0.0	0.0	-0.0576199227421	-0.0948681627369	0.0	0.0	1.17943030349	0.0	1.42422560343	0.0	-0.137205911084	0.0	0.0	0.0	-0.48576641995	1.91315074691	0.0	0.199198383154	0.0	0.0	0.0	0.6794290758	-0.275891221327	-1.04100344534	0.0	-0.0518395547844	0.0	-0.84389100616	0.0	0.0	0.821563284553	0.0	0.0	0.0	0.0	0.0	0.0	0.0603511333507	1.10906066718	0.0	0.0	0.0	0.0	3.81903849312	-0.372209084211	-0.445609241004	0.0	0.0	0.0	0.0	0.0	0.0	0.0662181508927	0.0	0.0	0.0	0.0	1.48864838485	-0.0219244777893	-0.0369508167365	3.82269126091	1.78465400521	0.0	0.0	0.0	0.0	0.0	-0.71388664375	-0.000688305320979	-0.735493040435	0.0	0.730973148358	0.0	0.0	-0.213297618463	0.0	0.0	0.0	0.0	-1.14488872382	0.0	-0.888937046638	0.0	0.0	0.0	0.0	0.0	0.684846441369	0.0	0.0	0.539092404691	0.0	0.0	0.0	0.0	0.0	0.0	-0.651283005368	0.0	0.0	0.0	0.133900859539	0.0	0.0	0.0	-0.469082205024	0.0	0.0	-1.47957593798	0.0	0.0	0.0	-1.76638413723	-0.46076372925	0.0	0.0	0.0	0.0	0.0	0.0	0.0	9.03000433375	0.0	0.0	0.0	0.0	0.0	0.0	0.456933535227	-0.871736980291	0.0	0.0	-0.105552762856	0.0	-0.147428423149	0.0	0.0	-1.92701041885	0.0	0.0	0.0	0.0	0.0	-0.00804453148772	0.772213214843	0.0	0.0	0.0	0.0	0.0	0.0	-0.419131998954	0.0	0.0	0.0	0.0	0.0	-1.30954311489	0.0	0.590240850589	0.0	0.0	0.128011387058	0.0	-0.112548168513	-0.971267983674	-0.84797774656	0.0	0.0	-0.000286223086277	0.0	0.0	0.0	-0.624747807494	1.18674748887	-1.26821596693	0.0	0.0	0.0	0.0	0.0	-1.6642326024	1.10584829225	-0.471085793479	-0.118029183184	-0.948899481099	0.0	-0.380991502324	-0.430366732525	0.0	0.0	0.0	0.774229741831	0.0	1.76492973633	0.0	0.0	0.0	-2.02398643325	0.0	-0.0268453486433	-1.19606738867	0.0	-0.00234262950591	0.00834006910356	0.0935733003834	0.0	0.0	0.0	0.0	0.0	0.0	0.0	-0.32730974641	-0.0921156934076	0.0	0.0	0.0	0.0	0.0	0.0	0.0	1.06950291552	1.45831798421	0.0	0.0	0.0	-1.39235378831	0.0	1.06521412787	0.0	0.0	0.0	0.0	0.0	0.0	0.0	0.0	0.274349222153	0.0	0.0	-0.0478422891208	-0.415091967801	0.0	0.0	-0.822465331788	0.345414611612	-1.69080822347	0.0	0.0	0.0	0.0	0.38999979082	0.0	0.143614954406	0.0	0.0	0.0	0.0	0.0	0.0	0.0	0.0	0.0	0.0	0.0	0.0	0.0	-5.24584570488	0.0	0.0	0.0	-0.405780157957	0.0	0.0	0.0	0.0	0.0	0.0	0.0	0.540800900198	-1.09010910281	0.221267654357	2.299443831
# Gene_ID	Label	Prediction	Decision_Func_Score	Prob_of_Pos
ENSG00000149177	1	0	-1.02816308294	0.263440383804
ENSG00000083799	0	0	-2.45845288632	0.0788225992978
ENSG00000140577	0	0	-2.50384754125	0.0755888928627
ENSG00000160013	1	1	10.184413164	0.9999622472
ENSG00000196757	0	0	-0.654469430042	0.341983069443
ENSG00000103034	1	0	-0.228669007734	0.44308055636
ENSG00000177697	0	0	-2.62716688908	0.0674103393293
ENSG00000123384	1	1	3.13662939603	0.958378638129
