# Prediction results for GO term: GO:0002287
# Model used: Logistic Regression with L1 Penalty
# ROC AUC Score: 0.71875
# Tissues used:
Vagina
# Number of folds used for cross-validation: 5
# Range of cost parameters:
0.0001	0.000263665089873	0.000695192796178	0.00183298071083	0.00483293023857	0.012742749857	0.0335981828628	0.088586679041	0.233572146909	0.615848211066	1.62377673919	4.28133239872	11.2883789168	29.7635144163	78.4759970351	206.913808111	545.559478117	1438.44988829	3792.69019073	10000.0
# Best cost parameter (determined by CV): [ 545.55947812]
# Coefficients:
3.10484933581	0.0	-0.0186916366938	0.0	0.0	6.09936615781	0.0	0.0	0.0	0.0	0.0	0.0	0.889435373148	0.0	0.0	-1.3265614806	0.0	-3.9673491733	0.0	0.0	-0.0073617726458	0.0	0.0	0.0	0.0	0.0	0.0	0.0	0.0	0.0	0.0	0.0	0.0	3.77468344503	0.0	0.0	0.0	1.42543205509	-2.86926822185	0.0	0.0	0.0	0.0	0.0	0.0	-2.23207497283	0.0	14.1573438477	0.0	-0.653164532038	0.0	-1.70667312525	0.0	0.0	-0.205238348443	0.00125793006118	0.0	0.0	0.0	0.0	0.0	0.0	0.0	0.0	0.0	0.0	0.0	0.0	0.0	0.0	0.0	0.0	0.0	0.0	0.0	0.0	0.0	0.0	0.0	0.0	0.0	0.0	0.0	0.0	0.0	-1.48650108697	0.0	0.0	0.0	-0.303122475754	0.0	0.0	0.0	0.0	0.0	-3.27188934121
# Gene_ID	Label	Prediction	Decision_Func_Score	Prob_of_Pos
ENSG00000114861	1	1	0.0251852762793	0.506295986279
ENSG00000171522	1	1	72.746326877	1.0
ENSG00000189403	1	0	-0.11012894718	0.472495556294
ENSG00000145194	0	1	0.0251852762793	0.506295986279
ENSG00000197125	0	0	-0.132868038456	0.466831771793
ENSG00000177556	0	1	9.87371856709	0.999948491828
ENSG00000073584	0	0	-26.407296627	3.39982679915e-12
ENSG00000143365	1	1	2.58861497791	0.930125255008
