# Prediction results for GO term: GO:0002287
# Model used: Logistic Regression with L1 Penalty
# ROC AUC Score: 0.1875
# Tissues used:
Pancreas
# Number of folds used for cross-validation: 5
# Range of cost parameters:
0.0001	0.000263665089873	0.000695192796178	0.00183298071083	0.00483293023857	0.012742749857	0.0335981828628	0.088586679041	0.233572146909	0.615848211066	1.62377673919	4.28133239872	11.2883789168	29.7635144163	78.4759970351	206.913808111	545.559478117	1438.44988829	3792.69019073	10000.0
# Best cost parameter (determined by CV): [ 1438.44988829]
# Coefficients:
0.0	0.0	0.0	1.52284463671	0.0	0.0	0.0	0.0	0.0	0.0	0.0	0.0	-5.21574582386	0.0	0.0	0.0	0.0	0.0	0.0	0.0	0.0	0.0	0.0	0.0	0.0545295675777	0.0	0.0	0.0	1.70804961185	0.353371996475	0.107747240001	0.0	0.0	0.0	0.0	0.0	0.033379307344	4.08569975455	0.0	0.0	0.0	0.0	0.476701557573	0.0	0.0	0.0	1.95844422501	-0.839004002599	1.04380989607	0.0	2.150469082	0.0	0.0	0.0	3.40865262913	0.0	0.410052593273	0.0	0.0	0.180831190188	0.0388350000752	0.0	0.0	0.0	0.0	0.0	0.292245431735	0.0	0.0	-0.656616764512	0.0	-5.30668764745	0.0	0.0	0.0	0.0	0.0	0.29500340866	0.0	0.0	0.0	0.0	0.0	0.0	0.0	0.0161771374136	0.0	0.0247880487575	0.0	0.0	0.12632282342	0.0	0.0	0.0	0.0	0.0	0.0	0.0	-1.44646834085	0.0	0.0	0.0	0.286985797572	0.0	0.901070198073	-18.7308017717	0.0	0.0	0.0	0.0	0.0315554807796	0.0	0.0	0.970568592789	0.0	1.2826615091	0.0	0.278681134341	0.0	0.0	0.0	0.0	0.382327296277	0.0	0.0	0.0	0.0	0.0	0.0	0.0	0.0	0.0	0.0	0.0	0.0	-9.46692292853	0.763422943113	0.0	0.0	0.0432222021052	0.0	0.0	0.00993251956213	0.373653797845	0.0	0.0	0.0	0.0	0.0	0.0	0.0	0.0	0.710999501009	0.0	0.0	0.0	0.0	0.0	0.0	0.0	0.0	1.79632393867	0.0	0.0	0.0	0.0	0.0	0.0	0.0	0.0	0.0
# Gene_ID	Label	Prediction	Decision_Func_Score	Prob_of_Pos
ENSG00000197125	0	1	6.61566913451	0.998662572728
ENSG00000113302	1	1	6.65529133837	0.998714461656
ENSG00000189403	1	1	8.3807566886	0.999770816118
ENSG00000177556	0	1	10.4048353352	0.99996971523
ENSG00000171522	1	0	-54.632118207	1.87746793299e-24
ENSG00000120498	0	1	7.76888881515	0.999577495901
ENSG00000149809	0	1	12.3142705312	0.99999551277
ENSG00000165240	1	0	-13.7836910787	1.03233006561e-06
