# Prediction results for GO term: GO:0001823
# Model used: Logistic Regression with L1 Penalty
# ROC AUC Score: 0.5625
# Tissues used:
Liver
# Number of folds used for cross-validation: 5
# Range of cost parameters:
0.0001	0.000263665089873	0.000695192796178	0.00183298071083	0.00483293023857	0.012742749857	0.0335981828628	0.088586679041	0.233572146909	0.615848211066	1.62377673919	4.28133239872	11.2883789168	29.7635144163	78.4759970351	206.913808111	545.559478117	1438.44988829	3792.69019073	10000.0
# Best cost parameter (determined by CV): [ 11.28837892]
# Coefficients:
0.0	-4.41425793312	0.0	0.0	0.0	0.0	0.0	0.0	0.0	0.0	-1.16708594805	1.60275671665	0.0	0.0	0.0	0.0	0.0	0.0	0.0	0.0	0.0	0.0	0.0	0.0	0.0	0.0	0.0	0.0	0.0	0.0	0.0	0.0	0.0	0.0	0.0	0.0	0.0	0.0	0.0	0.0	0.0	0.0	0.0	0.0	0.0	0.0	0.0	0.0	0.0	0.0	0.0	0.0	3.44683368099	0.0	0.0	0.0	0.0	0.0	0.0	0.0	0.0	0.0	0.0	0.0	0.0	2.24126017615	0.0	0.0	-1.82167193533	-2.60084454532	0.0	0.0	0.0	0.0	0.0	0.0	0.0	0.0	0.0	0.0	0.0	-2.37889819704	0.0	0.0	0.0	0.0	0.0	0.0	0.0	0.0	0.0	0.0	0.0	0.0	0.0	0.0	0.0	0.0	0.0	0.0	0.0	0.0	0.0	0.0	0.0	0.0	0.0	0.0	4.43601470462	0.0	0.0	0.0	0.0	0.0	0.0	0.0	0.0	0.0	0.0
# Gene_ID	Label	Prediction	Decision_Func_Score	Prob_of_Pos
ENSG00000109906	1	0	-2.58254758494	0.0702701091879
ENSG00000107485	1	0	-0.151930244853	0.462090332519
ENSG00000143867	1	1	8.93478764918	0.999868291494
ENSG00000121350	0	0	-0.206875872172	0.448464700031
ENSG00000167491	0	0	-0.206875872172	0.448464700031
ENSG00000185818	0	0	-0.206875872172	0.448464700031
ENSG00000186660	0	0	-2.39002043687	0.0839368604633
ENSG00000125378	1	0	-2.11799116154	0.107360434064
