# Prediction results for GO term: GO:0001823
# Model used: Logistic Regression with L1 Penalty
# ROC AUC Score: 0.46875
# Tissues used:
Brain - Hypothalamus
# Number of folds used for cross-validation: 5
# Range of cost parameters:
0.0001	0.000263665089873	0.000695192796178	0.00183298071083	0.00483293023857	0.012742749857	0.0335981828628	0.088586679041	0.233572146909	0.615848211066	1.62377673919	4.28133239872	11.2883789168	29.7635144163	78.4759970351	206.913808111	545.559478117	1438.44988829	3792.69019073	10000.0
# Best cost parameter (determined by CV): [ 10000.]
# Coefficients:
-0.000870387798207	-0.00309495120206	-0.0119748871104	-0.0810156314738	0.0	-0.45158438229	-0.0870106104208	-6.85453976654	-2.09114334973	-1.62703063016	0.0	-1.18897883255	3.6988763258	-0.830906856523	-1.24065415635	0.0	-2.68798982604	-0.123129974607	0.0	-0.0186920979643	4.63242061028	1.72907033256	18.0491534114	0.0	-1.40983551261	-0.000112530058142	0.0	-2.57154305374	-0.50845849979	-0.130183234138	0.353518688806	0.0520132729743	-1.64832476105	2.01041687727	-0.563830848942	-0.926241190892	-0.0314551957773	-1.6246585497	0.0	-0.0474208668817	-1.9327645754	-0.51993086474	-0.832366562686	-0.00290371083576	-4.20025137505	-1.36894266334	-1.62749281757	-0.181751378292	-1.71382982363	-1.65203735498	-0.400436697879	-0.743196375101	4.76612701579	-1.92099490482	-0.931765320227	-1.91943816718	-8.28100016072	0.0	0.0	-1.4116589689	0.0	-0.237568722775	-2.1414335995	-1.51664642815	-1.89931130675	-1.4692096339	4.48365311462	-2.31078328978	-1.1564049865	-2.54792897305	-2.75252396501	-2.25306087189	-1.36509162885	-0.684681727835	-2.34625817843	-2.8758530897	-0.539126757156	0.310710720449	0.0	-0.0715414402185	48.6602417017	-1.58526452222	-1.63699387496	-1.03233852177	-1.58676885357	-0.111513955385	-1.60415684724	0.0	0.861511580888	1.37408470041	-1.60608027393	-0.061990390528	-1.75556580417	-2.96075040313	-1.1302884704	-0.972668712132
# Gene_ID	Label	Prediction	Decision_Func_Score	Prob_of_Pos
ENSG00000101144	1	0	-35.4441496088	4.04390932638e-16
ENSG00000118513	0	0	-5.69889138831	0.00333849401454
ENSG00000175087	0	0	-8.91875290891	0.00013383715543
ENSG00000185818	0	1	49.790029385	1.0
ENSG00000070193	1	1	20.1838238494	0.999999998285
ENSG00000161642	0	0	-4.70516885978	0.00896724706594
ENSG00000107831	1	0	-6.41861725492	0.00162825427302
ENSG00000125618	1	1	2.26466540572	0.905908057717
