# Prediction results for GO term: GO:0001823
# Model used: Logistic Regression with L1 Penalty
# ROC AUC Score: 0.4375
# Tissues used:
Brain - Cerebellum
# Number of folds used for cross-validation: 5
# Range of cost parameters:
0.0001	0.000263665089873	0.000695192796178	0.00183298071083	0.00483293023857	0.012742749857	0.0335981828628	0.088586679041	0.233572146909	0.615848211066	1.62377673919	4.28133239872	11.2883789168	29.7635144163	78.4759970351	206.913808111	545.559478117	1438.44988829	3792.69019073	10000.0
# Best cost parameter (determined by CV): [ 1.62377674]
# Coefficients:
0.0	0.0	0.0	0.0	0.0	0.0	0.0	0.0	1.15380466507	0.0	0.0	0.0	0.0	0.0	0.0	0.0	0.0	0.0	0.0	0.0	0.0	0.0	0.0	0.0	0.0	0.0	0.0	0.0	0.0	0.0	0.0	-0.675150004108	0.0	0.0	0.0	0.0	0.0	0.0	0.0	0.0	0.0	0.0	0.0	0.0	0.0	0.0	0.0	0.0	0.0	0.0	0.0	0.0	0.0	0.0	0.0	0.0344060241806	0.0	0.0	0.0	0.0	0.0	0.0	0.0	0.0	0.0	0.0	0.0	0.0	0.0	0.0	0.0	0.0	0.0	0.0	0.0	0.0	0.0	0.0	0.0	0.0	0.0	0.0	0.0	0.0	0.0	0.0	0.0	-0.28195435557	0.0	0.0	0.0	0.0	0.0	0.0	0.0	0.0	0.0	0.0	0.0	0.0	0.0	0.0	0.0	0.0	0.0	0.0	0.0	0.0	0.0	0.0	0.0	0.0	0.0	0.0	0.0	0.0	0.0	0.0	0.0	0.0	0.0	0.197008127766	0.0	0.0	0.0
# Gene_ID	Label	Prediction	Decision_Func_Score	Prob_of_Pos
ENSG00000143867	1	0	-0.165271043904	0.458776030738
ENSG00000109906	1	0	-0.0500037567551	0.487501664914
ENSG00000161642	0	0	-0.33613330697	0.416749047727
ENSG00000121350	0	0	-0.379163656297	0.406328628824
ENSG00000125618	1	0	-0.379163656297	0.406328628824
ENSG00000107831	1	0	-0.379163656297	0.406328628824
ENSG00000185818	0	0	-0.30931772157	0.423281284023
ENSG00000186660	0	1	1.01027944001	0.733074832537
