# Prediction results for GO term: GO:0090051
# Model used: Logistic Regression with L1 Penalty
# ROC AUC Score: 0.53125
# Tissues used:
Spleen
# Number of folds used for cross-validation: 5
# Range of cost parameters:
0.0001	0.000263665089873	0.000695192796178	0.00183298071083	0.00483293023857	0.012742749857	0.0335981828628	0.088586679041	0.233572146909	0.615848211066	1.62377673919	4.28133239872	11.2883789168	29.7635144163	78.4759970351	206.913808111	545.559478117	1438.44988829	3792.69019073	10000.0
# Best cost parameter (determined by CV): [ 0.61584821]
# Coefficients:
0.0	0.0	0.0	0.0	0.0	0.0	0.0	0.0	0.0	0.0	0.0	0.0	0.0	0.0	0.0	0.0	0.0	0.0	0.0	0.0	0.0	0.0	0.0	0.0	0.0	0.0	0.0	0.0	0.0	0.0	0.0	0.0	0.207181827478	0.0	0.0	0.0	0.0	0.0	0.0	0.0	0.0	0.0	0.0	0.0	0.0	0.0	0.0	0.0	0.0	0.0	0.0	1.5610273792	0.0	0.0	0.0	0.0	0.0	0.0	0.0	0.0	0.0	0.0	0.0	0.0	0.0	0.0	0.0	0.0	0.0	0.0	0.0	0.0	0.0	0.0	0.0	0.0	0.0	0.0	0.0	0.0	0.0	0.0	0.0	0.0	0.0	0.0	0.0	0.0	0.0	0.0	0.0	0.0	0.0	0.0	0.0	0.0	0.0	0.0	0.0	0.0	0.0	0.0	0.0	0.0
# Gene_ID	Label	Prediction	Decision_Func_Score	Prob_of_Pos
ENSG00000133121	1	0	-1.75819824881	0.147016140048
ENSG00000128917	1	0	-0.0549587992994	0.486263757493
ENSG00000169813	0	0	-0.500464840671	0.377431435735
ENSG00000067560	1	1	4.84850208854	0.99222087665
ENSG00000204149	0	1	1.63222271116	0.836473900448
ENSG00000114209	1	0	-0.164339703825	0.459007291886
ENSG00000111596	0	0	-1.75819824881	0.147016140048
ENSG00000100888	0	1	1.3501763766	0.794158462119
