# Prediction results for GO term: GO:0090051
# Model used: Logistic Regression with L1 Penalty
# ROC AUC Score: 0.75
# Tissues used:
Pituitary
# Number of folds used for cross-validation: 5
# Range of cost parameters:
0.0001	0.000263665089873	0.000695192796178	0.00183298071083	0.00483293023857	0.012742749857	0.0335981828628	0.088586679041	0.233572146909	0.615848211066	1.62377673919	4.28133239872	11.2883789168	29.7635144163	78.4759970351	206.913808111	545.559478117	1438.44988829	3792.69019073	10000.0
# Best cost parameter (determined by CV): [ 1438.44988829]
# Coefficients:
2.63858390638	0.0	1.56271669482	0.0	0.0	0.0	0.0	-0.534118005576	0.0	0.0	0.0	0.0	-1.13606704588	0.0	0.0	0.0	0.0	-0.324412540766	0.0	0.0	-3.5220315766	-0.71901549958	0.0	0.0	0.0	-0.0460727001388	0.0	0.0	0.0	0.0	0.0	0.0	0.205883211072	-1.65025050121	0.0	1.33056819152	0.0	0.0	0.0	-4.71689009961	0.0	0.0	0.0	-2.2564876179	0.0	0.0	0.0	0.0	0.0	0.0	-3.20449306401	0.0	-1.77596904492	0.0	-3.03602800206	-1.14893242145	0.0	0.0	0.0	0.0	0.0	0.0	0.0	3.18169704676	0.0	0.0	0.0	0.0	-0.00725777112346	0.0	0.0	0.0	0.0	0.0	-0.599287832913	0.0	0.0	4.18703137895	0.0	0.0	-1.34173340371	0.0	0.0	-1.12731840433	0.0	-1.32961256877	0.0	0.0	0.0	0.0	8.88647860496	0.0	0.0	0.0	0.0	-1.17048990748	0.0	0.0	12.9049437636	0.0	0.0	-1.75763664816	0.0
# Gene_ID	Label	Prediction	Decision_Func_Score	Prob_of_Pos
ENSG00000067560	1	1	5.42195065736	0.995600918208
ENSG00000243709	0	0	-2.67755831447	0.064310648105
ENSG00000128917	1	1	5.43501261445	0.995657757295
ENSG00000137764	1	0	-6.63150418658	0.00131644349924
ENSG00000169813	0	0	-3.89568507583	0.0199243907131
ENSG00000111596	0	0	-7.55538522934	0.000523010835053
ENSG00000100888	0	0	-8.48935874248	0.000205602808094
ENSG00000119185	1	0	-7.11030559844	0.000815979022903
