# Prediction results for GO term: GO:0090051
# Model used: Logistic Regression with L1 Penalty
# ROC AUC Score: 0.6875
# Tissues used:
Adipose - Visceral (Omentum)
# Number of folds used for cross-validation: 5
# Range of cost parameters:
0.0001	0.000263665089873	0.000695192796178	0.00183298071083	0.00483293023857	0.012742749857	0.0335981828628	0.088586679041	0.233572146909	0.615848211066	1.62377673919	4.28133239872	11.2883789168	29.7635144163	78.4759970351	206.913808111	545.559478117	1438.44988829	3792.69019073	10000.0
# Best cost parameter (determined by CV): [ 206.91380811]
# Coefficients:
0.0	0.0	0.0	-0.179650008506	0.0	0.0	0.0	0.0	0.0	0.0	-2.28538160472	0.0	0.0	0.0	0.0	0.0	0.0	0.0	0.0	0.0	0.0	0.0	0.0	0.0	-0.819783466247	0.333095315579	0.0	-1.48511472307	0.0	0.0	0.0	0.0	0.0	0.0	0.0	0.0	0.0	0.0	0.0	0.0	0.0	0.0	0.0	2.14244859859	0.0	0.0	0.400298355552	0.0	0.0	0.0	0.845966257424	0.0	0.0	0.0	0.0	0.0	0.300781579009	0.0	0.0	0.0	0.0	0.0	0.0	0.0	0.0	0.0	0.0	1.88055855388	0.0	0.0498513333819	0.0	0.0	0.0	0.0	0.0	0.0	0.0	0.0	0.0	0.0	0.0	0.0	0.0	0.0	0.0	0.0	0.0	0.0	0.8882668752	0.0	0.0	0.0	0.0	0.0	0.0	0.0	0.0	-0.761155517867	0.0	-1.27063951965	0.0	-0.0655749691609	0.0	0.0	0.0	0.0	0.0	0.0	0.0	0.0	0.0	0.0	0.0	0.0	0.0	0.0	0.0	0.0	0.0	0.0	0.0	0.0	-1.15093340364	0.0	0.0	0.0	0.0	0.0	0.0	0.0	0.0	0.0	0.0652955523077	0.0	0.0	0.0	0.0	0.0	0.986258658434	0.0	0.0	0.0	-0.236562633223	0.0	0.0	0.0	0.0	0.0	0.0	0.0	0.0	0.0	0.487071877564	0.0	0.0	0.0	0.0	0.0	1.26211532664	0.0	0.0	0.0	0.0	0.0	0.0	0.0	0.0	0.0	0.0	-0.214208062246	0.751524708059	0.0	0.0	0.0	-0.772344298194	0.0	0.0	0.0	0.0	0.0	0.0	0.0	0.656947065669	0.0	0.0	0.0	0.0	0.0	0.261352412786	0.0	0.0	0.0	0.0	0.0	2.30306932744	0.0	0.0	0.0	0.0	0.0	1.29609932644	0.0	0.0	0.0	0.0	0.0	0.0	0.555240714649	0.0	0.0	0.0	0.0	0.0	0.0	0.0	0.0	0.0	0.0	0.0	0.0	0.0	0.0	0.0	0.0	0.0	0.0	0.0
# Gene_ID	Label	Prediction	Decision_Func_Score	Prob_of_Pos
ENSG00000133121	1	0	-7.92091762122	0.000362937242493
ENSG00000136367	0	0	-4.762904193	0.00846844229036
ENSG00000108946	0	0	-8.05564862282	0.000317203867073
ENSG00000132680	0	0	-8.05564862282	0.000317203867073
ENSG00000150779	0	0	-8.05564862282	0.000317203867073
ENSG00000136826	1	1	6.67629742594	0.998741150498
ENSG00000114209	1	0	-2.40506328519	0.0827874096634
ENSG00000108840	1	0	-8.57743561358	0.000188271798386
