# Prediction results for GO term: GO:0034374
# Model used: Logistic Regression with L1 Penalty
# ROC AUC Score: 0.5
# Tissues used:
Cells - EBV-transformed lymphocytes
# Number of folds used for cross-validation: 5
# Range of cost parameters:
0.0001	0.000263665089873	0.000695192796178	0.00183298071083	0.00483293023857	0.012742749857	0.0335981828628	0.088586679041	0.233572146909	0.615848211066	1.62377673919	4.28133239872	11.2883789168	29.7635144163	78.4759970351	206.913808111	545.559478117	1438.44988829	3792.69019073	10000.0
# Best cost parameter (determined by CV): [ 3792.69019073]
# Coefficients:
0.259000102031	-0.000363685257216	0.000145646609195	-0.000368351180871	0.435259804048	0.0	0.0	0.00664923970309	0.445659539969	0.0140750760544	0.0	0.0	0.0	0.0	-1.15746626448	0.0	0.00028293147391	0.00183004602139	0.000224433925965	1.2788913001	0.00748587650298	5.40551809493e-05	0.0	0.255013654535	2.21879231093	0.482372040465	-0.761411473872	0.0	0.0	-0.000235363930768	-0.00507302793997	0.0	0.0	0.000247227853487	0.489148446592	-0.670732003878	0.0	0.0	0.0	-5.06397849	0.00153982999324	0.544395534958	6.89069055824	0.0	0.0	0.0	0.416378691972	-6.35996659032	-5.42374983263	0.00412877658728	0.00282730967158	0.0999745072987	0.69516643392	0.249224911525	0.0734295206506	0.0	0.226916487566	0.0	0.0	0.0	0.0	0.0	0.0	-0.0939340300093	0.0	0.0	0.0	-2.37887387287	0.0	0.0	0.000571317377427	0.0	0.0	0.627124866685	0.0254489358578	0.0	0.00721249280913	0.00234561744185	0.0249635772189	1.36890539001	0.0	0.0	0.0	0.185090860542	0.00957619442466	0.0	0.0	0.0	0.0	0.0	0.128933304068	0.00606436758518	-0.743799635701	0.0	0.0	0.16062769089	0.0	0.000197662218123	0.0	0.0	0.0	0.0482274657535	0.00397258559645	0.322234607298	0.0	0.0	0.0	0.18142993246	0.000633337718426	5.14072238762	-0.365050024371	0.0	0.129787004957	0.000563379673041	0.0797081817951	0.0	0.0	-0.0373560693886
# Gene_ID	Label	Prediction	Decision_Func_Score	Prob_of_Pos
ENSG00000188257	1	1	0.811647834978	0.692460536743
ENSG00000087152	0	1	6.01639075048	0.997567476874
ENSG00000096395	0	1	0.405178043639	0.59993110255
ENSG00000135744	1	1	4.34566355296	0.987202982685
ENSG00000146070	1	0	-10.855815812	1.92917096925e-05
ENSG00000084674	1	1	0.714643482625	0.671426386667
ENSG00000139112	0	1	0.405178043639	0.59993110255
ENSG00000136861	0	1	0.724824017424	0.673668412754
