# Prediction results for GO term: GO:0034374
# Model used: Logistic Regression with L1 Penalty
# ROC AUC Score: 0.34375
# Tissues used:
Ovary
# Number of folds used for cross-validation: 5
# Range of cost parameters:
0.0001	0.000263665089873	0.000695192796178	0.00183298071083	0.00483293023857	0.012742749857	0.0335981828628	0.088586679041	0.233572146909	0.615848211066	1.62377673919	4.28133239872	11.2883789168	29.7635144163	78.4759970351	206.913808111	545.559478117	1438.44988829	3792.69019073	10000.0
# Best cost parameter (determined by CV): [ 29.76351442]
# Coefficients:
0.0	0.0	0.0	0.0	0.0	3.18515977878	0.0	0.0	0.0	0.0	0.0	0.0	0.0	0.0	0.0	0.0	0.0	0.0	0.0	0.0	0.0	0.0	0.0	0.0	0.0	0.0	0.0	0.0	0.0	0.0	-0.0338815842956	0.0	0.0	0.0	0.0	7.60352348873	0.0	0.0	0.0	0.0	0.0	0.0	0.0	0.0	0.0	0.0	0.0	0.0	0.0	0.0	0.0	0.0	0.0	0.0	0.0	0.0	0.0	0.0	0.0	0.0	0.0	0.0	0.0	0.0	0.0	2.01474072712	0.0	0.0	0.0	0.0	0.0	1.07747017674	0.0	0.0	0.0	0.0	0.0	0.0	0.0	0.0	0.0	0.0	0.0	0.0	0.0	0.0	0.0	0.0	0.0	0.0	0.0	0.0	0.0	0.0	0.0	0.0	0.0
# Gene_ID	Label	Prediction	Decision_Func_Score	Prob_of_Pos
ENSG00000144891	1	1	4.0629884746	0.983093207563
ENSG00000158874	1	0	-4.95203084182	0.00701941771094
ENSG00000108848	0	0	-4.95203084182	0.00701941771094
ENSG00000160179	1	0	-5.00009898491	0.00669219289916
ENSG00000121101	0	0	-4.95203084182	0.00701941771094
ENSG00000087152	0	1	0.957743756482	0.722669840248
ENSG00000166035	1	0	-4.96588303176	0.00692352232144
ENSG00000127586	0	0	-4.95203084182	0.00701941771094
