# Prediction results for GO term: GO:0072678
# Model used: Logistic Regression with L1 Penalty
# ROC AUC Score: 0.875
# Tissues used:
Artery - Aorta
# Number of folds used for cross-validation: 5
# Range of cost parameters:
0.0001	0.000263665089873	0.000695192796178	0.00183298071083	0.00483293023857	0.012742749857	0.0335981828628	0.088586679041	0.233572146909	0.615848211066	1.62377673919	4.28133239872	11.2883789168	29.7635144163	78.4759970351	206.913808111	545.559478117	1438.44988829	3792.69019073	10000.0
# Best cost parameter (determined by CV): [ 1438.44988829]
# Coefficients:
0.0	-0.0721969808908	0.0	-3.71688143979	-0.0231257137804	-0.313079347778	0.0	-0.685920429482	-0.0103186022923	2.06621105664	0.0	0.0	0.0	0.0	0.0	0.0	0.0	-0.295950499469	-1.31945091466	0.0	0.0	0.0	0.0	-1.58044779855	-0.429031339495	0.0	0.0	-2.14668507906	-1.95590578213	0.0	-0.685451123081	-0.0551580187514	0.0	0.0	10.6189597297	-1.22656603852	0.0	-0.0889738543379	-1.07583753495	0.0	-0.0202826778969	-0.00301922200609	0.0	-0.800343086901	0.138205433656	0.0	0.0	0.0	0.0	-0.569038989801	-0.574843430511	0.0	0.0	0.0	0.0	-2.07118527104	0.0	0.0	0.0	1.08868271845	0.0	-0.293034335002	0.0	-0.0484488902789	0.0	-0.155556305963	-0.0253331264633	0.0	0.0	-0.00368167338314	-0.278353739501	0.0	-0.248096894262	0.0	0.0	-0.303813655499	0.0	-0.237788640567	0.0	0.0	0.0	0.0939035954593	-0.00894283144088	0.0	0.0	-0.00169746273925	0.925075212863	0.0	0.0	-0.581456913056	0.0	-0.0303321347763	0.0	-0.0192342407638	-0.0704583255706	-0.995376717221	-0.0133626365152	0.0	0.0	0.0	3.85215279622	0.0	0.0	0.0	0.0	0.675294077474	0.0	-0.347717582441	0.0	-0.26112465498	0.0	0.0	2.5921769104	0.0	0.0	0.0	0.0	0.0	0.0	-0.209934766053	-0.377138421536	0.0	-0.79588652524	0.0	-0.23793758109	-0.956670382595	-1.31290687191	0.0	0.0	0.0	0.0	0.0	0.0	-1.15582283203	0.0	0.0	-0.000419071033243	-0.418408187118	-2.24879828182	0.0	1.50327184112	0.112333348662	0.0	0.0	0.0	0.0	0.0	0.0	-0.0180707987203	0.0	-0.295721283204	-1.90802818075	0.0	0.0	0.0	-0.0672147647409	0.0	0.0	0.0	0.0	-0.0941177329864	0.0	0.0	0.0	-0.350311235448	1.34272643913	0.0	0.0	0.0	0.0	0.0	0.0	0.0	0.0	-0.555223917709	-0.052855570642	0.0	0.0	11.7955039135	0.0	-0.462987739881	0.0	-0.00178065720887	-0.677120159458	0.0	0.0	-0.452793523304	-0.145924285016	0.0	0.0	0.0	0.0	0.0	-0.00193910803259	0.0	-0.159270090837	0.0	0.0	0.0	0.0	0.0	-0.477567062802	0.0	0.0	-0.889640838276	-0.31271872669	0.0	0.0	0.472827504995	0.0	-0.065924772695	-0.329782251712	-0.984162011818	0.0	0.0	-0.451453159981	0.0	0.0	4.59334365516	0.0	0.438711423399	0.0	2.7207580422	0.0
# Gene_ID	Label	Prediction	Decision_Func_Score	Prob_of_Pos
ENSG00000100575	0	0	-9.66801244329	6.32714905338e-05
ENSG00000072864	0	0	-12.7836180027	2.80636415052e-06
ENSG00000171608	1	1	7.64429880751	0.999521463208
ENSG00000156469	0	0	-0.690952771509	0.333821158008
ENSG00000161921	1	1	13.3007257223	0.999998326724
ENSG00000105851	1	0	-5.89530811366	0.0027447736646
ENSG00000115085	1	1	7.98905988192	0.999660962208
ENSG00000166313	0	0	-5.56661693385	0.00380883071221
