# Prediction results for GO term: GO:0072678
# Model used: Logistic Regression with L1 Penalty
# ROC AUC Score: 0.4375
# Tissues used:
Brain - Hypothalamus
# Number of folds used for cross-validation: 5
# Range of cost parameters:
0.0001	0.000263665089873	0.000695192796178	0.00183298071083	0.00483293023857	0.012742749857	0.0335981828628	0.088586679041	0.233572146909	0.615848211066	1.62377673919	4.28133239872	11.2883789168	29.7635144163	78.4759970351	206.913808111	545.559478117	1438.44988829	3792.69019073	10000.0
# Best cost parameter (determined by CV): [ 10000.]
# Coefficients:
0.0	-1.06006866201	-2.5819397832	-0.808058706086	-1.29477768303	-0.234389535664	-2.25978720603	-3.37520337529	0.0	2.13850210516	-1.035957477	-1.77107247418	-0.931453146962	-1.6273477443	0.583137981646	-1.12280292815	-1.12390124652	1.03008328854	0.0	-1.01698868644	-1.79419237107	-1.08743930738	-0.362318625995	-2.2720173221	-0.140614828854	0.154822409082	-2.26589976294	0.0	-2.06139634886	0.0	-0.332863992308	-0.828995204525	-2.5727503363	0.0	-0.446891906543	0.479035794314	-1.20089484949	-1.4536695161	-0.810199036173	-1.63413868812	6.22150111333	-1.66342146887	-1.03208377048	0.0	-1.64828113304	0.0	-1.98561152059	0.0	5.43732946821	-0.18601929446	-0.37673978737	0.0	-0.38512000379	-0.661686382956	0.0	-0.22392138589	-11.6692979788	0.0	-0.299353501401	1.32417585275	-0.564497812678	-0.171392022383	-0.57925332656	-21.2910699834	-2.22349906355	-2.16242314905	0.0	0.0	-1.31737219939	-3.04808853712	-1.96306174255	19.3162099861	-2.24947265163	0.0	-2.2991903016	-0.713407934745	2.8205815151	0.0	1.99090998514	-0.582275866425	-0.535412234199	-1.65537022265	0.0	3.01169672	6.04414271336	0.0	-0.0255045558533	23.0740290654	-2.48797995564	-0.684248411092	-0.47976174055	-0.0501473832753	12.8433680707	11.776802126	-1.6656405918	11.552123547
# Gene_ID	Label	Prediction	Decision_Func_Score	Prob_of_Pos
ENSG00000156469	0	0	-16.2194443783	9.03617779995e-08
ENSG00000015153	0	0	-2.32992316982	0.0886748718315
ENSG00000114796	0	0	-1.15445045465	0.239677128434
ENSG00000169248	1	0	-4.09040055761	0.0164571599533
ENSG00000171608	1	0	-0.415049334666	0.397702005666
ENSG00000009413	0	1	1.66132488239	0.840415772593
ENSG00000105851	1	0	-1.29730906057	0.21461824599
ENSG00000169245	1	0	-8.70230507357	0.000166174642061
