# Prediction results for GO term: GO:0072678
# Model used: Logistic Regression with L1 Penalty
# ROC AUC Score: 0.75
# Tissues used:
Colon - Sigmoid
# Number of folds used for cross-validation: 5
# Range of cost parameters:
0.0001	0.000263665089873	0.000695192796178	0.00183298071083	0.00483293023857	0.012742749857	0.0335981828628	0.088586679041	0.233572146909	0.615848211066	1.62377673919	4.28133239872	11.2883789168	29.7635144163	78.4759970351	206.913808111	545.559478117	1438.44988829	3792.69019073	10000.0
# Best cost parameter (determined by CV): [ 4.2813324]
# Coefficients:
0.0	0.0	0.0	0.0	0.0	0.0	0.0	0.0	0.0	0.0	0.0	0.0	0.0	0.0	2.62115493528	0.0	0.0	0.0	0.0	0.0	0.0	0.0	0.0	0.0	0.0	0.0	0.0	0.0	0.0	0.0	0.0	0.0	0.0	0.0	0.0	0.0	0.0	0.0	0.0	0.0	0.0	0.0	0.0	0.0	0.0	0.0	0.0	0.0	0.0	0.0	0.0	0.0	0.0	0.0	0.0	0.0	0.0	0.0	0.0	0.0	0.0	0.0	0.0	0.0	0.0	0.0	0.0	0.0	0.0	0.0	0.0	0.0	0.294797246919	0.0	0.0	0.0	0.0	0.0	0.0	0.0	0.0	0.0	0.0	0.0	0.0	0.0	0.0	0.0	0.0	0.0	0.0	0.0	0.0	0.0	0.803940677055	0.0	0.0	0.0	0.0	0.0	0.0	0.0	0.0	0.0	0.0	0.0	0.0	0.0	-0.25787215707	0.0	0.0	0.0	0.0	0.0	0.0	0.0	0.0	0.0	0.0	0.0	0.0	0.0	0.0	0.0	0.0	0.0	0.0	0.0	0.0	0.0	0.0	0.0	0.0	0.0	0.0	-2.20209312281	0.0	0.0	0.0	0.0	0.381275520149	0.0	0.0	0.0	0.0	0.0	-1.58566765063	0.0	0.0
# Gene_ID	Label	Prediction	Decision_Func_Score	Prob_of_Pos
ENSG00000015153	0	0	-0.429732749462	0.394190150334
ENSG00000009413	0	0	-0.429732749462	0.394190150334
ENSG00000115085	1	1	2.52646760382	0.925976593071
ENSG00000108691	1	1	0.949233707462	0.720961044295
ENSG00000114796	0	0	-0.429732749462	0.394190150334
ENSG00000166313	0	0	-0.429732749462	0.394190150334
ENSG00000170989	1	0	-1.6553582972	0.160386074789
ENSG00000121807	1	1	0.181785226147	0.545321567675
