# Prediction results for GO term: GO:0055013
# Model used: Logistic Regression with L1 Penalty
# ROC AUC Score: 0.59375
# Tissues used:
Breast - Mammary Tissue
# Number of folds used for cross-validation: 5
# Range of cost parameters:
0.0001	0.000263665089873	0.000695192796178	0.00183298071083	0.00483293023857	0.012742749857	0.0335981828628	0.088586679041	0.233572146909	0.615848211066	1.62377673919	4.28133239872	11.2883789168	29.7635144163	78.4759970351	206.913808111	545.559478117	1438.44988829	3792.69019073	10000.0
# Best cost parameter (determined by CV): [ 78.47599704]
# Coefficients:
0.0	0.0	0.0	0.0	0.0	0.0	0.0	0.0	0.0	0.0	0.0	0.0	0.0	0.0	0.0	0.0	0.0	0.0	0.0	0.0	0.0	0.0	0.0	0.0	0.0	0.0	0.0	0.0	10.0600089012	0.0	0.0	0.0	0.0	0.0	0.0	0.0	-3.06160253382	0.0	0.0	0.0	0.0	0.0	0.0	0.0	0.0	0.0	0.0	0.0	0.0	0.0	0.0	0.0	0.0	0.0	0.0	0.0	0.0	0.0	13.1522316622	0.0	0.0	0.0	0.0	0.0	0.0	0.0	0.0	-0.633724488902	0.0	0.0	0.0	0.0	0.0	0.0	0.0	0.0	0.0	0.0	0.0	0.0	0.0	0.0	0.0	0.0	0.0	0.0	0.0	0.0	0.0	0.0	2.56738263752	0.0	0.0	0.0	0.0	0.0	0.0	0.0	0.0	0.0	0.0	0.0	0.0	0.0	0.0	0.0	0.0	0.0	0.0	0.0	0.0	0.0	0.0	0.0	0.0	0.0	0.0	0.0	0.0	0.0	0.0	0.0	0.0	0.0	0.0	0.0	0.0	0.0	0.0	0.0	0.0	0.0	6.25662428111	0.0	0.0	-8.67699588595	-8.35984217229	0.0	0.0	0.0	0.0	0.0	0.0	0.0	0.0	0.0	0.0	0.0	-0.618830871717	0.0	0.0	0.0	0.0	0.0	0.0	0.0	0.0	0.0	0.0	0.0	0.0	0.0	0.0	0.0	0.0	0.0	0.0	0.0	0.0	0.0	0.0	0.0	0.0	0.0	0.0	0.0	0.0	0.0	0.0	0.0	0.0	0.0	0.0	0.0	0.0	0.0	-10.9929304018	0.0	0.0	0.0	0.0	0.828084135155	0.0	0.0	0.0	0.0	0.0	0.0	0.0	0.0	0.0	0.0	0.0	0.0	0.0	0.0	0.0	0.0	0.0	0.0	0.0	0.0	0.0	0.0
# Gene_ID	Label	Prediction	Decision_Func_Score	Prob_of_Pos
ENSG00000183023	1	0	-0.357488293505	0.411567714945
ENSG00000073111	0	0	-4.17284394243	0.0151745618425
ENSG00000117707	0	0	-6.83850669028	0.00107055527233
ENSG00000156256	0	0	-0.357488293505	0.411567714945
ENSG00000154639	1	0	-2.82801406768	0.0558289883232
ENSG00000135547	1	0	-5.01161005541	0.0066161070172
ENSG00000173991	1	1	4.91390371785	0.992709773387
ENSG00000130590	0	1	0.712856713088	0.67103208142
