# Prediction results for GO term: GO:0055013
# Model used: Logistic Regression with L1 Penalty
# ROC AUC Score: 0.5
# Tissues used:
Brain - Hypothalamus
# Number of folds used for cross-validation: 5
# Range of cost parameters:
0.0001	0.000263665089873	0.000695192796178	0.00183298071083	0.00483293023857	0.012742749857	0.0335981828628	0.088586679041	0.233572146909	0.615848211066	1.62377673919	4.28133239872	11.2883789168	29.7635144163	78.4759970351	206.913808111	545.559478117	1438.44988829	3792.69019073	10000.0
# Best cost parameter (determined by CV): [ 0.61584821]
# Coefficients:
0.0	0.0	0.0	0.0	0.0	0.0	0.0	0.0	0.0	0.0	0.0	0.0	0.0	0.0	0.0	0.0	0.0	0.0	0.0	0.0	0.0	0.0	0.0	0.0	0.0	0.0	0.0	0.0	0.0	0.0	0.0	0.0	0.0	0.0	0.0	0.0	0.0	0.0	0.0	0.0	0.0	0.0	0.0	0.0	0.0	0.0	0.0	0.0	0.0	0.0	0.0	0.0	0.0	0.0	0.0	0.0	0.0	0.0	0.0	0.0	0.0	0.0	0.0	0.0	0.0	0.0	0.0	0.0	0.0	0.0	0.0	0.0	0.0	0.0	0.0	0.0	0.0	0.0	0.0	-0.537679610915	0.0	0.0	0.0	0.0	0.0	0.0	0.0	0.0	0.0	0.0	0.0	0.0	0.0	0.0	0.0	0.0
# Gene_ID	Label	Prediction	Decision_Func_Score	Prob_of_Pos
ENSG00000135547	1	0	-0.235590671194	0.441373244918
ENSG00000183023	1	1	0.453396603523	0.611446502724
ENSG00000174796	0	1	0.453396603523	0.611446502724
ENSG00000112715	1	1	0.453396603523	0.611446502724
ENSG00000156256	0	0	-0.770758414636	0.316315068787
ENSG00000120647	0	1	0.453396603523	0.611446502724
ENSG00000154639	1	0	-0.508715628027	0.375494660534
ENSG00000140481	0	1	0.207696054999	0.551738158777
