# Prediction results for GO term: GO:0055013
# Model used: Logistic Regression with L1 Penalty
# ROC AUC Score: 0.9375
# Tissues used:
Pancreas
# Number of folds used for cross-validation: 5
# Range of cost parameters:
0.0001	0.000263665089873	0.000695192796178	0.00183298071083	0.00483293023857	0.012742749857	0.0335981828628	0.088586679041	0.233572146909	0.615848211066	1.62377673919	4.28133239872	11.2883789168	29.7635144163	78.4759970351	206.913808111	545.559478117	1438.44988829	3792.69019073	10000.0
# Best cost parameter (determined by CV): [ 3792.69019073]
# Coefficients:
0.0	0.0	0.0	-2.13982951855	0.0	0.0	0.0	0.0	0.0	1.08403197338	0.0	0.0	-2.57365306317	0.0	-1.8223528945	-3.59127204198	0.0	0.0	-0.092832703935	0.0	-2.43615700623	0.0	-1.13020823425	0.0	0.0	-1.43941427481	-3.78881875541	0.0	0.0	-2.04646076201	0.0	-4.7048006934	0.0	0.0	0.0	0.0	0.0	-2.09901588303	0.0	0.0	0.0	0.0	-1.5264559973	0.0	-1.35784326983	0.0	-2.05798927078	0.0	0.0	0.0	0.0	0.0	0.0	8.55251701086	0.0	0.364804355759	0.0	0.0	0.0	-3.02813482671	0.0	-1.17720689058	0.0	0.0	0.0	0.0	0.0	21.9586362871	0.0	0.0	-2.79347868562	-1.37469371915	0.0	0.0	-3.50394871569	-0.245396511978	-0.0864193396611	-1.72020174574	0.0	-4.21302326085	-2.49146252957	0.0	-2.50658246588	-0.79070650847	-1.92249035524	-0.90569822883	-1.43753382831	0.0	0.0	-0.142494145215	0.0	0.0	0.0	0.0	7.27164654984	-1.04277785985	0.864772866246	-0.758059658456	0.0	-2.26264902869	-0.967249883687	-1.56793740892	0.0	0.0	-5.87816223768	0.0	0.0	-1.56718825081	-3.65019747263	-1.22022295105	-2.57487118506	0.0	0.0	-3.47925203946	-3.40299927708	-3.02216792156	-3.71734391629	0.0	-1.82304742243	0.0	-0.0127250749694	-1.18418776178	0.0	0.0	-2.90561301557	13.6414720639	-1.87803635462	-4.39015667472	-0.46738565509	0.0	2.66246494646	0.0	0.0	1.75015060953	0.0	0.0	0.0	0.0	0.0	0.0	0.0	30.9746205363	0.0	0.0	-1.53988590617	0.0	-1.94124398191	-0.908867961706	9.44064288978	-0.0289817159281	0.0	0.482310925021	-1.01512097119	-0.00143538081498	0.0	-0.876509949606	0.0	0.0	0.0	0.164534665504	0.0	-0.814209382166	-0.309373897605	0.0	0.0	14.551839522	0.0	0.0	0.0	0.0	0.0
# Gene_ID	Label	Prediction	Decision_Func_Score	Prob_of_Pos
ENSG00000159388	0	0	-20.5032317754	1.24611917304e-09
ENSG00000140481	0	0	-4.89348328432	0.00743950768895
ENSG00000136110	0	0	-5.85995608977	0.00284326169626
ENSG00000161021	1	0	-1.43681631836	0.192038844107
ENSG00000179761	0	0	-4.93785033494	0.00711895205526
ENSG00000183023	1	0	-4.89348328432	0.00743950768895
ENSG00000135547	1	1	7.07084663463	0.999151207484
ENSG00000180053	1	0	-4.89348328432	0.00743950768895
