# Prediction results for GO term: GO:0090330
# Model used: Logistic Regression with L1 Penalty
# ROC AUC Score: 0.7
# Tissues used:
Adipose - Subcutaneous
# Number of folds used for cross-validation: 5
# Range of cost parameters:
0.0001	0.000263665089873	0.000695192796178	0.00183298071083	0.00483293023857	0.012742749857	0.0335981828628	0.088586679041	0.233572146909	0.615848211066	1.62377673919	4.28133239872	11.2883789168	29.7635144163	78.4759970351	206.913808111	545.559478117	1438.44988829	3792.69019073	10000.0
# Best cost parameter (determined by CV): [ 545.55947812]
# Coefficients:
0.0	0.0	0.0	0.0	0.0	0.0	0.0	-0.436516913997	0.0	0.0	0.0	0.0	0.0	0.0	0.0	0.0	0.0	0.0	0.0	0.0	0.0	1.46169395838	0.0	0.0	0.0	0.0	0.0	0.0	0.0	0.0	0.0	0.0	0.0	0.0	0.0	0.0	0.0	0.0	0.0	0.0	0.0	0.0	0.0	0.0	0.0	0.0	0.0	0.0	-0.0913418282482	0.0	0.0	0.0	0.0	0.0	0.0	0.0	0.0	0.0	0.0	0.0	0.0	0.0	0.0	0.0	0.0	0.0	0.0	0.0	0.0	0.0	0.0	0.0	0.0	0.0	0.0	0.0	0.0	0.0	0.0	0.0	0.0	0.0	0.0	0.0	0.0	0.0	0.0	0.0	0.0	0.0	0.0	0.0	0.0	0.0	0.0	0.0	0.0	0.0	0.0	0.447946686398	0.0	0.0	0.0	0.0	0.0	0.0	0.0	0.0	0.0	0.0	0.0	0.0	0.0	0.0	0.0	0.0	0.0	0.0	0.0	0.0	0.0	0.0	0.0	0.0	0.0	0.0	0.0	0.0	0.0	-0.00148440499981	-0.52504398374	0.0	0.0	0.0	0.0	0.0	0.0	0.0	0.0	0.0	0.0	0.0	0.0	0.0	0.0	0.0	6.99525537367	0.0	0.0	0.0	0.0	39.7473919159	0.0	0.0	0.0	0.0	0.0	-4.56036684314	0.0	0.0	0.0	0.0	0.0	0.0	0.0	-2.13049178003	0.0	0.0	-4.28640424524	0.0	0.0	0.0	0.0	0.0	0.0	0.0	0.0	0.0	0.0	0.0	0.0	0.0	0.0	0.0	0.0	0.0	0.0	-2.24795896475	-9.69481404144	0.0	0.0	0.0	-2.23263431127	-1.69548937674	-5.47455169772	-0.250801932029	-1.30484376821	0.0	0.0	0.0	1.6609170296	0.0	0.0	0.0	0.0	0.0	0.0	0.0	-2.63844172117	0.0	0.0	-4.15292504556	0.0	0.0	0.0	0.0	-0.00413046691368	0.0	0.0	0.0	0.0	0.0	-1.13622152233	0.0	-0.55685715633	0.0	-0.796909289261	-1.39489023431	0.0	0.0	0.0	0.0	0.0	0.0	0.0	0.0	0.0	0.0	0.0	0.0	0.0	0.0	0.0	0.0	0.0	0.0	-0.568916890235	0.0	0.0	0.0	0.0	0.0	0.0	0.0	0.0	0.0	0.0	0.0	0.0	0.0	0.0	0.0	0.0	6.74443031294	0.0	0.0	0.0	0.0	0.0	0.0	0.0	0.0	0.0	0.0	0.0	-1.11823452022	0.0	0.0	0.0	0.0	0.0	0.0	0.0	-0.632286085774	0.0	0.0	0.0	0.0	0.0	0.0	-0.00390542566467	0.0	0.0	0.0	0.0	0.0	0.0	0.0	0.0	0.0	0.0	0.0	0.0	0.0	0.0	0.0	0.0	0.0	0.881136063122	0.0	0.0	0.0	-2.57577371021	0.0	0.0	0.0	0.0	0.0	0.0	0.0	0.0	0.0	0.0	0.0	0.0	0.0	0.0	-1.26194155152	2.34851967816	0.0	0.0	0.0	0.0	0.0	0.0	-4.1240546898	0.0	0.0	0.0	0.0	0.0	0.0	0.0	0.0	8.17880002312	0.0	0.0	0.0	0.0	0.0
# Gene_ID	Label	Prediction	Decision_Func_Score	Prob_of_Pos
ENSG00000100902	0	1	60.4619482373	1.0
ENSG00000164972	0	0	-4.79225120511	0.00822554464564
ENSG00000135919	1	0	-5.36751928265	0.00464402364672
ENSG00000140859	0	0	-12.0134418644	6.06213853506e-06
ENSG00000165025	1	0	-1.23950468437	0.224522214354
ENSG00000198707	0	0	-6.78187645556	0.0011328599011
ENSG00000185532	1	0	-4.79225120511	0.00822554464564
ENSG00000173918	1	1	50.4899314711	1.0
ENSG00000065675	1	0	-2.95763013147	0.049377126685
