# Prediction results for GO term: GO:0090330
# Model used: Logistic Regression with L1 Penalty
# ROC AUC Score: 0.5
# Tissues used:
Thyroid
# Number of folds used for cross-validation: 5
# Range of cost parameters:
0.0001	0.000263665089873	0.000695192796178	0.00183298071083	0.00483293023857	0.012742749857	0.0335981828628	0.088586679041	0.233572146909	0.615848211066	1.62377673919	4.28133239872	11.2883789168	29.7635144163	78.4759970351	206.913808111	545.559478117	1438.44988829	3792.69019073	10000.0
# Best cost parameter (determined by CV): [ 1438.44988829]
# Coefficients:
-0.00270104682192	-1.77787692265	-0.0358590857374	-0.757159528069	-0.267028595921	-0.442905709924	-0.561368410838	-0.00436609172466	0.0	-0.689975425525	0.0	0.0	0.0	-0.109932074117	-0.580778511236	0.0	-0.145735863393	-0.290871422671	-0.122746093675	-0.543107636988	-0.282948927177	0.0	1.23219313989	-0.435856736541	-0.0646991139889	-0.0897303953292	-0.55799840518	-0.616239859876	-0.646712715706	0.0	0.0	-0.0701600301406	-0.191275386789	0.0	0.0	0.0	-0.00699919453315	-0.085879388958	-0.403855517519	-1.72183606506e-05	-0.198401502791	1.37305630637	0.0	0.0	-1.01993181537	-0.315445978041	2.1779783539	-0.285261882488	1.19041998552	0.0	-0.000958910409226	-0.110917808877	0.0	-0.0634382507191	-1.07584965174	-0.731257298849	-0.0125644978652	0.0	0.0	-0.390719256934	-0.399546472926	0.0	-0.0492633810977	-0.354622460028	-0.00450514350485	0.297138102086	-0.372248494489	-0.806277407105	-0.027582408157	0.0	-0.716337158874	-1.22143492851	0.0	-0.596138470887	-2.20522720297	0.0	15.2422107805	-0.333268259341	-0.328635329286	-0.000110553770642	0.0	-1.84441172233	-0.502226873482	-1.0250406119	-0.654095207899	-0.70720042899	0.0	0.0	0.0	-0.929997631639	-0.0168904537563	0.0	-0.285305339306	0.0	0.0	-0.182535706236	-0.0234175833261	-0.217435073248	-0.0466670125761	0.0	-0.309186001049	13.710954506	-0.150026060218	-0.522402815748	0.0	-0.371815600386	-0.00114976998053	-0.00544384768933	-0.0030336551219	0.0	0.0	0.0	-0.0137206809992	-0.171229463273	0.0	0.0	-0.210003136691	0.0	2.2054728611	0.0	-0.044832641007	0.0	-0.000899919991231	4.11429042732	0.0	-0.0868150513162	0.0	-0.0475453147112	2.77528317168	10.3965351616	-0.0184357546448	2.55915922691	-1.26749593804	-0.969640205897	-0.68618600852	-0.570289994981	-0.060143286457	-0.56243510345	0.0	0.0	-0.0736432075195	-0.520313280233	-0.358624036824	-0.745923791559	-1.06680933781	0.0	0.0	0.0	-0.148727430766	0.0	0.0	0.0	0.0	-0.131733076211	0.0	-1.53675289185	0.0	8.79216886868	0.0	-0.120650405031	-0.282133946194	0.0	-0.428829942009	-0.0784715558305	0.0	-0.572613254958	0.0	-1.21819964067	0.0	0.0	0.0	-0.193745911979	-0.278398889939	-0.26028257525	0.0	-7.62396721587e-05	0.0	0.0	0.0	0.0	-0.339500994318	0.0	-0.260126816792	-1.49918914809	0.0	0.0	-0.122430979074	-0.00273833438478	0.0	0.0	-0.383570976183	-1.56398444352e-05	-2.2621891437	-0.00267237651589	-0.040212568252	0.0	4.17831737988	0.0	-1.48481569095	-0.340716439845	2.37602050915	-0.00016538824876	0.0	-1.12232986263	-0.283353926177	0.0	0.0	-0.535776612482	-0.254695037415	-0.689689403862	-1.2371812919	-0.334845339358	-0.413172945599	-0.192170299241	-0.000288948505753	-0.298274046181	-0.333403191321	0.0	-0.411900492951	-0.18403194291	-0.911784150122	0.0	-0.272003674617	-1.367481288	2.9587501046	0.0	-0.0198916168764	-0.0404659254816	-0.115539765671	-0.273043668433	-0.930606601009	-0.263799427343	-0.169817575938	-0.737655722174	-1.30939290842	0.0	-0.810544107393	0.0	-0.255511248513	-0.20291284049	0.0	0.0	-7.92973547826e-05	0.0	0.0	-0.0194198171248	-0.0345753997167	0.0	-0.33597849198	-0.741872934997	0.0	0.0	-0.257121977864	0.0	-0.0299439205876	0.0	-0.00428774937885	0.0	0.0	0.0	0.0	-0.450958833503	-0.652896990376	-0.0927425530492	-1.93819126685e-06	0.0	7.25994495452	0.0	0.0	-1.42893837379	-0.00238640844357	0.0	-1.34263383823	0.0	-0.264471136288	-0.495008974418	0.0	-0.00151608878813	-0.227542846335	-0.814421864166	0.0	0.0	-0.484745719575	-1.60411384799	-0.519143065752	-0.553759408281	-0.368447615326	-0.00010867006744	-0.582320094884	0.0	-0.601799794646	3.94778695126	-0.0640326208051	-0.192113534344	0.0	-0.169720208574	-0.155878827876	-0.913677019434	-0.00625885944074	-1.32070633995	-0.980642521785	-1.11267713281	-1.71500843573	0.0	0.0	-3.8543819035e-05	-0.0151915862875	-0.411614606661	-0.0879992250475	-0.00349343922518	-0.978398091681	-0.115448770508	-1.01571447998	-0.187895703506	-0.0173616935378	0.0	0.0	1.32576770858	-1.07699628824	-0.32104090347	-0.969789199033	-0.0737852627359	-7.1435261424e-05
# Gene_ID	Label	Prediction	Decision_Func_Score	Prob_of_Pos
ENSG00000065675	1	0	-8.48567248425	0.000206361955083
ENSG00000165025	1	1	5.98920292676	0.997500602193
ENSG00000196503	0	0	-2.74650359354	0.0602844180693
ENSG00000115085	1	1	7.12026398259	0.999192099951
ENSG00000066933	0	0	-0.634812832296	0.346420045121
ENSG00000183305	0	0	-0.634812832296	0.346420045121
ENSG00000135919	1	0	-0.953958856277	0.278089361356
ENSG00000108839	1	0	-1.44537536609	0.190714322222
ENSG00000186868	0	0	-0.634812832296	0.346420045121
