# Prediction results for GO term: GO:0090330
# Model used: Logistic Regression with L1 Penalty
# ROC AUC Score: 0.55
# Tissues used:
Brain - Nucleus accumbens (basal ganglia)
# Number of folds used for cross-validation: 5
# Range of cost parameters:
0.0001	0.000263665089873	0.000695192796178	0.00183298071083	0.00483293023857	0.012742749857	0.0335981828628	0.088586679041	0.233572146909	0.615848211066	1.62377673919	4.28133239872	11.2883789168	29.7635144163	78.4759970351	206.913808111	545.559478117	1438.44988829	3792.69019073	10000.0
# Best cost parameter (determined by CV): [ 1.62377674]
# Coefficients:
0.0	0.0	0.0	0.0	0.0	0.0	0.0	0.0	0.0	0.0	0.0	0.0	0.0	0.0	0.0	0.0	0.0	0.0	0.0	0.0	0.0	0.0	0.0	0.0	0.0	0.0	0.0	0.0	0.0	0.0	0.0	0.0	0.0	0.0	0.0	0.0	0.0	0.0	0.0	0.0	0.0	0.0	0.0	0.0	0.0	0.0	0.0	0.0	0.0	0.0	0.0	0.0	0.0	0.0	0.0970349916758	0.0	0.0	0.0	0.0	0.0	0.0	-2.31202406816	0.0	0.0	0.0	0.0	0.0	0.0	0.0	0.0	0.0	0.0	0.0	0.213038808007	0.0	0.0	0.0	0.0	0.0	0.0	0.0	0.0	0.0	0.0	0.0	0.0	0.0	0.0	0.0	0.0234171292284	0.0	0.0	0.0	0.0	0.0	0.0	0.0	0.0	0.0	0.0	0.0	0.0	0.0	0.0	0.0	0.0	0.0	0.0	1.05405596347	0.0	0.0	0.0	0.0
# Gene_ID	Label	Prediction	Decision_Func_Score	Prob_of_Pos
ENSG00000163932	1	1	2.21141473312	0.901269884767
ENSG00000158856	1	0	-4.28704651387	0.0135590865231
ENSG00000066933	0	1	0.249130319363	0.561962431278
ENSG00000140873	1	1	1.52878835969	0.821828967606
ENSG00000185532	1	1	0.249130319363	0.561962431278
ENSG00000151136	0	0	-1.13196742978	0.243798201488
ENSG00000115085	1	1	0.744418046169	0.677961204844
ENSG00000166347	0	1	3.19923435725	0.960805454544
ENSG00000186868	0	1	0.249130319363	0.561962431278
