# Prediction results for GO term: GO:0042098
# Model used: Logistic Regression with L1 Penalty
# ROC AUC Score: 0.28125
# Tissues used:
Brain - Frontal Cortex (BA9)
# Number of folds used for cross-validation: 5
# Range of cost parameters:
0.0001	0.000263665089873	0.000695192796178	0.00183298071083	0.00483293023857	0.012742749857	0.0335981828628	0.088586679041	0.233572146909	0.615848211066	1.62377673919	4.28133239872	11.2883789168	29.7635144163	78.4759970351	206.913808111	545.559478117	1438.44988829	3792.69019073	10000.0
# Best cost parameter (determined by CV): [ 206.91380811]
# Coefficients:
0.0	0.0	-4.25690891403	0.706630163609	-7.46420145901	0.0	1.25454175778	0.737103506529	0.0	0.0	0.0	0.0	0.000881707043401	0.0	0.101407315208	0.0	0.0	0.0	0.0	-10.3471023191	0.0	0.0	0.0	0.323269486118	0.0	0.0	0.0	0.0	0.0	0.0	3.97070218367	0.0	3.4634097994	2.66015872729	0.0	2.11280695522	0.409088381186	0.0	0.319013721446	0.321649884172	2.10518148989	0.0	0.0	0.0	0.0	0.0	1.73996631755	0.0	0.0	0.197872783299	0.115319301027	0.549236191379	0.0	1.30624553185	0.0	0.0	0.0	-3.25228415723	0.0	0.0	0.0	0.385501164955	0.417502268122	0.0	0.0	0.0	0.164153274504	0.631415381093	1.35525152337	0.0	0.0	0.922234668677	0.0	2.98998619226	0.0	0.0	0.0	-11.252679386	1.38844556863	0.0	0.0	0.0	0.73801638513	0.0	0.0	0.866370157968	0.0	0.595645148992	0.0	0.0	0.0	1.87206397816	-3.84764862513	0.668832027485	1.75636415762	0.0	0.0	0.0	0.0	0.0	1.46852459157	0.0	0.0	0.0	0.176788529768	0.0	0.0	0.000185214361286
# Gene_ID	Label	Prediction	Decision_Func_Score	Prob_of_Pos
ENSG00000119772	0	1	2.9150135891	0.948583641562
ENSG00000100503	0	1	4.74382780719	0.99136986728
ENSG00000120337	1	0	-0.119127137018	0.470253385959
ENSG00000107099	1	1	7.66218977142	0.999529944572
ENSG00000026950	1	0	-27.052278318	1.78379443041e-12
ENSG00000135678	0	0	-0.119127137018	0.470253385959
ENSG00000176105	0	1	4.3398949807	0.987129901659
ENSG00000105851	1	0	-0.224419009051	0.444129538965
