# Prediction results for GO term: GO:0055023
# Model used: Logistic Regression with L1 Penalty
# ROC AUC Score: 0.53125
# Tissues used:
Breast - Mammary Tissue
# Number of folds used for cross-validation: 5
# Range of cost parameters:
0.0001	0.000263665089873	0.000695192796178	0.00183298071083	0.00483293023857	0.012742749857	0.0335981828628	0.088586679041	0.233572146909	0.615848211066	1.62377673919	4.28133239872	11.2883789168	29.7635144163	78.4759970351	206.913808111	545.559478117	1438.44988829	3792.69019073	10000.0
# Best cost parameter (determined by CV): [ 545.55947812]
# Coefficients:
0.0833478722628	0.0	0.0	0.0	0.000516292966115	0.0	0.0	0.0	0.0	0.0	0.0	0.0	0.0	0.0	0.0	0.0	0.0	0.0	0.0	0.0	0.0	0.0	0.0	0.0	0.0	0.000341738443061	0.0	0.0	0.306488601775	0.0	0.0	0.0	0.0	0.90350123028	0.0	0.0	0.0	-23.6323609205	4.47464222638	1.46495332361	0.0	12.3147959553	0.157081674592	0.0	0.0	0.0	0.0	3.40888338921	0.0	0.0	0.0	0.0	0.0	0.0	0.0	0.0	0.0	0.0	0.0	0.0	0.0	1.11087540583	0.0	0.0	0.0	0.0	0.0	0.0	0.0	0.0	0.0	0.0	0.0	0.0	0.0	0.0	0.0	0.826880033854	0.878725343023	0.0	0.0	2.13150072424	0.0	0.0	0.116130415235	0.0	0.0	0.0	6.40827012719	0.0	0.0	0.0	0.0	0.0	0.22975066378	0.0	0.0	0.532566888359	0.0	0.0	0.0	0.0	-19.3050331447	0.0	0.0	0.0	0.0	-0.599832003279	0.0	0.0	0.0	0.315513064255	0.0	3.93067177091	-0.178887676381	0.6476483967	0.0	-0.69196218887	0.0	0.0	0.0	0.0	0.206993860271	0.2432544786	0.0	0.0	1.01086339901	0.0	0.0	0.0	0.0	0.0	0.164083706595	0.0	0.0	0.0	0.0	0.0	0.0	0.0	0.184442431218	0.0	0.0	0.0	0.0	0.0	0.0	-3.40696183646	0.0	0.0	0.450014701602	0.0	0.0	0.0	0.0	0.828633245853	0.0	0.0	0.0	0.0	2.13765631978	1.14919776191	0.0	0.0	0.0	-17.8333103759	5.77894257371	0.0	9.48761026038e-06	0.0	13.8584267779	0.0	0.0	0.0	0.0	0.0	0.0	1.99509295539	1.79028750892	0.0	0.0	0.0	0.0	0.0	0.0	0.0	0.0	0.0	0.0	0.0	0.0	0.12216573114	0.0	0.0	-6.57768948416	-3.27175852926	4.81321416697e-05	0.0	0.0	3.53843819091	0.578557846588	0.0	0.0	0.0	0.0	0.0	0.0	0.0	0.0	0.0	0.0	0.0	0.0	0.0
# Gene_ID	Label	Prediction	Decision_Func_Score	Prob_of_Pos
ENSG00000179915	0	1	0.335359416455	0.583062831153
ENSG00000163239	0	1	1.88308682866	0.867965283794
ENSG00000163803	0	0	-12.6475985202	3.21526191991e-06
ENSG00000121068	1	1	1.33378143654	0.791465440825
ENSG00000138685	1	0	-29.8393156305	1.09887901008e-13
ENSG00000142583	0	0	-0.0728697363246	0.481790622853
ENSG00000081189	1	1	1.9363033414	0.873945464503
ENSG00000168214	1	0	-0.0728697363246	0.481790622853
