# Prediction results for GO term: GO:0055023
# Model used: Logistic Regression with L1 Penalty
# ROC AUC Score: 0.3125
# Tissues used:
Brain - Hippocampus
# Number of folds used for cross-validation: 5
# Range of cost parameters:
0.0001	0.000263665089873	0.000695192796178	0.00183298071083	0.00483293023857	0.012742749857	0.0335981828628	0.088586679041	0.233572146909	0.615848211066	1.62377673919	4.28133239872	11.2883789168	29.7635144163	78.4759970351	206.913808111	545.559478117	1438.44988829	3792.69019073	10000.0
# Best cost parameter (determined by CV): [ 3792.69019073]
# Coefficients:
0.0	1.55869911507	1.21763909753	1.89311922782	0.779141748766	0.569157537416	0.874063337203	0.0	0.0	3.54876230288	5.30472921638	3.49576894917	4.16959946641	9.49455131921	1.44665610635	0.0	10.1233938805	2.40763657207	2.30146015251	0.0	0.0	1.61760845592	0.0	27.5710750714	0.0	0.0	0.0	0.0	0.0	1.07246052171	0.303090020195	0.0	2.18994873366	1.40115106421	0.0	0.0	-36.0123512332	1.54837848235	3.19039324257	0.209568471354	3.94088765227	10.5753409963	4.21371013804	0.0	0.0	0.57899082277	1.55683959924	0.0	0.0	0.0	0.0	0.0	-5.344481873	-13.0705026534	0.0	3.96433280886	0.0	0.0	3.97241136668	0.0	5.63839418935	2.35158861403	0.0	0.0	0.0	0.135500579041	-118.34256557	0.0	2.3113894096	0.0	0.0	0.0	0.0	0.932656848283	0.0	0.0	0.408213249823	0.0	7.38657785304	1.10520956428	0.0	0.0	12.0558920749	0.0	2.80497924127	-1.12582922348	0.0	0.523372281002	0.0	0.0	0.0	15.678929583	0.0	0.0
# Gene_ID	Label	Prediction	Decision_Func_Score	Prob_of_Pos
ENSG00000138685	1	0	-54.217007264	2.84349795292e-24
ENSG00000142583	0	1	0.374754064042	0.592607226488
ENSG00000138375	0	1	2.34292131488	0.912369928875
ENSG00000151320	1	0	-58.0471415907	6.17229560028e-26
ENSG00000148400	1	1	53.0501629931	1.0
ENSG00000157168	1	1	0.424478847733	0.604554500489
ENSG00000163239	0	1	4.07785924254	0.983338606435
ENSG00000223638	0	1	1.04939742345	0.740659171158
