# Prediction results for GO term: GO:0055023
# Model used: Logistic Regression with L1 Penalty
# ROC AUC Score: 0.375
# Tissues used:
Artery - Coronary
# Number of folds used for cross-validation: 5
# Range of cost parameters:
0.0001	0.000263665089873	0.000695192796178	0.00183298071083	0.00483293023857	0.012742749857	0.0335981828628	0.088586679041	0.233572146909	0.615848211066	1.62377673919	4.28133239872	11.2883789168	29.7635144163	78.4759970351	206.913808111	545.559478117	1438.44988829	3792.69019073	10000.0
# Best cost parameter (determined by CV): [ 29.76351442]
# Coefficients:
0.0	0.0	0.0	0.0	0.0	0.0	0.0	0.0	-1.24037215322	-1.72322416691	0.0	0.0	0.0	0.0	0.0	0.0	0.0	0.0	0.0	0.0	0.0	0.0	-3.15226703197	0.0	0.0	0.0	0.0	0.0	0.0	0.0	0.0	0.0	0.0	0.0	0.0	0.0	0.0	0.0	0.0	0.345231403134	0.0	0.0	0.0	0.0	0.0	0.0	0.0	0.0	0.0	0.0	0.0	0.0	0.0	0.0	0.0	0.0	0.0	0.0	0.0	0.0	0.0	0.0	0.0	0.0	0.0	0.0	1.29510060232	0.0	0.0	0.0	0.0	0.0	0.0	0.0	-1.65553104099	0.0	0.0	0.0	0.0	0.0	0.0	0.0	0.0	0.0	0.0	0.0	0.0	0.0	-2.28282643238	0.0	0.0	0.0	0.0	0.0	0.0	0.0	0.0	0.0	0.0	0.0	0.0	1.81052668503	0.0	0.0	0.0	0.0	0.0	0.0	11.7912415429	0.0	0.0	0.0	-3.60414353426	0.0	0.0	0.0	0.0	0.0	0.0	0.0	5.83419636183	0.0	0.0	0.0	0.0	0.0	0.0	0.0	0.0	0.0	0.0	0.0	0.0
# Gene_ID	Label	Prediction	Decision_Func_Score	Prob_of_Pos
ENSG00000138375	0	1	7.58505965133	0.999492273432
ENSG00000168214	1	0	-2.51790255436	0.0746126353882
ENSG00000163217	1	0	-2.65778556217	0.0655107689702
ENSG00000179915	0	0	-2.39508365289	0.08354836162
ENSG00000178568	1	0	-2.51790255436	0.0746126353882
ENSG00000142583	0	0	-2.51790255436	0.0746126353882
ENSG00000012124	0	0	-2.51790255436	0.0746126353882
ENSG00000151320	1	1	20.7780380913	0.999999999053
