# Prediction results for GO term: GO:0055023
# Model used: Logistic Regression with L1 Penalty
# ROC AUC Score: 0.28125
# Tissues used:
Brain - Cerebellar Hemisphere
# Number of folds used for cross-validation: 5
# Range of cost parameters:
0.0001	0.000263665089873	0.000695192796178	0.00183298071083	0.00483293023857	0.012742749857	0.0335981828628	0.088586679041	0.233572146909	0.615848211066	1.62377673919	4.28133239872	11.2883789168	29.7635144163	78.4759970351	206.913808111	545.559478117	1438.44988829	3792.69019073	10000.0
# Best cost parameter (determined by CV): [ 206.91380811]
# Coefficients:
0.0	0.0	0.0	0.0	0.0	0.0	0.0	0.0	-4.35351890225	0.0	0.0	0.0	0.0	0.0	0.0	0.0	0.0	0.0	0.0	0.0	0.0	0.0	-4.26270375155	0.0	0.0	0.0	0.0	0.0	0.0	18.6165906883	0.0	-1.3511612989	0.0	0.0	0.0	0.0	0.0	0.0	0.0	1.06058174088	0.0	0.0	0.0	0.0	0.0	0.0	0.0	0.0	0.0	0.0	0.0	2.17998588511	0.0	0.0	0.0	0.0	0.0	0.0	0.0	0.0	0.0	0.0	0.0	5.07510912592	0.0	0.0	0.0	-15.8753240197	0.0	0.0	0.0	0.0	0.0	0.0	1.63972137738	0.0	0.0	0.0	0.0	0.0	0.0	0.0	0.0	-4.51917675158	-0.246433655595	0.0	0.0	0.0	0.0	0.0	0.0	6.6489474258	0.0	0.0	0.0	0.0	0.0	0.0	0.0	0.0	0.0	0.0	0.0	0.0	0.0
# Gene_ID	Label	Prediction	Decision_Func_Score	Prob_of_Pos
ENSG00000005381	0	0	-0.885559330056	0.292027075167
ENSG00000138375	0	1	14.8223025552	0.999999634611
ENSG00000121068	1	0	-20.6259337395	1.10222635814e-09
ENSG00000012124	0	0	-0.885559330056	0.292027075167
ENSG00000168214	1	0	-0.885559330056	0.292027075167
ENSG00000157168	1	0	-0.885559330056	0.292027075167
ENSG00000223638	0	0	-0.885559330056	0.292027075167
ENSG00000178568	1	0	-0.885559330056	0.292027075167
