# Prediction results for GO term: GO:0055023
# Model used: Logistic Regression with L1 Penalty
# ROC AUC Score: 0.09375
# Tissues used:
Brain - Cerebellum
# Number of folds used for cross-validation: 5
# Range of cost parameters:
0.0001	0.000263665089873	0.000695192796178	0.00183298071083	0.00483293023857	0.012742749857	0.0335981828628	0.088586679041	0.233572146909	0.615848211066	1.62377673919	4.28133239872	11.2883789168	29.7635144163	78.4759970351	206.913808111	545.559478117	1438.44988829	3792.69019073	10000.0
# Best cost parameter (determined by CV): [ 11.28837892]
# Coefficients:
0.0	0.0	0.0	0.0	0.0	0.0	0.0	0.0	-1.27350679137	0.0	0.0	0.0	0.0	0.0	0.0	0.0	0.0	0.0	0.0	0.0	0.0	0.0	0.0	0.0	0.0	0.0	0.0	0.0	0.0	0.0	0.0	0.0	4.89763916541	0.0	0.0	0.0	0.0	0.0	0.0	0.0	0.0	0.0	0.0	0.0	0.0	0.0	0.0	0.0	2.97903524841	0.0	0.0	0.0	0.0	0.0	0.0	0.0	0.0	0.0	0.0	0.0	-1.89187746052	0.0	0.0	0.0	0.0	0.0	0.0	0.0	0.0	0.0	0.0	0.0	0.0	0.0	0.0	0.0	0.0	0.0	0.0	-0.35210675374	0.0	0.0	0.0	0.0	-3.84897534918	0.0	0.0	0.0	0.0	0.0	0.0	0.0	0.0	0.0	0.0	0.0	0.0	0.0	0.0	0.0	0.0	0.0	0.0	0.0	0.0	0.0	0.0	0.0	0.0	0.0	0.0	0.0	0.0	0.0	0.0	1.98153485546	0.0	0.0	-2.05462632138	0.0	0.0	0.0	0.0	0.0	0.0
# Gene_ID	Label	Prediction	Decision_Func_Score	Prob_of_Pos
ENSG00000223638	0	1	0.0688246444588	0.51719937244
ENSG00000066468	1	0	-0.453919714125	0.388429224076
ENSG00000138375	0	1	2.27828098143	0.907062234405
ENSG00000157168	1	1	0.0688246444588	0.51719937244
ENSG00000172772	0	1	0.0688246444588	0.51719937244
ENSG00000012124	0	1	0.0688246444588	0.51719937244
ENSG00000138685	1	0	-5.96645359755	0.00255676207952
ENSG00000148400	1	0	-2.65170710577	0.0658838708716
