# Prediction results for GO term: GO:0002208
# Model used: Logistic Regression with L1 Penalty
# ROC AUC Score: 0.4375
# Tissues used:
Brain - Nucleus accumbens (basal ganglia)
# Number of folds used for cross-validation: 5
# Range of cost parameters:
0.0001	0.000263665089873	0.000695192796178	0.00183298071083	0.00483293023857	0.012742749857	0.0335981828628	0.088586679041	0.233572146909	0.615848211066	1.62377673919	4.28133239872	11.2883789168	29.7635144163	78.4759970351	206.913808111	545.559478117	1438.44988829	3792.69019073	10000.0
# Best cost parameter (determined by CV): [ 11.28837892]
# Coefficients:
0.0	0.0	0.0	0.0	0.0	0.0	0.0	0.0	0.0	0.0	0.0	0.0	0.0	0.0	0.0	0.0	0.0	0.0	0.0	0.0	0.0	0.0	0.0	0.0	0.0	0.0	0.0	0.0	0.0	0.0	0.0	0.0	0.0	0.0	0.0	0.0	0.0	0.0	0.0	0.0	0.0	0.0	0.0	0.0	0.0	-8.60953109824	0.0	3.27666863397	0.0	0.0	0.0	0.0	0.0	0.0	-0.132403960989	0.0	0.0	0.0	0.0	0.0	0.0	0.0	0.0	0.0	0.0	0.0	0.0	0.0	0.0	0.0	0.0	0.0	0.0	0.0	3.30322268727	0.0	0.0	0.0	0.0	0.0	3.07475372505	0.0	0.0	0.0	0.0	0.0	0.0	0.0	0.0	0.0	0.0	0.0	0.0	0.0	0.0	0.0	0.0	0.0	0.0	0.0	0.0	0.254145488395	0.0	0.0	0.0	0.0	0.0	0.0	0.0	0.0	0.0	0.0	0.0
# Gene_ID	Label	Prediction	Decision_Func_Score	Prob_of_Pos
ENSG00000070367	0	1	0.247427972185	0.561543336272
ENSG00000137713	0	0	-3.06945354774	0.0443849995763
ENSG00000185825	0	1	0.435349067069	0.607150250252
ENSG00000111799	0	0	-1.67040550515	0.158370121971
ENSG00000223496	1	1	4.4043152315	0.987923158556
ENSG00000144381	1	0	-0.0858198482724	0.478558196307
ENSG00000102245	1	0	-3.19092708745	0.0395085837327
ENSG00000107371	1	0	-1.89671762337	0.130480425862
