# Prediction results for GO term: GO:0002208
# Model used: Logistic Regression with L1 Penalty
# ROC AUC Score: 0.5625
# Tissues used:
Artery - Coronary
# Number of folds used for cross-validation: 5
# Range of cost parameters:
0.0001	0.000263665089873	0.000695192796178	0.00183298071083	0.00483293023857	0.012742749857	0.0335981828628	0.088586679041	0.233572146909	0.615848211066	1.62377673919	4.28133239872	11.2883789168	29.7635144163	78.4759970351	206.913808111	545.559478117	1438.44988829	3792.69019073	10000.0
# Best cost parameter (determined by CV): [ 3792.69019073]
# Coefficients:
3.9777600203	0.0	-2.48067562617	0.0	0.010570665768	0.0	-1.92348778843	0.0	0.0	-1.64931259274	1.69430320794	0.0	0.0	0.0	0.710437552689	-1.32957320439	1.37836428205	0.0	0.0	0.0	0.0	-1.95842550337	1.67373234973	-2.37578801051	-0.983552118152	0.0	-1.91118375618	2.16326226881	0.0	0.0	0.0	0.0	2.81040730324	-0.392221586223	-0.563075797357	0.0	-2.0868684355	0.0	2.60918712623	-0.989638562819	0.259889226514	0.0	-0.474955030789	0.0	-1.63127724585	0.0	1.99547001739	0.0	0.0	0.0	-0.706028431042	0.0	0.988974384339	0.0	0.0272870602974	-4.31329556937	0.0	-0.340122017527	-2.68952202094	0.0	-0.866288179596	0.0	0.0	0.0	0.0	0.0	0.0	0.0	2.43143210613	0.0	-0.942836637124	0.0	2.9243738402	0.621929289104	-1.70047445974	0.0	0.0	-0.192061151214	0.0	0.0	-0.00335450781285	0.0	0.0	3.46504896409	0.0	0.0	0.0214288773597	-2.36537825729	0.0	0.0	0.478279601008	1.2062235223	0.0	0.0	0.0	0.214470250539	0.0	0.0	0.0	-2.03463361012	0.0	0.0	0.0	0.99663285502	0.0	0.673614989361	0.0	0.0	0.423322589098	0.228896171489	3.0666374009	0.0	3.00711248993	-0.255786581452	1.71246739337	0.0	0.0	0.0	0.346640756868	-2.39317399106	0.0	0.924599784517	0.0	0.0	0.550095532516	0.0	1.05498626363	0.0	0.0	-2.59384844077	-0.594543554877	0.0	0.0
# Gene_ID	Label	Prediction	Decision_Func_Score	Prob_of_Pos
ENSG00000126602	0	0	-12.7478272266	2.90862488879e-06
ENSG00000070367	0	1	3.95437916225	0.981190031096
ENSG00000163961	1	0	-1.90609183264	0.129420551402
ENSG00000116062	1	1	4.32222206295	0.986903433026
ENSG00000107371	1	1	2.23783910135	0.903596386598
ENSG00000142789	0	0	-6.05707192315	0.00233577757926
ENSG00000112130	1	1	1.28419658498	0.783163281249
ENSG00000154582	0	1	10.3762095496	0.999968835805
