# Prediction results for GO term: GO:0003148
# Model used: Logistic Regression with L1 Penalty
# ROC AUC Score: 0.5
# Tissues used:
Esophagus - Muscularis
# Number of folds used for cross-validation: 5
# Range of cost parameters:
0.0001	0.000263665089873	0.000695192796178	0.00183298071083	0.00483293023857	0.012742749857	0.0335981828628	0.088586679041	0.233572146909	0.615848211066	1.62377673919	4.28133239872	11.2883789168	29.7635144163	78.4759970351	206.913808111	545.559478117	1438.44988829	3792.69019073	10000.0
# Best cost parameter (determined by CV): [ 545.55947812]
# Coefficients:
0.0	0.0	0.0	0.0	0.0	1.55500269988	0.0	-0.0467815676865	-1.82821055547	0.0	0.0	0.0	0.0	2.29968228183	0.0	0.0	0.0	-0.217423841664	0.0	0.0	0.0	0.0	0.0	0.0	-0.011722855945	-0.222501092583	0.0	0.0	-0.936080698388	0.0	0.0	0.0	0.0	0.0	-2.3007844305	0.0	0.0	-0.212326789251	0.0	-0.847103389849	0.134485552217	0.0	0.0	0.0	0.0	0.0	-0.0637610744761	0.0	0.0	0.0	0.0	0.0	0.0	-1.67528571109	-0.631558559649	0.0	0.0	3.02221380043	0.0	0.0	0.0	-0.169586408369	-0.159992653432	-0.503476497974	0.281956326905	0.0	0.0	0.0	0.0	0.0	0.0	-0.892116181523	0.0	0.0	-0.945256508535	0.0	0.0	0.0	-1.07513173431	0.0	-0.00386597400502	-0.698983244841	-0.534390348574	0.0	0.0	0.0	0.0	0.0	0.0	0.0	-0.0186611206846	0.0	-0.725945207496	0.0	0.0	-0.342135609693	0.0	0.0	0.0	0.0	0.0	-0.331508908321	0.0	0.0	0.0	-0.196433910844	0.0	0.0	1.54714450049	0.0	0.0	0.0	0.0	0.0	0.0	0.0	-0.641981282045	0.0	-0.43793310395	0.0	0.0	-0.475472099978	0.0	0.0	0.0	-1.29964253979	0.0	-0.110989108632	-0.778224783643	-0.318148137963	0.0	0.0	0.0	0.0	-0.757236506467	-0.00103832053775	0.0	0.0	0.0	0.724321933983	2.65871532597	0.0	0.0	0.0	0.0	-0.00522780157804	0.0	0.0	0.0	0.0	0.0	0.0	0.0	-0.563387748916	-0.605031525423	0.0	0.0	0.0	0.0	0.0	0.0	0.0	0.0	-0.042979593627	0.0	0.0	0.0	0.0	0.0	0.0	0.0	0.0	-0.0045547984034	0.0	0.0	0.0	1.81300439302	0.0	0.0	0.0	0.0	-0.04521932036	0.0	0.0	0.0	-0.219100136259	0.0	-0.639713172106	0.0	0.0	0.0	-0.359610342684	0.0	0.0	7.77849196816	0.0	-0.375337628898	0.0	0.0	0.0	-0.498279552488	0.0	-1.30248852123	0.0	-0.730848864076	-0.47679896811	0.0	-0.126034628973	0.0	0.0	0.0	0.0	0.0	-0.320265853025	0.0	0.0	0.00480341718367	0.0	-1.90189538117	0.0	0.0	0.0	0.0	0.0	0.0	-0.116995599468	0.0	1.4272341987	0.0	0.0	0.0	0.0	-0.0093151272697	0.456033100067	0.214912754715	0.0	0.0	0.0	-0.59399179706	-0.628984496897	0.0	12.7245933675	0.0	0.0	1.31315514071	0.0	0.75128664055
# Gene_ID	Label	Prediction	Decision_Func_Score	Prob_of_Pos
ENSG00000141448	1	1	5.26051643084	0.994834201644
ENSG00000164532	1	0	-3.47807396537	0.0299425728148
ENSG00000129292	0	0	-4.23568322649	0.0142635284626
ENSG00000107831	1	0	-4.7828116744	0.0083029098161
ENSG00000071462	0	1	8.24172779633	0.999736640672
ENSG00000196365	0	0	-5.28277579514	0.00505265587125
ENSG00000173950	0	0	-3.69427303128	0.0242622304878
ENSG00000184058	1	0	-4.7758828751	0.00836015615394
