# Prediction results for GO term: GO:0003148
# Model used: Logistic Regression with L1 Penalty
# ROC AUC Score: 0.8125
# Tissues used:
Lung
# Number of folds used for cross-validation: 5
# Range of cost parameters:
0.0001	0.000263665089873	0.000695192796178	0.00183298071083	0.00483293023857	0.012742749857	0.0335981828628	0.088586679041	0.233572146909	0.615848211066	1.62377673919	4.28133239872	11.2883789168	29.7635144163	78.4759970351	206.913808111	545.559478117	1438.44988829	3792.69019073	10000.0
# Best cost parameter (determined by CV): [ 78.47599704]
# Coefficients:
0.0	0.0	0.0	0.0	0.0	0.0	0.0	0.0	0.0	0.0	0.0	0.0	0.0	0.0	0.0	0.0	0.0	0.0	0.0	0.0	0.0	0.0	0.0	0.0	0.0	0.0	0.0	0.0	0.0	0.0	0.0	-0.0141228972295	0.0	0.0	0.0	0.0	0.0	0.0	0.0	0.0	0.0	0.0	0.0	0.0	0.0	0.0	0.0	0.0	0.0	0.0	0.0	0.0	-0.488902474741	0.0	0.0	-2.71144204976	0.0	-0.00512051126	0.0	0.0	0.0	0.0	0.0	0.0	0.0	0.0	0.0	0.0	0.0	0.0	0.0	0.0	0.0	0.0	0.0	-1.44205100701	0.0	0.0	0.0	0.0	0.0	0.0	0.0	0.0	0.0	0.0	0.0	0.0	0.0	0.0	0.0	0.0	0.0	0.0	0.0	0.0	0.0	0.0	0.0	0.0	0.0	0.0	0.0	-3.58208433502	0.0	0.0	0.0	0.0	0.0	0.0	0.0	0.0	0.0	0.0	0.0	0.0	0.0	0.0	0.0	0.0	0.0	0.0	0.0	0.0	0.0	0.0	0.0	0.0	0.0	0.0	0.0	0.0	0.0	0.0	0.0	0.282101415221	0.0	-4.16942264433	0.0	0.0	1.47803832047	0.0	0.0	-0.00172608024143	-0.60007703011	0.0	0.0	0.0	0.0	0.0	-1.21442528225	0.0	0.0	0.0	0.0	0.0	0.0	0.0	0.0	0.0	0.0	0.0	0.0	0.0	0.0	0.0	0.0	0.0	-1.65306839896	-1.38897468627	0.0	-0.134428033202	0.0	0.0	0.0	0.0	0.0	0.0	0.0	0.0	0.0	0.0	0.0	0.0	0.0	0.0	-1.62370001195	0.0	0.0	0.0	5.62027082174	-0.43980385022	0.391508647207	0.0	0.0	0.0	0.0	0.0	0.0	0.0	0.0	0.0	-2.29210061704	-2.60584182837	0.0	0.0	1.7545600584	0.0	0.0	0.0	0.0	0.0	0.0	0.0	0.0	0.0	0.0	0.0	0.0	6.14703287975	0.0	0.0	0.0	0.0	0.0	0.0	0.0	0.0	0.0	0.0	0.0	0.0	0.0	0.0	0.0	0.0	0.0	0.0	0.0	0.0	0.0	0.0	0.0	0.0	0.0	0.0	0.0	0.0	0.0	0.0	0.0	0.0	0.0	0.0	0.0	0.0	0.0	0.0	0.0	0.0	0.0	0.0	-2.03452358324	0.0	0.0	0.0	0.0	0.0	0.0	0.0	0.0	0.0	0.0	0.0	0.0	0.0	0.0	0.0	0.0	0.0	0.0	0.0	-0.789507113441	0.0	0.0	0.0	0.0	0.0	0.0	0.0	0.0	0.0	0.0	5.45531479558	0.0	0.0	0.0	0.0	0.0	0.0	0.0	0.0	0.0	15.253266744	0.0	0.0	0.0	0.0	0.0	0.0	-2.13507508684	0.0	0.0	0.0	0.0	0.0	0.0	0.0	0.0	0.0
# Gene_ID	Label	Prediction	Decision_Func_Score	Prob_of_Pos
ENSG00000184058	1	0	-0.958764169502	0.277125696945
ENSG00000174599	0	0	-1.61914154398	0.165323295796
ENSG00000107831	1	0	-0.439825620946	0.391782521076
ENSG00000157181	0	0	-11.8664258335	7.02220802617e-06
ENSG00000173950	0	0	-1.16751736694	0.237304024993
ENSG00000129292	0	1	1.58554908921	0.82998896929
ENSG00000141448	1	1	12.5701003412	0.999996525652
ENSG00000016082	1	0	-0.780371874414	0.314239744146
