# Prediction results for GO term: GO:0050860
# Model used: Logistic Regression with L1 Penalty
# ROC AUC Score: 0.4375
# Tissues used:
Brain - Frontal Cortex (BA9)
# Number of folds used for cross-validation: 5
# Range of cost parameters:
0.0001	0.000263665089873	0.000695192796178	0.00183298071083	0.00483293023857	0.012742749857	0.0335981828628	0.088586679041	0.233572146909	0.615848211066	1.62377673919	4.28133239872	11.2883789168	29.7635144163	78.4759970351	206.913808111	545.559478117	1438.44988829	3792.69019073	10000.0
# Best cost parameter (determined by CV): [ 0.61584821]
# Coefficients:
0.0	0.0	0.0	0.0	0.0	0.0	0.0	0.0	0.0	0.0	0.0	0.0	0.0	0.0	0.0	0.0	0.0	0.0	0.0	0.0	0.0	0.0	0.0	0.0	0.0	0.0	0.0	0.0	0.0	0.0	0.0	0.0	0.0	0.0	0.0	0.0	0.0	0.0	0.0	0.0	0.647198697631	0.0	0.0	0.0	0.0	0.0	0.0	0.0	0.0	0.0	0.0	0.0	0.0	0.0	0.0	0.0	0.0	0.0	0.0	0.189915632398	0.0	0.0	0.0	0.0	0.0	0.0	0.0	0.0	0.0	0.0	0.0	0.0	0.0	0.0	0.0	0.0	0.0	0.0	0.0	0.0	0.0	0.0	0.0	0.140284212471	0.0	0.0	0.0	0.0	0.0	0.0	0.0	0.0	0.0	0.0	0.0	0.0	0.0	0.0	0.0	0.0	0.0	0.0	0.0	0.0	0.0	0.0	0.0	0.0
# Gene_ID	Label	Prediction	Decision_Func_Score	Prob_of_Pos
ENSG00000133069	0	1	0.273083591038	0.567849764886
ENSG00000108861	1	1	1.2314940075	0.774079953549
ENSG00000198793	0	1	0.226376302875	0.556353621792
ENSG00000181481	0	0	-0.612358079769	0.351521475882
ENSG00000149177	1	1	0.0123899593372	0.50309745021
ENSG00000175354	1	0	-0.0612645058328	0.484688662297
ENSG00000165915	0	1	0.289688307166	0.571919823653
ENSG00000117228	1	1	0.180376963571	0.544972372436
