# Prediction results for GO term: GO:0050860
# Model used: Logistic Regression with L1 Penalty
# ROC AUC Score: 0.8125
# Tissues used:
Brain - Nucleus accumbens (basal ganglia)
# Number of folds used for cross-validation: 5
# Range of cost parameters:
0.0001	0.000263665089873	0.000695192796178	0.00183298071083	0.00483293023857	0.012742749857	0.0335981828628	0.088586679041	0.233572146909	0.615848211066	1.62377673919	4.28133239872	11.2883789168	29.7635144163	78.4759970351	206.913808111	545.559478117	1438.44988829	3792.69019073	10000.0
# Best cost parameter (determined by CV): [ 4.2813324]
# Coefficients:
0.0	0.0	0.0	0.0	0.0	0.727669549283	0.0	0.0	0.0	0.0	0.0	0.0	0.0	0.0	0.0	0.0	0.0	0.0	0.0	0.0	0.0	0.0	0.0	0.0	0.0	-2.49898913392	0.0	0.0	0.0	0.0	0.0	0.0	0.0	0.0	0.0	0.0	0.0	0.0	-0.755894944465	0.0	0.0	0.0	0.0	0.0	0.0	0.0	0.0	0.0	0.0	0.0	0.0	0.0	0.0	0.0	0.0	0.0	0.0	0.0	0.0	0.0	0.499939223503	0.999337010366	0.0	0.0	0.0	0.0	0.0	0.0	0.0	0.0	0.0	0.0	0.0	0.0	0.0	0.0	0.0	0.0	0.0	0.0	0.0	0.0	0.0	0.0	2.4294966913	0.0	0.0	0.0	0.0	0.0	0.0	0.0	0.0	0.0	0.0	0.0	0.0	0.0	0.0	0.0	0.0	0.0	0.0	0.0	0.0	0.0	0.0	0.0	0.0	0.0	0.0	0.0	0.0
# Gene_ID	Label	Prediction	Decision_Func_Score	Prob_of_Pos
ENSG00000182359	0	0	-0.277500799857	0.431066594467
ENSG00000181481	0	0	-0.0844735687759	0.478894156875
ENSG00000171302	0	0	-1.51034078123	0.180888294883
ENSG00000092820	1	1	2.77185600073	0.941135891576
ENSG00000131981	1	1	3.31196207938	0.964836908318
ENSG00000172000	0	0	-1.51034078123	0.180888294883
ENSG00000175354	1	1	0.652832997582	0.657648587933
ENSG00000134242	1	0	-1.51034078123	0.180888294883
