# Prediction results for GO term: GO:0050860
# Model used: Logistic Regression with L1 Penalty
# ROC AUC Score: 0.53125
# Tissues used:
Brain - Cerebellum
# Number of folds used for cross-validation: 5
# Range of cost parameters:
0.0001	0.000263665089873	0.000695192796178	0.00183298071083	0.00483293023857	0.012742749857	0.0335981828628	0.088586679041	0.233572146909	0.615848211066	1.62377673919	4.28133239872	11.2883789168	29.7635144163	78.4759970351	206.913808111	545.559478117	1438.44988829	3792.69019073	10000.0
# Best cost parameter (determined by CV): [ 206.91380811]
# Coefficients:
0.0	0.0	0.0	0.0	-3.59863885978	0.0	0.0	0.0	0.0	0.0	0.0	0.0	0.0	-3.19059860928	0.0	0.0	4.23199812721	0.0	0.0	0.0	8.47726452324	4.93218099199	0.0	0.0	0.0	0.0	0.0	6.69301009986	0.0	0.0	0.0	0.0	0.0	0.0	0.0	0.0	0.0	0.0	0.0	0.0	0.0	0.0	0.0	0.0	0.0	0.0	0.0	0.0	0.0	0.99645506343	-3.87745395078	0.0	0.0	0.0	0.0	0.0	0.0	0.0	0.0	0.0	0.0	0.0	0.0	0.0	0.0	0.0	0.0	0.0	0.0	0.0	0.0	0.0	0.868532160534	0.0	0.0	0.0	0.0	0.0	0.0	0.0	0.0	0.0	0.0	0.0	0.0	0.0	0.0	0.0	-0.564453512253	0.0	0.0	-4.3219703795	0.0	0.269557384644	0.0	0.0	0.0	0.0	0.0	0.0	0.0	0.0	0.0	0.0	0.0	0.0	0.0	0.0	0.0	0.0	0.0	0.0	0.0	0.0	0.0	0.0	0.0	0.0	-1.51992457621	-3.98632915179	0.0	0.0	0.0	0.0	0.0
# Gene_ID	Label	Prediction	Decision_Func_Score	Prob_of_Pos
ENSG00000117228	1	1	4.29807916419	0.986587688606
ENSG00000165915	0	1	3.82047379488	0.978552656239
ENSG00000108861	1	1	7.52738034451	0.999462143276
ENSG00000172000	0	0	-6.60939657205	0.00134583140772
ENSG00000134242	1	0	-6.92079828377	0.000986068395972
ENSG00000079385	1	0	-6.30937370689	0.00181586883938
ENSG00000133069	0	1	4.89248697155	0.992553131765
ENSG00000140368	0	0	-6.30937370689	0.00181586883938
