# Prediction results for GO term: GO:0070229
# Model used: Logistic Regression with L1 Penalty
# ROC AUC Score: 0.325
# Tissues used:
Brain - Caudate (basal ganglia)
# Number of folds used for cross-validation: 5
# Range of cost parameters:
0.0001	0.000263665089873	0.000695192796178	0.00183298071083	0.00483293023857	0.012742749857	0.0335981828628	0.088586679041	0.233572146909	0.615848211066	1.62377673919	4.28133239872	11.2883789168	29.7635144163	78.4759970351	206.913808111	545.559478117	1438.44988829	3792.69019073	10000.0
# Best cost parameter (determined by CV): [ 545.55947812]
# Coefficients:
0.0	0.0	0.0	0.0	0.0	0.0	7.08433571675	0.0	0.0	-2.64066754346	0.0	2.46634004905	0.0	0.0	0.0	0.0	0.0	0.0	0.0	0.0	0.0	0.0	-17.3722707397	3.62194061564	0.0	-0.424764472549	0.0	0.0	0.0	5.72939847427	0.0	0.0	0.0	0.0	5.30823003791	0.0	0.0	0.0	0.0	0.0	0.0	0.0	0.0	0.0	-8.60974517081	0.0	0.0	0.0	0.0	0.0	0.0	0.0	0.0	0.0	0.0	0.0	0.0	0.0	0.0	0.0	-4.95796180536	0.0	0.0	0.0	0.0	0.876584237515	0.0	0.0	0.0	0.0	0.0	0.0	0.0	0.0	0.0	0.0	0.0	0.0	0.0	0.0	0.0	0.0	-2.65912775935	0.0	0.0	0.0	0.0	0.0	0.0	-1.7599574389	0.0	-2.70895584143	0.0	-1.39412441029	0.630738473396	0.0	0.0	4.0011453497	0.0	0.0	0.0	0.0	5.78900693178	0.0	0.0	0.0	-5.02186020856	0.0	0.0	0.0	0.0	7.02063059499	1.6093647197	0.0	0.0	0.0	0.0
# Gene_ID	Label	Prediction	Decision_Func_Score	Prob_of_Pos
ENSG00000123569	0	1	0.121496378147	0.530336786005
ENSG00000033867	0	1	1.08178441422	0.746831518608
ENSG00000158669	0	1	13.7995690532	0.999998983932
ENSG00000188976	1	0	-5.61051824232	0.00364583180064
ENSG00000143365	1	0	-0.213256293409	0.446887064506
ENSG00000142867	1	1	0.636579027231	0.653979736177
ENSG00000172340	0	1	7.19321962672	0.999248899437
ENSG00000105639	1	1	23.9635592835	0.999999999961
ENSG00000109471	1	1	1.08178441422	0.746831518608
