# Prediction results for GO term: GO:0070229
# Model used: Logistic Regression with L1 Penalty
# ROC AUC Score: 0.65
# Tissues used:
Stomach
# Number of folds used for cross-validation: 5
# Range of cost parameters:
0.0001	0.000263665089873	0.000695192796178	0.00183298071083	0.00483293023857	0.012742749857	0.0335981828628	0.088586679041	0.233572146909	0.615848211066	1.62377673919	4.28133239872	11.2883789168	29.7635144163	78.4759970351	206.913808111	545.559478117	1438.44988829	3792.69019073	10000.0
# Best cost parameter (determined by CV): [ 4.2813324]
# Coefficients:
0.0	0.0	0.0	0.0	0.0	0.0	0.844972605325	0.0	0.0	0.0	0.0	0.0	0.0	0.0	0.0	0.0	0.0	0.0	0.0	0.0	0.0	0.0	0.0	0.0	0.0	0.0	0.0	0.0	0.0	0.0	0.0	0.0	0.0	0.0	0.0	0.0	0.0	0.0	0.0	0.0	0.0	0.0	0.0	0.0	0.0	0.0	0.0	0.0	0.0	0.0	0.0	0.0	0.0	0.0	0.0	0.0	0.0	0.0	0.0	0.0	0.0	0.0	0.0	0.0	0.0	0.0	0.0	0.0	-2.12103109336	0.0	0.0	0.0	0.0	0.0	0.0	0.0	0.0	0.0	0.0	0.0	0.0	0.0	0.0	0.0	0.0	0.0	0.0	0.0	0.0	0.0	1.79262975742	0.0	0.0	0.0	0.0	0.0	0.0	0.0	0.0	0.0	0.0	0.0	0.0	0.0	0.0	0.0	0.0	0.0	0.0	0.0	0.0	0.0	0.0	0.0	0.0	0.0	0.0	0.0	0.0	0.0	0.0	0.0	0.0	0.0	-1.97467442636	0.0	0.0	0.0	0.0	0.0	0.0	0.0	0.0	0.0	-0.624339356939	0.0	0.0	0.0	0.0	0.0	0.0	0.902786254993	0.0	0.0	0.0	0.0	0.0	0.0	0.0	0.0	0.0	0.0	0.0	0.0	0.0	0.0	0.0	0.0	0.0	0.0	0.0	0.0	0.0	0.0	0.0	0.0	0.0	0.0	0.0	0.0	1.73033852573	0.0	0.0	0.0	0.0	0.0	0.0	0.0	0.0	0.0	0.0	0.0	0.0	0.0	0.0	0.0	0.0	0.0	0.0	0.0	0.0	0.0	0.0
# Gene_ID	Label	Prediction	Decision_Func_Score	Prob_of_Pos
ENSG00000177963	0	1	0.926724976361	0.716410382094
ENSG00000143365	1	0	-0.668075656765	0.338927867265
ENSG00000106771	0	1	0.558214903701	0.63603940292
ENSG00000113916	1	0	-0.604068699307	0.353413392103
ENSG00000214530	0	0	-9.12237759353	0.000109182825538
ENSG00000105639	1	1	3.60923974664	0.973641176229
ENSG00000188770	0	0	-0.604068699307	0.353413392103
ENSG00000168040	1	1	1.48827879013	0.81581978784
ENSG00000123569	0	0	-0.604068699307	0.353413392103
