# Prediction results for GO term: GO:0042310
# Model used: Logistic Regression with L1 Penalty
# ROC AUC Score: 0.5625
# Tissues used:
Spleen
# Number of folds used for cross-validation: 5
# Range of cost parameters:
0.0001	0.000263665089873	0.000695192796178	0.00183298071083	0.00483293023857	0.012742749857	0.0335981828628	0.088586679041	0.233572146909	0.615848211066	1.62377673919	4.28133239872	11.2883789168	29.7635144163	78.4759970351	206.913808111	545.559478117	1438.44988829	3792.69019073	10000.0
# Best cost parameter (determined by CV): [ 0.61584821]
# Coefficients:
0.0	0.0	0.0	0.0	0.0	0.0	0.0	0.0	0.0	0.0	0.0	0.0	0.0	0.0	0.0	0.0	0.0	0.0	0.0	0.0	0.0	0.0	0.0	0.0	0.0	0.0	0.0	0.0	0.0	0.0	0.0	0.0	0.0	0.0	0.0	0.0	0.0	0.0	0.0	0.0	0.504141415487	0.0	0.0	0.0	0.0	0.0	0.0	0.0	0.0	0.0	0.0	0.0	0.0	0.0	0.0	0.0	0.0	0.0	0.0	0.0	0.0	0.0	0.0	0.0	0.0	0.0	0.0	0.0	0.0	0.0	0.0	0.0	0.0	0.0	0.0	0.0	0.0	0.0	0.0	0.0	0.0	0.0	0.0	0.0	0.0	0.0	0.0	0.0	0.0	0.0	0.0	0.0	0.0	0.0	0.0	0.0	0.0	0.0	0.0	0.0	0.0	0.0	0.0	0.0
# Gene_ID	Label	Prediction	Decision_Func_Score	Prob_of_Pos
ENSG00000136160	1	1	0.793376210229	0.688555808266
ENSG00000112335	0	1	0.450457926627	0.61074810459
ENSG00000151617	1	1	0.0319460584476	0.507985835461
ENSG00000111554	0	1	0.207073560302	0.551584196466
ENSG00000145217	0	0	-0.462689790208	0.386347925154
ENSG00000124205	1	0	-0.328054966332	0.418713954934
ENSG00000183023	1	0	-0.462689790208	0.386347925154
ENSG00000140600	0	0	-0.462689790208	0.386347925154
