# Prediction results for GO term: GO:0042310
# Model used: Logistic Regression with L1 Penalty
# ROC AUC Score: 0.6875
# Tissues used:
Brain - Cerebellar Hemisphere
# Number of folds used for cross-validation: 5
# Range of cost parameters:
0.0001	0.000263665089873	0.000695192796178	0.00183298071083	0.00483293023857	0.012742749857	0.0335981828628	0.088586679041	0.233572146909	0.615848211066	1.62377673919	4.28133239872	11.2883789168	29.7635144163	78.4759970351	206.913808111	545.559478117	1438.44988829	3792.69019073	10000.0
# Best cost parameter (determined by CV): [ 4.2813324]
# Coefficients:
0.0	0.0	0.0	0.0	0.0	0.0	0.0	0.0	0.0	0.0	0.0	0.0	0.0	0.0	0.0	0.0	0.0	0.0	0.0	0.0	0.0	0.0	0.0	0.0	0.0	0.0	0.0	0.0	0.0	0.0	0.0	0.0	0.0	0.0	0.0	0.0	0.0	0.0	0.0	0.0	0.0	0.0	0.0	0.0	0.0	0.0	0.0	0.0	0.0	0.0	0.0	0.0	0.0	0.0	0.0	0.952728383383	0.0	0.0	0.0	0.0	0.0	0.0	0.0	0.0	0.0	0.0	0.0	0.0	0.0	0.0	0.0	0.0	0.0	0.0	0.0	0.0	-1.96479070948	0.393670871981	0.0	0.0	2.40091009791	0.434869574783	0.0	0.26801619058	0.0	0.0	0.0	0.0	0.0	0.0	0.0	0.0	0.0	0.0	-2.15957831275	0.0	0.0	0.0	0.0	0.0	0.0	0.0	0.0	0.0	0.0
# Gene_ID	Label	Prediction	Decision_Func_Score	Prob_of_Pos
ENSG00000151617	1	1	1.005716816	0.732181087076
ENSG00000124205	1	1	0.263241688448	0.565433002993
ENSG00000136160	1	1	3.12493842653	0.957909789597
ENSG00000112335	0	0	-4.4530422316	0.0115090906519
ENSG00000111554	0	1	0.482293558894	0.618289318843
ENSG00000163995	0	1	0.689658011113	0.665890845303
ENSG00000184672	0	1	2.42764542655	0.918911258575
ENSG00000078401	1	1	1.11078520443	0.752275468834
