# Prediction results for GO term: GO:0045190
# Model used: Logistic Regression with L1 Penalty
# ROC AUC Score: 0.75
# Tissues used:
Brain - Frontal Cortex (BA9)
# Number of folds used for cross-validation: 5
# Range of cost parameters:
0.0001	0.000263665089873	0.000695192796178	0.00183298071083	0.00483293023857	0.012742749857	0.0335981828628	0.088586679041	0.233572146909	0.615848211066	1.62377673919	4.28133239872	11.2883789168	29.7635144163	78.4759970351	206.913808111	545.559478117	1438.44988829	3792.69019073	10000.0
# Best cost parameter (determined by CV): [ 29.76351442]
# Coefficients:
0.0	0.0	0.0	0.0	0.0	0.0	0.0	0.0	0.0	0.0	0.0	0.0	0.0	0.0	0.0	0.0	0.0	0.0	0.0	0.0	0.163030658849	0.0	0.0	0.0	0.0	0.0	0.0	0.0	0.0	0.0	0.0	0.0	0.0	0.0	0.0	0.0	0.0	0.0	0.0	0.0	0.0	0.0	0.0	0.0	-0.719150349714	0.0	0.0	0.0	0.0	0.0	0.0	0.43609199569	0.0	0.0	-0.740536092987	0.0	0.0	0.0	0.0	0.0	0.0	0.0	0.0	0.0	0.0	0.0	0.0	0.0	0.0	0.0	0.0	0.0	0.0	0.0	0.0	0.0	0.0	0.0	0.0	0.0	0.0	0.0	0.0	0.0	0.0	0.40035589493	0.0	0.0	0.0	0.0	8.05321913776	0.0	0.0	0.0	0.957827869433	0.0	0.0	0.0	0.0	0.0	0.0	0.0	0.0	0.0	0.0	0.0	0.0	0.0
# Gene_ID	Label	Prediction	Decision_Func_Score	Prob_of_Pos
ENSG00000056487	0	0	-5.28330637392	0.00504998928494
ENSG00000177051	0	1	6.98569418292	0.999075833933
ENSG00000116062	1	1	14.4135772852	0.999999450127
ENSG00000144381	1	1	24.8902316779	0.999999999985
ENSG00000102245	1	0	-6.14593979296	0.00213758270917
ENSG00000160741	0	1	5.50964288041	0.995968764054
ENSG00000213420	0	0	-3.65923055641	0.0251057877804
ENSG00000163961	1	1	8.67929856372	0.9998299586
