# Prediction results for GO term: GO:0010831
# Model used: Logistic Regression with L1 Penalty
# ROC AUC Score: 0.4375
# Tissues used:
Skin - Not Sun Exposed (Suprapubic)
# Number of folds used for cross-validation: 5
# Range of cost parameters:
0.0001	0.000263665089873	0.000695192796178	0.00183298071083	0.00483293023857	0.012742749857	0.0335981828628	0.088586679041	0.233572146909	0.615848211066	1.62377673919	4.28133239872	11.2883789168	29.7635144163	78.4759970351	206.913808111	545.559478117	1438.44988829	3792.69019073	10000.0
# Best cost parameter (determined by CV): [ 1438.44988829]
# Coefficients:
0.0	0.482160762629	0.0	0.0	0.0	0.0	0.0	0.0	0.0	0.0	0.0	-0.0688861570956	0.0	1.735779779	0.153763878512	0.0	2.51735974169	0.0	-0.682246308373	0.0	0.0	0.0	0.0	3.71290414604	-8.02671069736	0.0	0.0	1.78750710653	-6.08358665959	-3.27009726997	2.40857968463	0.0	0.0	0.0	-2.37394334664	0.0	0.723904115459	0.0	0.0	0.0	0.0	0.0	1.59138969436	0.0	0.0	0.0	0.421877413523	0.0	2.21785603595	-4.15001699209	3.48768420214	0.0	0.0	0.0	0.0	0.0	0.0	0.0	0.0	0.0	0.0	0.0	0.0	0.0	0.0	0.82358772466	0.0	-14.3425484389	0.00100654535891	2.22003126652	0.0	1.18853360182	2.90422447016	-2.77151091907	0.593018949401	0.0	0.588756816329	0.0	0.0	0.0	1.66833743247	0.0	0.121405176076	0.834740983547	0.0	0.0	0.0	0.0	-5.69661130683	0.0	2.2701074782	0.0	0.0	0.0	-0.0126902240856	0.535957249931	0.0	1.29285866197	0.0	1.06754642353	0.0	-0.309940354224	0.0	0.0	-3.3166544735	0.0	0.0	0.0	0.0	0.0	-0.604092001057	0.0	0.0	0.0	0.0	0.0	0.0	0.0	0.0	0.0	0.0	0.0	0.0	-0.214894303369	0.0	0.0	0.0	0.0	0.0	0.0	5.37659435601	0.0	0.0	1.76187889735	-2.74012922665	1.91660995485	0.0	0.265243811997	0.00506541415506	0.0	0.0	0.0	0.0	1.88577891714	0.0	0.0	-4.71045687389	0.0	0.0	-3.46958508502	-1.35490928733	0.0	0.86942604448	0.0	0.0	2.43740698226	0.0	0.326122666283	-7.23026400355	2.47238667136	0.0	0.962070024068	0.0	0.305536743102	0.0	0.0	0.692128082709	0.0	0.0	0.716076921495	1.45942767778	1.64647142144	0.0	0.0	0.0	0.0	0.0	-19.1591407062	0.0	0.0	6.6350861693	0.0	0.0	0.0	0.0	0.0	1.32044035808	0.0	0.0	0.0	1.44320539629	0.0	0.0	0.0	1.66114639328	0.0	0.0	0.0	0.627032660931	0.0	0.0	0.0	2.67386509518	0.239350057997	0.0	0.0	2.07731299658	0.0	0.0574291537263	0.0	0.0	-4.37823291421	0.0	0.0	0.0	1.65444743301	0.0	0.0	3.10143636557	0.00366567503246	3.78381536151	-7.78796760187	0.0	0.0784881668089	4.90498821844	0.0	0.0	0.0	2.172825477	0.0	0.0	0.0	1.63245782334	0.0	0.0	0.864172569464	0.0	0.0	0.0	0.0	0.0	-0.648412513812	2.16117741978	0.0	0.0	0.0	2.10423414509	0.641395840738	0.0	0.0
# Gene_ID	Label	Prediction	Decision_Func_Score	Prob_of_Pos
ENSG00000172489	0	1	5.24450208067	0.99475124649
ENSG00000143119	1	1	16.231876782	0.999999910755
ENSG00000111364	0	1	4.2768066519	0.98630326847
ENSG00000157227	1	0	-3.8287511761	0.021274309825
ENSG00000126524	0	0	-10.1083179974	4.0737613169e-05
ENSG00000083454	0	1	5.24450208067	0.99475124649
ENSG00000161021	1	0	-6.49647104863	0.00150648121958
ENSG00000112062	1	0	-5.30503337379	0.00494198793011
