# Prediction results for GO term: GO:0010831
# Model used: Logistic Regression with L1 Penalty
# ROC AUC Score: 0.6875
# Tissues used:
Heart - Left Ventricle
# Number of folds used for cross-validation: 5
# Range of cost parameters:
0.0001	0.000263665089873	0.000695192796178	0.00183298071083	0.00483293023857	0.012742749857	0.0335981828628	0.088586679041	0.233572146909	0.615848211066	1.62377673919	4.28133239872	11.2883789168	29.7635144163	78.4759970351	206.913808111	545.559478117	1438.44988829	3792.69019073	10000.0
# Best cost parameter (determined by CV): [ 10000.]
# Coefficients:
0.528486069163	0.0	-5.03720749366	0.730155828763	-7.87811674164	0.238016657151	0.0	0.854934316494	-4.69365235662	0.916580796818	0.0297804622746	0.0	0.963457113412	1.77809481001	0.0	0.0	0.0	2.62461662368	0.0	0.344536026143	0.0	0.0	1.66314195421	0.0	0.505489055258	1.06493073362	-3.02567518619	3.64063974398	-0.0472363618792	0.742886031528	-1.81972427438	0.820881459551	0.0	1.74417525167	1.06862750578	-2.917173357	1.0647733768	-8.1956082897	-0.308188855498	0.0	0.0	0.194957626584	-2.24290290961	-7.94914963608	0.0	0.0752702209227	0.0	-3.45222885733	1.46149970301	0.573316087093	0.616960703166	-1.26008885384	0.0	0.00683136879767	0.425151904022	0.661955628866	-0.428409245605	0.00291687051106	0.0	1.03234699341	0.0	-0.699386454685	1.65165052997	0.0	1.85193084793	0.0	0.464765467396	-0.432839585854	0.760851431067	0.653175083812	0.0	-2.41112358348	0.0	0.0	0.0	1.2617203587	4.01164354779	0.0	-0.892320179968	2.91855507124	1.80113025806	-4.33090691839	2.15455415737	0.0	0.0	0.0	0.0	2.63141795783	-0.189319334346	1.67408743582	2.48892965508	0.0	1.97956158928	0.0	1.61727989949	0.00922202066905	1.59320435843	0.00362445651619	0.0	0.0	0.0	0.71999172178	-5.82222616385	-1.65003505965	2.07608208	-0.24463107884	2.11211967476	3.07846991297	0.0	1.12149194507	0.0	0.0	2.12726279866	0.867045266969	-0.510672529063	1.23706303338	1.98484746018	0.0	1.69267229837	3.47340118377	2.06434858927	2.43277476699	1.61664367642	0.0	0.0	0.0	0.0	-1.15279613624	3.53893185446	1.47723854933	-0.512973185071	2.50041020468	-2.20077073533	0.0	1.24900559734	-4.4550086902	0.233491024414	1.4892692255	0.225649289373	1.37165445105	0.923278183611	-1.53022790396	-10.6104610156	-2.93575619003	0.0	0.0	-0.367459784915	0.0	0.0	1.25505828121	0.0	1.22485088405	0.0	1.44480536641	0.248267082589	0.0	0.0	0.0184684845281	0.0	0.0	0.0	0.0	-2.86805999175	0.0	1.43396570648	2.41328286589	0.0	0.235791629367	-6.02882624138	-5.6903875241	0.616608156445	0.0	0.0	1.61202979585	-0.387605019557	0.473196618538	0.0	0.0	0.410571149073	0.0	0.0	0.917603429744	2.59094665119	0.0	0.0	0.86325465451	0.0	0.0	-4.07315750463	0.0751537608852	0.0	0.0	2.4569649368	0.123758246034	0.582795480432	1.81582874075	1.05936676789	-5.79064554918	-4.64108711874	0.0	1.0948718553	-0.257303763881	-0.870166295175	0.168674743917	1.18174445812	-1.78427435114	0.481666982374	0.0	-2.61384493889	0.0	1.1924136331	1.37907386042	0.659969477538	0.0	1.63030499407	0.0	2.23819591174	-2.26770643908
# Gene_ID	Label	Prediction	Decision_Func_Score	Prob_of_Pos
ENSG00000129152	1	1	7.33986970959	0.999351286012
ENSG00000110047	1	1	5.98511459625	0.997490388609
ENSG00000172489	0	1	6.9845188052	0.999074748056
ENSG00000157227	1	1	4.98050424791	0.993176285792
ENSG00000115593	1	1	13.6886568663	0.99999886475
ENSG00000089692	0	1	5.17249583529	0.994361573365
ENSG00000083454	0	1	0.933608474606	0.717806792969
ENSG00000107872	0	1	6.96673453238	0.999058161569
